#   N_BLOCK:  ACCEPTANCE:
           1    0.533813
           2    0.534882
           3    0.533523
           4    0.533495
           5    0.533116
           6    0.533196
           7    0.533722
           8    0.534067
           9    0.534135
          10     0.53428
          11    0.534404
          12     0.53417
          13    0.534094
          14    0.533926
          15    0.534065
          16    0.534117
          17    0.534039
          18    0.534192
          19    0.534014
          20    0.533895
          21    0.533855
          22    0.533915
          23    0.534011
          24    0.534031
          25     0.53393
          26    0.533915
          27    0.533965
          28    0.533922
          29    0.533854
          30    0.533865
          31    0.533823
          32    0.533768
          33    0.533777
          34    0.533733
          35     0.53373
          36    0.533709
          37    0.533714
          38    0.533755
          39     0.53374
          40    0.533724
          41    0.533649
          42    0.533717
          43    0.533717
          44    0.533601
          45    0.533578
          46    0.533611
          47    0.533694
          48    0.533725
          49    0.533743
          50    0.533642
          51    0.533631
          52    0.533597
          53    0.533631
          54    0.533673
          55    0.533585
          56    0.533535
          57    0.533533
          58    0.533543
          59    0.533531
          60    0.533505
          61    0.533479
          62     0.53346
          63    0.533498
          64    0.533517
          65    0.533545
          66    0.533529
          67    0.533532
          68    0.533565
          69    0.533598
          70     0.53357
          71      0.5336
          72    0.533583
          73    0.533608
          74    0.533582
          75    0.533593
          76    0.533602
          77    0.533595
          78    0.533608
          79    0.533567
          80    0.533553
          81     0.53354
          82    0.533548
          83    0.533549
          84    0.533576
          85    0.533568
          86    0.533562
          87    0.533564
          88    0.533561
          89    0.533567
          90    0.533559
          91    0.533502
          92    0.533508
          93    0.533514
          94    0.533482
          95    0.533477
          96    0.533497
          97    0.533472
          98    0.533477
          99    0.533476
         100    0.533455
           1    0.533237
           2    0.533137
           3    0.533072
           4    0.532966
           5    0.532861
           6    0.532753
           7     0.53266
           8    0.532578
           9    0.532479
          10     0.53242
          11    0.532375
          12    0.532254
          13    0.532196
          14    0.532117
          15    0.532019
          16    0.531953
          17    0.531874
          18    0.531824
          19    0.531747
          20     0.53168
          21    0.531606
          22    0.531534
          23    0.531478
          24    0.531446
          25    0.531384
          26     0.53132
          27    0.531288
          28    0.531222
          29    0.531134
          30     0.53109
          31    0.531044
          32    0.531007
          33    0.530954
          34    0.530927
          35    0.530857
          36    0.530801
          37     0.53074
          38    0.530695
          39    0.530634
          40     0.53058
          41     0.53052
          42    0.530475
          43    0.530432
          44    0.530389
          45    0.530351
          46    0.530316
          47    0.530275
          48    0.530228
          49    0.530175
          50    0.530139
          51    0.530088
          52    0.530039
          53        0.53
          54    0.529964
          55    0.529915
          56    0.529875
          57     0.52984
          58      0.5298
          59    0.529766
          60    0.529735
          61    0.529704
          62    0.529665
          63    0.529631
          64    0.529588
          65    0.529555
          66    0.529513
          67    0.529498
          68    0.529454
          69    0.529413
          70    0.529377
          71    0.529324
          72     0.52929
          73    0.529254
          74    0.529209
          75     0.52916
          76    0.529099
          77    0.529075
          78    0.529043
          79    0.529011
          80    0.528975
          81    0.528945
          82    0.528907
          83    0.528872
          84    0.528837
          85    0.528818
          86    0.528788
          87    0.528753
          88     0.52873
          89    0.528709
          90    0.528689
          91     0.52867
          92    0.528657
          93    0.528635
          94    0.528616
          95    0.528569
          96    0.528546
          97    0.528517
          98    0.528479
          99    0.528443
         100    0.528412
           1    0.528254
           2    0.528164
           3    0.528079
           4    0.527987
           5    0.527912
           6    0.527857
           7    0.527782
           8    0.527709
           9    0.527645
          10    0.527568
          11    0.527511
          12     0.52745
          13    0.527375
          14    0.527303
          15     0.52723
          16    0.527175
          17    0.527122
          18    0.527042
          19    0.526977
          20    0.526901
          21    0.526843
          22    0.526776
          23    0.526703
          24    0.526638
          25    0.526588
          26    0.526535
          27    0.526471
          28    0.526418
          29    0.526371
          30    0.526306
          31    0.526257
          32      0.5262
          33    0.526133
          34    0.526076
          35    0.526026
          36    0.525993
          37    0.525941
          38    0.525877
          39    0.525832
          40    0.525788
          41    0.525722
          42    0.525681
          43    0.525632
          44    0.525589
          45    0.525543
          46     0.52549
          47    0.525447
          48    0.525393
          49    0.525354
          50    0.525291
          51    0.525243
          52    0.525198
          53    0.525146
          54    0.525107
          55    0.525054
          56    0.524995
          57    0.524948
          58    0.524893
          59    0.524832
          60    0.524793
          61    0.524759
          62    0.524697
          63    0.524656
          64     0.52462
          65    0.524578
          66    0.524543
          67    0.524514
          68    0.524479
          69    0.524442
          70    0.524398
          71    0.524362
          72    0.524321
          73    0.524265
          74    0.524235
          75    0.524183
          76    0.524141
          77    0.524108
          78    0.524071
          79    0.524035
          80     0.52399
          81    0.523956
          82    0.523909
          83    0.523862
          84    0.523825
          85    0.523784
          86    0.523753
          87    0.523713
          88    0.523689
          89    0.523659
          90    0.523608
          91    0.523565
          92    0.523525
          93    0.523484
          94    0.523463
          95    0.523421
          96    0.523381
          97    0.523352
          98    0.523322
          99    0.523292
         100    0.523256
           1    0.523112
           2     0.52303
           3    0.522963
           4    0.522902
           5    0.522837
           6    0.522778
           7     0.52271
           8    0.522642
           9    0.522578
          10    0.522509
          11    0.522447
          12    0.522393
          13    0.522322
          14    0.522259
          15    0.522198
          16    0.522134
          17    0.522076
          18    0.522005
          19    0.521933
          20     0.52187
          21    0.521802
          22    0.521739
          23    0.521668
          24    0.521604
          25    0.521552
          26    0.521487
          27    0.521428
          28    0.521366
          29    0.521312
          30    0.521251
          31    0.521195
          32    0.521135
          33    0.521092
          34    0.521038
          35    0.520981
          36    0.520924
          37    0.520857
          38    0.520808
          39    0.520755
          40    0.520692
          41    0.520622
          42    0.520573
          43    0.520521
          44    0.520462
          45    0.520411
          46    0.520357
          47    0.520306
          48    0.520251
          49    0.520199
          50    0.520145
          51    0.520097
          52    0.520066
          53    0.520014
          54    0.519977
          55    0.519926
          56    0.519876
          57    0.519825
          58    0.519773
          59    0.519718
          60    0.519662
          61    0.519606
          62    0.519554
          63    0.519511
          64    0.519459
          65    0.519412
          66    0.519377
          67    0.519327
          68    0.519294
          69    0.519251
          70    0.519189
          71    0.519152
          72    0.519111
          73    0.519082
          74    0.519026
          75    0.518992
          76    0.518948
          77    0.518902
          78    0.518858
          79    0.518812
          80    0.518768
          81     0.51872
          82    0.518678
          83    0.518625
          84     0.51858
          85    0.518541
          86    0.518495
          87    0.518447
          88    0.518406
          89    0.518375
          90    0.518334
          91    0.518297
          92    0.518262
          93    0.518212
          94     0.51817
          95    0.518128
          96    0.518086
          97    0.518044
          98    0.518007
          99    0.517974
         100    0.517941
           1    0.517807
           2    0.517737
           3    0.517668
           4    0.517601
           5    0.517542
           6    0.517473
           7    0.517416
           8    0.517356
           9     0.51729
          10    0.517226
          11    0.517167
          12    0.517096
          13    0.517024
          14    0.516961
          15    0.516901
          16    0.516842
          17    0.516781
          18    0.516716
          19    0.516649
          20    0.516593
          21    0.516529
          22    0.516462
          23    0.516396
          24    0.516331
          25    0.516273
          26    0.516205
          27    0.516139
          28    0.516075
          29     0.51601
          30    0.515949
          31    0.515891
          32    0.515832
          33    0.515775
          34    0.515725
          35     0.51567
          36    0.515621
          37     0.51556
          38    0.515504
          39    0.515443
          40    0.515386
          41    0.515337
          42     0.51528
          43    0.515217
          44    0.515162
          45    0.515102
          46    0.515049
          47    0.514998
          48    0.514942
          49    0.514887
          50    0.514839
          51    0.514785
          52    0.514727
          53    0.514673
          54    0.514618
          55    0.514576
          56    0.514516
          57    0.514472
          58    0.514427
          59    0.514373
          60    0.514334
          61    0.514287
          62    0.514242
          63    0.514197
          64    0.514141
          65    0.514089
          66    0.514033
          67    0.513982
          68    0.513934
          69    0.513887
          70    0.513834
          71    0.513787
          72    0.513735
          73    0.513688
          74    0.513643
          75    0.513591
          76    0.513543
          77    0.513494
          78    0.513445
          79    0.513398
          80    0.513355
          81    0.513304
          82    0.513257
          83    0.513211
          84    0.513169
          85    0.513122
          86    0.513078
          87    0.513042
          88    0.512997
          89    0.512951
          90     0.51291
          91     0.51287
          92    0.512822
          93     0.51278
          94    0.512729
          95    0.512693
          96    0.512651
          97    0.512611
          98    0.512573
          99    0.512527
         100    0.512487
           1    0.512357
           2    0.512289
           3    0.512226
           4    0.512155
           5    0.512091
           6    0.512028
           7    0.511964
           8    0.511901
           9    0.511841
          10    0.511787
          11    0.511722
          12    0.511658
          13    0.511604
          14    0.511553
          15    0.511493
          16    0.511436
          17    0.511382
          18    0.511315
          19    0.511253
          20    0.511192
          21    0.511131
          22    0.511073
          23    0.511017
          24     0.51096
          25    0.510902
          26    0.510842
          27    0.510788
          28    0.510735
          29    0.510681
          30    0.510619
          31    0.510563
          32    0.510506
          33    0.510459
          34     0.51041
          35    0.510353
          36    0.510293
          37    0.510228
          38    0.510164
          39    0.510106
          40    0.510058
          41    0.509994
          42    0.509935
          43    0.509882
          44    0.509823
          45    0.509764
          46    0.509706
          47    0.509656
          48    0.509594
          49    0.509543
          50    0.509487
          51    0.509431
          52    0.509377
          53    0.509334
          54    0.509288
          55     0.50923
          56    0.509175
          57    0.509114
          58    0.509066
          59    0.509014
          60    0.508965
          61    0.508918
          62    0.508868
          63    0.508814
          64    0.508758
          65    0.508708
          66    0.508659
          67     0.50861
          68    0.508559
          69    0.508507
          70    0.508457
          71    0.508404
          72    0.508355
          73    0.508302
          74    0.508248
          75    0.508197
          76    0.508145
          77    0.508094
          78    0.508045
          79    0.507994
          80    0.507939
          81    0.507883
          82    0.507831
          83    0.507776
          84    0.507722
          85    0.507673
          86    0.507623
          87    0.507578
          88    0.507531
          89    0.507483
          90    0.507431
          91    0.507381
          92    0.507333
          93    0.507292
          94    0.507243
          95    0.507192
          96    0.507146
          97    0.507096
          98    0.507052
          99    0.507007
         100    0.506961
           1    0.506818
           2    0.506747
           3    0.506684
           4    0.506613
           5    0.506552
           6     0.50649
           7    0.506423
           8    0.506365
           9    0.506298
          10     0.50623
          11    0.506166
          12    0.506099
          13    0.506031
          14    0.505969
          15    0.505908
          16    0.505848
          17    0.505782
          18    0.505723
          19    0.505662
          20    0.505597
          21    0.505536
          22    0.505471
          23    0.505417
          24    0.505363
          25    0.505304
          26    0.505243
          27    0.505184
          28     0.50512
          29     0.50506
          30    0.504996
          31    0.504934
          32    0.504872
          33    0.504812
          34    0.504753
          35    0.504697
          36    0.504637
          37     0.50458
          38    0.504525
          39    0.504468
          40    0.504409
          41    0.504343
          42    0.504288
          43    0.504226
          44    0.504175
          45    0.504119
          46    0.504056
          47    0.504001
          48    0.503942
          49    0.503888
          50    0.503826
          51    0.503774
          52    0.503719
          53    0.503663
          54    0.503608
          55    0.503554
          56      0.5035
          57    0.503444
          58    0.503391
          59    0.503336
          60    0.503279
          61    0.503224
          62     0.50317
          63    0.503119
          64    0.503065
          65    0.503015
          66    0.502964
          67    0.502908
          68    0.502849
          69    0.502792
          70    0.502743
          71     0.50269
          72     0.50264
          73    0.502583
          74    0.502529
          75    0.502479
          76    0.502422
          77     0.50237
          78    0.502317
          79    0.502268
          80    0.502218
          81     0.50217
          82    0.502121
          83    0.502065
          84    0.502014
          85    0.501964
          86    0.501914
          87    0.501865
          88    0.501814
          89    0.501766
          90    0.501716
          91     0.50167
          92    0.501619
          93    0.501567
          94     0.50152
          95     0.50147
          96    0.501427
          97    0.501381
          98    0.501324
          99     0.50128
         100    0.501227
           1    0.501094
           2    0.501026
           3     0.50096
           4    0.500892
           5    0.500828
           6    0.500759
           7    0.500687
           8    0.500623
           9    0.500559
          10     0.50049
          11    0.500429
          12    0.500367
          13    0.500299
          14    0.500239
          15    0.500171
          16    0.500107
          17    0.500038
          18    0.499974
          19    0.499908
          20    0.499844
          21    0.499782
          22    0.499714
          23     0.49965
          24    0.499587
          25    0.499531
          26    0.499464
          27      0.4994
          28    0.499338
          29    0.499279
          30    0.499219
          31    0.499153
          32    0.499096
          33    0.499041
          34    0.498977
          35    0.498921
          36    0.498861
          37    0.498802
          38    0.498739
          39    0.498679
          40    0.498616
          41    0.498557
          42    0.498495
          43    0.498437
          44    0.498376
          45    0.498319
          46    0.498257
          47    0.498202
          48    0.498142
          49    0.498082
          50    0.498024
          51     0.49796
          52    0.497902
          53    0.497839
          54    0.497775
          55    0.497722
          56    0.497664
          57    0.497605
          58    0.497549
          59    0.497492
          60    0.497426
          61    0.497374
          62    0.497316
          63    0.497259
          64    0.497203
          65    0.497145
          66    0.497085
          67    0.497026
          68    0.496967
          69    0.496908
          70    0.496853
          71    0.496802
          72    0.496745
          73    0.496692
          74    0.496637
          75    0.496584
          76     0.49653
          77    0.496476
          78    0.496425
          79    0.496366
          80     0.49631
          81    0.496256
          82      0.4962
          83    0.496146
          84    0.496092
          85     0.49604
          86    0.495985
          87     0.49593
          88    0.495878
          89    0.495828
          90    0.495776
          91    0.495722
          92    0.495663
          93    0.495615
          94    0.495566
          95    0.495518
          96    0.495466
          97    0.495419
          98    0.495372
          99    0.495321
         100    0.495269
           1    0.495137
           2    0.495071
           3    0.495007
           4    0.494935
           5    0.494866
           6    0.494798
           7     0.49473
           8    0.494662
           9    0.494596
          10    0.494531
          11    0.494466
          12      0.4944
          13    0.494335
          14    0.494268
          15    0.494206
          16    0.494138
          17    0.494068
          18    0.494007
          19     0.49394
          20    0.493878
          21    0.493809
          22    0.493747
          23    0.493683
          24    0.493618
          25    0.493554
          26    0.493486
          27    0.493423
          28    0.493359
          29    0.493295
          30    0.493228
          31    0.493167
          32    0.493104
          33    0.493041
          34    0.492977
          35    0.492914
          36    0.492854
          37    0.492793
          38    0.492733
          39    0.492672
          40    0.492612
          41    0.492548
          42    0.492486
          43    0.492427
          44    0.492368
          45    0.492305
          46    0.492243
          47    0.492181
          48    0.492124
          49    0.492065
          50    0.492005
          51    0.491949
          52    0.491889
          53    0.491835
          54    0.491772
          55    0.491715
          56    0.491655
          57    0.491601
          58    0.491542
          59    0.491485
          60    0.491433
          61    0.491375
          62    0.491314
          63    0.491253
          64    0.491192
          65    0.491135
          66    0.491077
          67    0.491019
          68    0.490963
          69    0.490906
          70    0.490849
          71    0.490787
          72    0.490737
          73    0.490679
          74    0.490626
          75    0.490568
          76     0.49051
          77    0.490454
          78    0.490398
          79    0.490341
          80    0.490284
          81    0.490225
          82    0.490169
          83    0.490115
          84    0.490063
          85    0.490007
          86     0.48995
          87    0.489893
          88    0.489837
          89    0.489783
          90    0.489726
          91    0.489669
          92    0.489613
          93    0.489563
          94    0.489509
          95    0.489454
          96    0.489412
          97    0.489357
          98    0.489303
          99    0.489248
         100    0.489197
           1    0.489058
           2    0.488983
           3    0.488917
           4    0.488846
           5    0.488778
           6    0.488706
           7    0.488636
           8    0.488569
           9      0.4885
          10    0.488432
          11    0.488367
          12      0.4883
          13    0.488236
          14    0.488173
          15    0.488104
          16    0.488036
          17    0.487968
          18    0.487903
          19     0.48784
          20    0.487773
          21    0.487703
          22    0.487636
          23    0.487568
          24    0.487504
          25    0.487442
          26    0.487375
          27    0.487313
          28    0.487244
          29    0.487178
          30    0.487112
          31    0.487053
          32    0.486988
          33    0.486924
          34    0.486861
          35    0.486799
          36    0.486735
          37    0.486675
          38    0.486607
          39    0.486546
          40    0.486479
          41    0.486413
          42    0.486348
          43    0.486289
          44    0.486228
          45    0.486169
          46    0.486105
          47    0.486042
          48    0.485975
          49    0.485917
          50    0.485852
          51    0.485789
          52    0.485727
          53    0.485667
          54    0.485607
          55    0.485545
          56    0.485483
          57    0.485425
          58    0.485368
          59    0.485308
          60    0.485248
          61    0.485186
          62    0.485128
          63     0.48507
          64    0.485008
          65    0.484945
          66    0.484885
          67    0.484825
          68     0.48476
          69    0.484698
          70     0.48464
          71    0.484582
          72    0.484525
          73    0.484471
          74     0.48441
          75    0.484355
          76    0.484296
          77    0.484239
          78     0.48418
          79    0.484117
          80     0.48406
          81       0.484
          82    0.483943
          83    0.483884
          84    0.483823
          85    0.483767
          86    0.483714
          87    0.483652
          88    0.483598
          89    0.483535
          90     0.48348
          91    0.483421
          92    0.483366
          93    0.483309
          94    0.483254
          95    0.483197
          96    0.483139
          97    0.483083
          98    0.483028
          99    0.482972
         100    0.482916
           1    0.482776
           2    0.482709
           3    0.482635
           4    0.482568
           5    0.482504
           6    0.482435
           7    0.482365
           8    0.482296
           9     0.48223
          10    0.482162
          11    0.482097
          12    0.482027
          13    0.481959
          14    0.481894
          15    0.481823
          16     0.48175
          17    0.481683
          18    0.481615
          19    0.481543
          20    0.481476
          21    0.481409
          22    0.481343
          23    0.481274
          24    0.481208
          25    0.481143
          26    0.481077
          27    0.481009
          28    0.480942
          29    0.480873
          30     0.48081
          31    0.480742
          32    0.480675
          33    0.480612
          34    0.480546
          35    0.480478
          36    0.480415
          37     0.48035
          38    0.480282
          39    0.480217
          40    0.480157
          41    0.480094
          42    0.480025
          43    0.479962
          44    0.479896
          45    0.479833
          46    0.479774
          47    0.479711
          48    0.479649
          49    0.479587
          50    0.479519
          51    0.479455
          52    0.479391
          53    0.479329
          54    0.479265
          55    0.479197
          56    0.479135
          57    0.479074
          58    0.479007
          59    0.478946
          60    0.478881
          61    0.478819
          62    0.478755
          63    0.478695
          64    0.478639
          65    0.478572
          66    0.478509
          67    0.478453
          68    0.478395
          69    0.478333
          70    0.478273
          71    0.478213
          72    0.478151
          73    0.478087
          74    0.478026
          75    0.477959
          76    0.477899
          77    0.477837
          78    0.477779
          79    0.477719
          80    0.477662
          81    0.477601
          82    0.477541
          83    0.477482
          84    0.477421
          85    0.477359
          86    0.477304
          87    0.477246
          88    0.477185
          89    0.477126
          90    0.477066
          91    0.477008
          92    0.476947
          93    0.476886
          94    0.476827
          95    0.476763
          96    0.476712
          97    0.476656
          98    0.476594
          99    0.476536
         100    0.476481
           1     0.47634
           2    0.476273
           3    0.476208
           4    0.476138
           5    0.476065
           6    0.475993
           7     0.47592
           8    0.475851
           9    0.475785
          10    0.475716
          11    0.475647
          12    0.475576
          13    0.475506
          14    0.475437
          15    0.475368
          16    0.475297
          17    0.475225
          18    0.475156
          19    0.475091
          20    0.475017
          21    0.474947
          22    0.474879
          23    0.474808
          24    0.474741
          25    0.474675
          26    0.474611
          27    0.474545
          28    0.474479
          29     0.47441
          30    0.474345
          31     0.47428
          32    0.474217
          33    0.474149
          34    0.474083
          35    0.474014
          36    0.473947
          37    0.473879
          38    0.473812
          39    0.473742
          40    0.473679
          41    0.473612
          42    0.473546
          43    0.473481
          44    0.473417
          45    0.473353
          46    0.473288
          47    0.473226
          48    0.473163
          49    0.473098
          50    0.473033
          51     0.47297
          52    0.472902
          53    0.472839
          54    0.472773
          55    0.472707
          56     0.47264
          57    0.472571
          58    0.472507
          59    0.472448
          60    0.472383
          61    0.472321
          62     0.47226
          63    0.472197
          64    0.472137
          65    0.472076
          66    0.472013
          67    0.471947
          68    0.471884
          69    0.471821
          70    0.471759
          71    0.471699
          72    0.471633
          73     0.47157
          74    0.471509
          75    0.471449
          76    0.471387
          77    0.471323
          78    0.471262
          79      0.4712
          80    0.471134
          81    0.471072
          82    0.471013
          83     0.47095
          84    0.470888
          85    0.470827
          86     0.47077
          87     0.47071
          88    0.470648
          89    0.470587
          90    0.470529
          91    0.470466
          92    0.470404
          93    0.470344
          94    0.470287
          95    0.470228
          96    0.470172
          97    0.470111
          98    0.470051
          99    0.469991
         100    0.469931
           1    0.469782
           2    0.469706
           3    0.469635
           4    0.469561
           5    0.469485
           6    0.469412
           7    0.469339
           8     0.46927
           9    0.469199
          10     0.46913
          11    0.469059
          12    0.468987
          13    0.468915
          14    0.468845
          15    0.468773
          16    0.468701
          17    0.468628
          18    0.468558
          19    0.468489
          20    0.468414
          21    0.468342
          22    0.468268
          23      0.4682
          24    0.468129
          25     0.46806
          26    0.467986
          27    0.467915
          28    0.467846
          29    0.467779
          30    0.467708
          31     0.46764
          32     0.46757
          33    0.467499
          34     0.46743
          35    0.467358
          36    0.467288
          37    0.467219
          38    0.467148
          39    0.467083
          40    0.467016
          41    0.466948
          42    0.466879
          43    0.466807
          44    0.466743
          45    0.466672
          46    0.466603
          47    0.466535
          48     0.46647
          49    0.466406
          50    0.466337
          51     0.46627
          52    0.466203
          53    0.466135
          54    0.466068
          55    0.466001
          56    0.465933
          57    0.465869
          58    0.465805
          59    0.465743
          60    0.465679
          61    0.465614
          62    0.465549
          63    0.465484
          64    0.465419
          65    0.465352
          66    0.465289
          67     0.46522
          68    0.465156
          69    0.465093
          70    0.465027
          71    0.464958
          72    0.464893
          73    0.464829
          74    0.464762
          75    0.464695
          76     0.46463
          77    0.464567
          78    0.464503
          79    0.464438
          80    0.464378
          81    0.464316
          82    0.464253
          83     0.46419
          84    0.464124
          85     0.46406
          86    0.463993
          87    0.463928
          88    0.463864
          89    0.463803
          90    0.463739
          91    0.463676
          92    0.463615
          93     0.46355
          94     0.46349
          95    0.463427
          96    0.463365
          97    0.463299
          98    0.463233
          99    0.463169
         100    0.463109
           1    0.462962
           2    0.462888
           3    0.462815
           4    0.462739
           5    0.462663
           6    0.462589
           7    0.462517
           8    0.462446
           9    0.462377
          10    0.462304
          11    0.462227
          12    0.462155
          13    0.462081
          14     0.46201
          15    0.461938
          16    0.461863
          17    0.461789
          18     0.46172
          19    0.461651
          20    0.461581
          21    0.461509
          22    0.461437
          23    0.461365
          24    0.461292
          25    0.461221
          26     0.46115
          27    0.461078
          28    0.461011
          29     0.46094
          30    0.460868
          31    0.460795
          32    0.460725
          33    0.460652
          34    0.460583
          35    0.460513
          36    0.460444
          37     0.46037
          38    0.460294
          39    0.460221
          40    0.460149
          41    0.460075
          42    0.460004
          43    0.459931
          44    0.459862
          45    0.459795
          46    0.459727
          47    0.459658
          48    0.459586
          49    0.459514
          50    0.459444
          51    0.459373
          52    0.459306
          53     0.45924
          54     0.45917
          55    0.459102
          56    0.459036
          57    0.458971
          58    0.458901
          59    0.458834
          60    0.458765
          61    0.458697
          62     0.45863
          63    0.458561
          64    0.458489
          65    0.458421
          66    0.458354
          67    0.458289
          68    0.458223
          69    0.458156
          70    0.458089
          71    0.458022
          72    0.457957
          73    0.457891
          74    0.457824
          75    0.457758
          76    0.457691
          77    0.457626
          78    0.457561
          79    0.457496
          80    0.457431
          81    0.457368
          82    0.457301
          83    0.457233
          84    0.457168
          85      0.4571
          86    0.457036
          87    0.456973
          88    0.456908
          89    0.456843
          90    0.456777
          91     0.45671
          92    0.456645
          93    0.456578
          94    0.456511
          95     0.45645
          96    0.456386
          97    0.456321
          98    0.456257
          99    0.456195
         100    0.456132
           1    0.455979
           2    0.455904
           3    0.455827
           4    0.455755
           5    0.455683
           6     0.45561
           7    0.455536
           8    0.455464
           9    0.455385
          10    0.455313
          11    0.455237
          12     0.45516
          13    0.455086
          14    0.455012
          15    0.454932
          16    0.454855
          17    0.454779
          18    0.454703
          19    0.454632
          20    0.454558
          21    0.454487
          22    0.454411
          23    0.454336
          24    0.454263
          25     0.45419
          26    0.454114
          27    0.454042
          28    0.453971
          29    0.453897
          30    0.453823
          31    0.453749
          32    0.453673
          33      0.4536
          34    0.453529
          35     0.45346
          36     0.45339
          37    0.453319
          38    0.453246
          39    0.453174
          40    0.453103
          41    0.453032
          42     0.45296
          43    0.452889
          44    0.452817
          45    0.452747
          46    0.452677
          47    0.452607
          48    0.452535
          49    0.452462
          50    0.452391
          51    0.452321
          52     0.45225
          53     0.45218
          54    0.452111
          55    0.452042
          56    0.451967
          57    0.451898
          58    0.451826
          59    0.451754
          60    0.451685
          61    0.451615
          62    0.451547
          63    0.451478
          64    0.451408
          65    0.451341
          66    0.451273
          67    0.451204
          68    0.451136
          69    0.451065
          70    0.450996
          71    0.450926
          72    0.450858
          73    0.450786
          74    0.450715
          75    0.450647
          76    0.450575
          77    0.450505
          78    0.450436
          79    0.450364
          80    0.450296
          81    0.450226
          82     0.45016
          83    0.450093
          84    0.450026
          85     0.44996
          86    0.449894
          87    0.449825
          88    0.449754
          89    0.449686
          90     0.44962
          91    0.449553
          92    0.449484
          93    0.449416
          94    0.449347
          95     0.44928
          96    0.449211
          97    0.449142
          98    0.449076
          99    0.449012
         100    0.448947
           1    0.448793
           2    0.448716
           3    0.448637
           4    0.448562
           5    0.448486
           6    0.448406
           7    0.448329
           8    0.448251
           9     0.44817
          10    0.448093
          11    0.448017
          12    0.447942
          13    0.447868
          14    0.447789
          15    0.447712
          16    0.447637
          17     0.44756
          18    0.447483
          19    0.447404
          20    0.447329
          21    0.447249
          22    0.447175
          23      0.4471
          24    0.447024
          25    0.446949
          26    0.446874
          27    0.446796
          28    0.446724
          29    0.446651
          30    0.446578
          31    0.446501
          32    0.446423
          33    0.446348
          34    0.446271
          35    0.446197
          36     0.44612
          37    0.446045
          38    0.445969
          39    0.445897
          40    0.445825
          41    0.445747
          42    0.445672
          43      0.4456
          44    0.445529
          45    0.445456
          46    0.445384
          47    0.445311
          48    0.445237
          49    0.445163
          50    0.445092
          51    0.445017
          52    0.444943
          53    0.444868
          54    0.444794
          55    0.444718
          56    0.444646
          57    0.444573
          58    0.444498
          59    0.444424
          60    0.444355
          61    0.444283
          62    0.444212
          63    0.444138
          64    0.444063
          65    0.443991
          66    0.443918
          67    0.443847
          68    0.443776
          69    0.443707
          70    0.443634
          71    0.443563
          72    0.443492
          73    0.443423
          74    0.443353
          75    0.443281
          76    0.443212
          77    0.443139
          78     0.44307
          79    0.442998
          80    0.442926
          81     0.44286
          82    0.442789
          83    0.442718
          84    0.442648
          85    0.442576
          86    0.442506
          87    0.442436
          88    0.442367
          89    0.442297
          90    0.442227
          91    0.442157
          92    0.442089
          93    0.442019
          94    0.441948
          95    0.441877
          96    0.441806
          97     0.44174
          98    0.441671
          99    0.441604
         100    0.441538
           1    0.441377
           2      0.4413
           3    0.441221
           4    0.441137
           5    0.441055
           6    0.440973
           7     0.44089
           8     0.44081
           9    0.440731
          10    0.440651
          11    0.440572
          12    0.440495
          13    0.440414
          14    0.440335
          15    0.440253
          16    0.440174
          17    0.440095
          18    0.440019
          19    0.439942
          20    0.439864
          21    0.439784
          22    0.439707
          23    0.439633
          24    0.439553
          25    0.439473
          26    0.439395
          27    0.439317
          28    0.439238
          29    0.439163
          30    0.439086
          31    0.439012
          32    0.438936
          33    0.438858
          34    0.438784
          35    0.438707
          36    0.438627
          37    0.438552
          38    0.438477
          39    0.438402
          40    0.438327
          41    0.438251
          42    0.438175
          43    0.438097
          44    0.438023
          45    0.437945
          46    0.437871
          47    0.437795
          48    0.437717
          49    0.437641
          50    0.437564
          51    0.437487
          52     0.43741
          53    0.437334
          54    0.437259
          55    0.437183
          56    0.437108
          57    0.437036
          58    0.436964
          59     0.43689
          60    0.436818
          61    0.436741
          62    0.436665
          63    0.436593
          64    0.436518
          65    0.436446
          66    0.436372
          67    0.436299
          68    0.436226
          69    0.436151
          70    0.436077
          71    0.436003
          72    0.435929
          73    0.435857
          74    0.435785
          75    0.435713
          76    0.435642
          77    0.435568
          78    0.435495
          79    0.435418
          80    0.435341
          81    0.435268
          82    0.435196
          83    0.435123
          84    0.435051
          85    0.434978
          86    0.434905
          87    0.434832
          88    0.434761
          89    0.434688
          90    0.434617
          91    0.434542
          92    0.434472
          93    0.434399
          94    0.434329
          95    0.434259
          96    0.434187
          97    0.434116
          98    0.434048
          99    0.433974
         100    0.433903
           1     0.43374
           2    0.433656
           3    0.433574
           4    0.433494
           5    0.433414
           6    0.433332
           7    0.433251
           8    0.433171
           9    0.433089
          10    0.433008
          11    0.432926
          12    0.432844
          13    0.432764
          14    0.432686
          15    0.432606
          16    0.432524
          17    0.432442
          18    0.432359
          19    0.432282
          20    0.432201
          21    0.432118
          22    0.432037
          23    0.431956
          24    0.431877
          25    0.431798
          26    0.431719
          27    0.431641
          28     0.43156
          29     0.43148
          30    0.431399
          31     0.43132
          32    0.431245
          33    0.431167
          34    0.431087
          35    0.431011
          36    0.430932
          37    0.430855
          38    0.430777
          39    0.430697
          40    0.430619
          41    0.430542
          42    0.430461
          43    0.430384
          44    0.430306
          45    0.430228
          46    0.430152
          47    0.430073
          48    0.429995
          49    0.429914
          50    0.429836
          51    0.429755
          52    0.429677
          53    0.429595
          54    0.429518
          55     0.42944
          56    0.429365
          57    0.429285
          58    0.429208
          59    0.429132
          60    0.429056
          61    0.428979
          62    0.428902
          63    0.428824
          64    0.428746
          65    0.428675
          66    0.428596
          67    0.428522
          68    0.428444
          69    0.428368
          70    0.428295
          71    0.428219
          72     0.42814
          73    0.428066
          74    0.427989
          75    0.427914
          76     0.42784
          77    0.427765
          78    0.427689
          79    0.427612
          80    0.427538
          81    0.427463
          82    0.427391
          83    0.427317
          84    0.427244
          85    0.427172
          86    0.427101
          87    0.427028
          88    0.426952
          89    0.426878
          90    0.426804
          91    0.426728
          92    0.426654
          93     0.42658
          94    0.426509
          95    0.426436
          96    0.426361
          97    0.426285
          98     0.42621
          99    0.426138
         100    0.426063
           1    0.425891
           2    0.425812
           3     0.42573
           4    0.425647
           5    0.425562
           6     0.42548
           7    0.425395
           8    0.425314
           9    0.425232
          10    0.425149
          11    0.425066
          12    0.424985
          13    0.424902
          14     0.42482
          15    0.424734
          16    0.424654
          17     0.42457
          18     0.42449
          19    0.424408
          20    0.424326
          21    0.424244
          22    0.424162
          23     0.42408
          24    0.423997
          25    0.423914
          26    0.423833
          27     0.42375
          28    0.423671
          29    0.423589
          30    0.423506
          31    0.423426
          32    0.423349
          33    0.423264
          34    0.423184
          35    0.423102
          36    0.423022
          37    0.422939
          38    0.422858
          39    0.422777
          40    0.422696
          41    0.422614
          42    0.422537
          43    0.422457
          44    0.422383
          45    0.422301
          46    0.422223
          47    0.422141
          48    0.422062
          49    0.421983
          50    0.421903
          51    0.421826
          52    0.421745
          53    0.421668
          54    0.421587
          55    0.421505
          56    0.421425
          57    0.421346
          58    0.421268
          59    0.421191
          60    0.421113
          61    0.421035
          62    0.420956
          63    0.420879
          64    0.420802
          65    0.420722
          66    0.420641
          67    0.420561
          68    0.420482
          69    0.420404
          70    0.420326
          71    0.420248
          72    0.420171
          73    0.420095
          74    0.420018
          75    0.419939
          76    0.419863
          77    0.419787
          78    0.419709
          79    0.419633
          80    0.419558
          81     0.41948
          82    0.419406
          83    0.419329
          84    0.419253
          85    0.419172
          86    0.419097
          87    0.419019
          88    0.418942
          89    0.418867
          90    0.418793
          91    0.418715
          92    0.418638
          93    0.418561
          94    0.418484
          95    0.418408
          96    0.418332
          97    0.418255
          98     0.41818
          99    0.418106
         100    0.418029
           1    0.417854
           2    0.417765
           3    0.417677
           4    0.417587
           5    0.417501
           6    0.417414
           7     0.41733
           8    0.417245
           9    0.417158
          10    0.417077
          11     0.41699
          12    0.416903
          13    0.416816
          14    0.416734
          15    0.416651
          16    0.416565
          17    0.416484
          18    0.416398
          19    0.416314
          20    0.416228
          21    0.416142
          22    0.416055
          23    0.415974
          24    0.415889
          25    0.415805
          26    0.415717
          27    0.415634
          28    0.415551
          29    0.415467
          30    0.415384
          31    0.415302
          32    0.415219
          33    0.415137
          34    0.415051
          35    0.414971
          36    0.414887
          37    0.414807
          38    0.414727
          39    0.414644
          40    0.414562
          41    0.414479
          42    0.414398
          43    0.414312
          44    0.414232
          45    0.414153
          46     0.41407
          47    0.413987
          48    0.413904
          49    0.413825
          50    0.413744
          51     0.41366
          52    0.413579
          53    0.413499
          54    0.413416
          55    0.413336
          56    0.413252
          57     0.41317
          58    0.413089
          59    0.413007
          60    0.412924
          61    0.412844
          62    0.412765
          63    0.412686
          64    0.412607
          65    0.412526
          66    0.412447
          67    0.412367
          68    0.412287
          69    0.412207
          70    0.412129
          71    0.412047
          72    0.411968
          73    0.411886
          74    0.411809
          75    0.411731
          76    0.411653
          77    0.411574
          78    0.411495
          79    0.411416
          80    0.411334
          81    0.411256
          82    0.411178
          83    0.411098
          84    0.411018
          85    0.410941
          86    0.410861
          87    0.410785
          88    0.410709
          89    0.410629
          90    0.410549
          91    0.410471
          92    0.410392
          93    0.410313
          94    0.410237
          95    0.410161
          96     0.41008
          97    0.410001
          98    0.409923
          99    0.409843
         100    0.409764
           1    0.409583
           2    0.409495
           3    0.409406
           4    0.409319
           5    0.409231
           6    0.409146
           7    0.409054
           8    0.408966
           9    0.408877
          10    0.408788
          11    0.408701
          12    0.408611
          13    0.408525
          14    0.408437
          15    0.408352
          16    0.408265
          17    0.408177
          18    0.408091
          19    0.408004
          20    0.407916
          21    0.407829
          22     0.40774
          23    0.407654
          24    0.407569
          25    0.407484
          26    0.407396
          27     0.40731
          28    0.407222
          29    0.407135
          30    0.407048
          31    0.406966
          32    0.406881
          33    0.406793
          34    0.406709
          35    0.406621
          36    0.406537
          37    0.406451
          38     0.40637
          39     0.40629
          40    0.406205
          41     0.40612
          42    0.406032
          43    0.405948
          44     0.40586
          45    0.405775
          46    0.405692
          47    0.405608
          48    0.405525
          49    0.405443
          50    0.405356
          51    0.405273
          52    0.405191
          53    0.405109
          54    0.405029
          55    0.404943
          56    0.404863
          57    0.404781
          58    0.404699
          59    0.404616
          60    0.404534
          61     0.40445
          62    0.404368
          63    0.404282
          64    0.404202
          65     0.40412
          66    0.404037
          67    0.403952
          68    0.403871
          69    0.403788
          70    0.403702
          71    0.403621
          72    0.403538
          73    0.403458
          74    0.403377
          75    0.403293
          76    0.403212
          77    0.403131
          78    0.403047
          79    0.402967
          80    0.402884
          81    0.402802
          82    0.402721
          83    0.402639
          84    0.402557
          85     0.40248
          86    0.402399
          87    0.402318
          88    0.402236
          89    0.402153
          90    0.402075
          91    0.401995
          92    0.401915
          93    0.401835
          94    0.401753
          95    0.401676
          96    0.401598
          97    0.401515
          98    0.401437
          99    0.401357
         100    0.401279
           1    0.401101
           2    0.401013
           3    0.400922
           4     0.40083
           5    0.400737
           6    0.400646
           7    0.400556
           8    0.400467
           9    0.400376
          10    0.400288
          11    0.400199
          12    0.400109
          13     0.40002
          14    0.399932
          15    0.399844
          16    0.399753
          17    0.399662
          18     0.39957
          19    0.399483
          20    0.399394
          21    0.399304
          22    0.399214
          23    0.399126
          24    0.399037
          25     0.39895
          26    0.398866
          27    0.398784
          28    0.398697
          29    0.398607
          30    0.398521
          31    0.398434
          32    0.398345
          33    0.398258
          34    0.398169
          35    0.398079
          36    0.397989
          37    0.397902
          38    0.397814
          39    0.397729
          40     0.39764
          41    0.397553
          42    0.397465
          43    0.397379
          44    0.397294
          45    0.397208
          46    0.397122
          47    0.397034
          48    0.396945
          49    0.396857
          50     0.39677
          51    0.396687
          52      0.3966
          53    0.396515
          54    0.396429
          55    0.396345
          56    0.396257
          57    0.396169
          58    0.396083
          59    0.395998
          60    0.395914
          61    0.395828
          62    0.395745
          63    0.395661
          64    0.395574
          65    0.395489
          66    0.395405
          67    0.395324
          68    0.395236
          69     0.39515
          70    0.395066
          71     0.39498
          72    0.394895
          73    0.394811
          74    0.394725
          75    0.394642
          76    0.394556
          77    0.394468
          78    0.394386
          79    0.394303
          80    0.394219
          81    0.394135
          82    0.394051
          83    0.393967
          84    0.393885
          85    0.393803
          86    0.393719
          87     0.39364
          88    0.393554
          89    0.393473
          90     0.39339
          91     0.39331
          92    0.393226
          93    0.393144
          94    0.393061
          95    0.392977
          96    0.392894
          97    0.392812
          98    0.392729
          99    0.392648
         100    0.392566
           1     0.39238
           2    0.392287
           3    0.392191
           4    0.392099
           5    0.392009
           6    0.391918
           7    0.391825
           8    0.391732
           9     0.39164
          10    0.391551
          11    0.391459
          12    0.391366
          13    0.391274
          14    0.391183
          15    0.391092
          16    0.391001
          17    0.390911
          18    0.390824
          19    0.390732
          20    0.390644
          21    0.390552
          22     0.39046
          23    0.390371
          24     0.39028
          25    0.390189
          26    0.390099
          27    0.390008
          28    0.389916
          29    0.389825
          30    0.389733
          31    0.389644
          32    0.389554
          33    0.389467
          34    0.389378
          35    0.389287
          36    0.389196
          37    0.389105
          38    0.389014
          39    0.388928
          40    0.388838
          41    0.388745
          42    0.388657
          43     0.38857
          44    0.388481
          45    0.388394
          46    0.388306
          47    0.388219
          48     0.38813
          49    0.388044
          50    0.387954
          51    0.387865
          52    0.387776
          53    0.387688
          54    0.387598
          55    0.387509
          56    0.387421
          57    0.387331
          58    0.387245
          59     0.38716
          60    0.387072
          61    0.386985
          62    0.386898
          63    0.386811
          64    0.386723
          65    0.386635
          66    0.386546
          67    0.386459
          68     0.38637
          69    0.386285
          70      0.3862
          71    0.386112
          72    0.386024
          73    0.385934
          74    0.385844
          75    0.385755
          76    0.385669
          77    0.385582
          78    0.385494
          79    0.385409
          80    0.385325
          81    0.385239
          82    0.385151
          83    0.385066
          84    0.384981
          85    0.384896
          86     0.38481
          87    0.384725
          88    0.384642
          89    0.384558
          90    0.384475
          91    0.384389
          92    0.384305
          93    0.384219
          94    0.384136
          95    0.384052
          96    0.383968
          97    0.383886
          98    0.383801
          99    0.383717
         100    0.383633
           1     0.38344
           2    0.383346
           3    0.383252
           4    0.383162
           5    0.383066
           6    0.382973
           7    0.382881
           8    0.382785
           9     0.38269
          10    0.382596
          11    0.382503
          12    0.382412
          13    0.382319
          14    0.382226
          15    0.382134
          16    0.382041
          17    0.381948
          18    0.381855
          19    0.381763
          20     0.38167
          21    0.381576
          22    0.381482
          23    0.381389
          24    0.381294
          25      0.3812
          26    0.381106
          27    0.381015
          28    0.380921
          29     0.38083
          30    0.380736
          31    0.380641
          32     0.38055
          33    0.380463
          34    0.380369
          35    0.380276
          36    0.380184
          37    0.380093
          38        0.38
          39    0.379909
          40    0.379816
          41    0.379729
          42    0.379641
          43    0.379552
          44    0.379464
          45    0.379368
          46    0.379278
          47    0.379187
          48    0.379098
          49    0.379005
          50    0.378916
          51    0.378827
          52    0.378735
          53    0.378646
          54    0.378558
          55    0.378468
          56    0.378379
          57    0.378291
          58    0.378203
          59    0.378116
          60    0.378025
          61    0.377939
          62     0.37785
          63    0.377761
          64    0.377674
          65    0.377585
          66    0.377493
          67    0.377404
          68    0.377316
          69    0.377224
          70    0.377132
          71    0.377045
          72    0.376954
          73    0.376865
          74    0.376778
          75    0.376688
          76      0.3766
          77    0.376511
          78    0.376422
          79    0.376333
          80    0.376245
          81    0.376158
          82     0.37607
          83    0.375979
          84    0.375892
          85    0.375802
          86    0.375715
          87    0.375629
          88    0.375542
          89    0.375455
          90    0.375366
          91    0.375277
          92    0.375188
          93    0.375103
          94    0.375016
          95    0.374923
          96    0.374839
          97    0.374757
          98     0.37467
          99    0.374584
         100    0.374497
           1    0.374307
           2    0.374207
           3    0.374111
           4    0.374019
           5    0.373922
           6    0.373828
           7    0.373732
           8    0.373638
           9     0.37354
          10    0.373444
          11    0.373349
          12    0.373255
          13    0.373159
          14    0.373061
          15    0.372967
          16    0.372872
          17    0.372777
          18    0.372683
          19    0.372587
          20    0.372494
          21    0.372396
          22    0.372299
          23    0.372206
          24    0.372112
          25    0.372015
          26    0.371921
          27    0.371827
          28    0.371732
          29    0.371639
          30    0.371543
          31    0.371448
          32    0.371352
          33     0.37126
          34    0.371169
          35    0.371074
          36     0.37098
          37    0.370888
          38    0.370795
          39    0.370703
          40    0.370611
          41    0.370519
          42    0.370427
          43    0.370333
          44    0.370238
          45     0.37015
          46    0.370053
          47     0.36996
          48    0.369869
          49    0.369777
          50    0.369687
          51    0.369593
          52    0.369502
          53    0.369409
          54    0.369317
          55    0.369223
          56     0.36913
          57    0.369042
          58    0.368948
          59    0.368851
          60    0.368757
          61    0.368665
          62    0.368572
          63    0.368481
          64    0.368391
          65    0.368301
          66    0.368209
          67    0.368117
          68    0.368031
          69    0.367941
          70    0.367845
          71    0.367758
          72    0.367665
          73    0.367578
          74    0.367492
          75    0.367403
          76     0.36731
          77    0.367218
          78    0.367128
          79    0.367037
          80    0.366947
          81    0.366856
          82    0.366764
          83    0.366674
          84    0.366584
          85    0.366493
          86    0.366404
          87    0.366317
          88    0.366231
          89    0.366139
          90    0.366049
          91    0.365957
          92    0.365866
          93    0.365779
          94    0.365689
          95    0.365596
          96    0.365504
          97    0.365417
          98    0.365328
          99    0.365241
         100    0.365153
           1    0.364954
           2    0.364857
           3    0.364753
           4    0.364655
           5    0.364555
           6    0.364456
           7    0.364358
           8     0.36426
           9    0.364165
          10    0.364066
          11    0.363971
          12    0.363873
          13    0.363774
          14    0.363678
          15    0.363583
          16    0.363486
          17    0.363389
          18    0.363292
          19    0.363198
          20    0.363099
          21    0.363001
          22    0.362906
          23    0.362809
          24    0.362719
          25    0.362621
          26    0.362525
          27    0.362432
          28    0.362336
          29    0.362241
          30    0.362143
          31    0.362046
          32    0.361952
          33    0.361858
          34    0.361763
          35    0.361663
          36    0.361566
          37    0.361473
          38    0.361376
          39    0.361276
          40    0.361181
          41    0.361082
          42    0.360985
          43    0.360893
          44    0.360799
          45    0.360702
          46    0.360604
          47    0.360512
          48    0.360423
          49    0.360328
          50    0.360232
          51    0.360138
          52    0.360043
          53    0.359948
          54    0.359853
          55     0.35976
          56    0.359668
          57    0.359574
          58    0.359481
          59    0.359388
          60    0.359296
          61    0.359202
          62    0.359107
          63    0.359018
          64    0.358923
          65    0.358835
          66    0.358743
          67    0.358649
          68    0.358557
          69    0.358461
          70    0.358364
          71    0.358273
          72    0.358182
          73    0.358091
          74       0.358
          75    0.357908
          76    0.357815
          77    0.357719
          78    0.357629
          79    0.357534
          80    0.357441
          81    0.357348
          82    0.357255
          83    0.357165
          84    0.357077
          85    0.356984
          86    0.356892
          87    0.356801
          88    0.356713
          89     0.35662
          90    0.356529
          91    0.356439
          92    0.356347
          93    0.356258
          94    0.356169
          95    0.356075
          96    0.355983
          97    0.355893
          98    0.355807
          99    0.355717
         100    0.355628
           1    0.355431
           2    0.355328
           3    0.355225
           4    0.355125
           5    0.355027
           6    0.354933
           7    0.354832
           8    0.354733
           9    0.354633
          10    0.354535
          11     0.35444
          12    0.354339
          13    0.354239
          14    0.354143
          15    0.354042
          16    0.353942
          17    0.353837
          18    0.353733
          19    0.353631
          20    0.353531
          21    0.353433
          22    0.353334
          23    0.353237
          24    0.353138
          25     0.35304
          26     0.35294
          27    0.352841
          28    0.352738
          29    0.352641
          30    0.352542
          31    0.352449
          32    0.352353
          33    0.352256
          34    0.352158
          35    0.352062
          36    0.351966
          37    0.351871
          38    0.351775
          39    0.351679
          40    0.351579
          41    0.351482
          42     0.35138
          43    0.351286
          44    0.351187
          45    0.351094
          46    0.350995
          47    0.350895
          48      0.3508
          49    0.350704
          50    0.350609
          51    0.350514
          52     0.35042
          53    0.350324
          54    0.350231
          55    0.350138
          56    0.350047
          57    0.349951
          58    0.349856
          59    0.349767
          60    0.349671
          61    0.349575
          62    0.349481
          63    0.349385
          64    0.349289
          65    0.349197
          66    0.349105
          67    0.349008
          68    0.348911
          69    0.348822
          70     0.34873
          71    0.348635
          72     0.34854
          73    0.348445
          74    0.348349
          75    0.348258
          76    0.348168
          77    0.348074
          78     0.34798
          79    0.347888
          80    0.347794
          81    0.347702
          82    0.347608
          83    0.347516
          84    0.347422
          85    0.347325
          86    0.347232
          87    0.347138
          88    0.347046
          89    0.346952
          90    0.346858
          91    0.346761
          92    0.346665
          93    0.346574
          94    0.346481
          95    0.346385
          96     0.34629
          97    0.346202
          98    0.346103
          99    0.346008
         100    0.345912
           1    0.345706
           2    0.345607
           3    0.345504
           4      0.3454
           5    0.345295
           6    0.345194
           7    0.345092
           8    0.344989
           9    0.344887
          10    0.344785
          11    0.344685
          12    0.344585
          13    0.344486
          14    0.344388
          15    0.344285
          16    0.344188
          17    0.344086
          18    0.343986
          19    0.343886
          20    0.343784
          21    0.343685
          22    0.343583
          23    0.343484
          24     0.34338
          25    0.343284
          26     0.34318
          27     0.34308
          28    0.342979
          29    0.342883
          30    0.342786
          31    0.342689
          32    0.342588
          33     0.34249
          34    0.342389
          35    0.342292
          36    0.342197
          37    0.342097
          38    0.341998
          39    0.341899
          40    0.341801
          41    0.341708
          42    0.341609
          43    0.341511
          44    0.341406
          45    0.341307
          46    0.341203
          47    0.341102
          48    0.341001
          49    0.340904
          50    0.340805
          51     0.34071
          52     0.34061
          53     0.34051
          54    0.340412
          55    0.340316
          56    0.340215
          57    0.340122
          58    0.340021
          59    0.339929
          60    0.339831
          61    0.339732
          62    0.339637
          63    0.339541
          64    0.339443
          65    0.339345
          66    0.339251
          67    0.339156
          68    0.339057
          69    0.338961
          70    0.338866
          71    0.338772
          72    0.338677
          73    0.338584
          74     0.33849
          75    0.338392
          76    0.338294
          77      0.3382
          78    0.338101
          79    0.338007
          80    0.337913
          81    0.337814
          82    0.337724
          83    0.337627
          84    0.337536
          85     0.33744
          86     0.33735
          87    0.337259
          88    0.337158
          89    0.337061
          90    0.336969
          91    0.336877
          92    0.336782
          93     0.33669
          94    0.336596
          95    0.336502
          96    0.336408
          97    0.336314
          98    0.336221
          99    0.336129
         100    0.336032
           1    0.335833
           2    0.335726
           3    0.335624
           4    0.335518
           5    0.335415
           6    0.335312
           7    0.335208
           8    0.335107
           9    0.335005
          10    0.334902
          11      0.3348
          12    0.334693
          13     0.33459
          14    0.334489
          15    0.334393
          16    0.334289
          17    0.334193
          18    0.334091
          19    0.333996
          20    0.333899
          21    0.333796
          22    0.333693
          23     0.33359
          24    0.333493
          25    0.333398
          26    0.333297
          27    0.333198
          28    0.333097
          29    0.332997
          30    0.332894
          31    0.332793
          32    0.332693
          33    0.332595
          34    0.332495
          35    0.332397
          36    0.332299
          37      0.3322
          38    0.332103
          39    0.331999
          40    0.331898
          41    0.331797
          42    0.331695
          43    0.331596
          44    0.331499
          45    0.331405
          46    0.331305
          47    0.331205
          48    0.331106
          49    0.331008
          50     0.33091
          51    0.330811
          52    0.330711
          53     0.33061
          54    0.330513
          55    0.330412
          56    0.330313
          57    0.330215
          58    0.330117
          59    0.330017
          60    0.329916
          61    0.329822
          62    0.329719
          63    0.329618
          64    0.329519
          65    0.329422
          66    0.329324
          67    0.329228
          68    0.329125
          69    0.329024
          70    0.328928
          71    0.328831
          72    0.328734
          73    0.328634
          74     0.32854
          75    0.328447
          76    0.328347
          77    0.328247
          78    0.328149
          79    0.328048
          80    0.327956
          81    0.327862
          82    0.327763
          83    0.327664
          84    0.327567
          85     0.32747
          86    0.327374
          87    0.327279
          88    0.327184
          89    0.327085
          90     0.32699
          91    0.326894
          92    0.326797
          93    0.326701
          94    0.326602
          95     0.32651
          96    0.326421
          97    0.326326
          98     0.32623
          99    0.326135
         100    0.326041
           1    0.325839
           2    0.325737
           3    0.325638
           4    0.325535
           5    0.325435
           6    0.325337
           7     0.32524
           8    0.325138
           9    0.325039
          10    0.324939
          11    0.324839
          12    0.324736
          13    0.324635
          14    0.324534
          15    0.324434
          16    0.324332
          17    0.324235
          18    0.324131
          19    0.324028
          20    0.323926
          21    0.323826
          22    0.323725
          23    0.323629
          24    0.323528
          25    0.323426
          26    0.323325
          27    0.323225
          28    0.323124
          29    0.323022
          30    0.322924
          31    0.322825
          32    0.322728
          33    0.322633
          34    0.322532
          35    0.322434
          36    0.322336
          37    0.322237
          38    0.322138
          39     0.32204
          40    0.321939
          41     0.32184
          42    0.321742
          43    0.321642
          44    0.321543
          45    0.321447
          46    0.321347
          47    0.321247
          48    0.321147
          49    0.321048
          50    0.320951
          51    0.320854
          52    0.320757
          53    0.320658
          54    0.320559
          55     0.32046
          56    0.320362
          57    0.320262
          58    0.320168
          59    0.320071
          60    0.319972
          61    0.319877
          62    0.319782
          63    0.319684
          64    0.319594
          65    0.319494
          66    0.319394
          67    0.319298
          68    0.319202
          69    0.319104
          70    0.319007
          71    0.318909
          72     0.31881
          73    0.318716
          74    0.318622
          75    0.318525
          76    0.318427
          77    0.318335
          78    0.318239
          79    0.318145
          80    0.318048
          81     0.31795
          82    0.317856
          83    0.317758
          84     0.31766
          85    0.317561
          86    0.317461
          87    0.317366
          88    0.317274
          89    0.317181
          90    0.317082
          91    0.316989
          92    0.316894
          93    0.316798
          94    0.316704
          95    0.316611
          96    0.316519
          97    0.316422
          98    0.316322
          99    0.316225
         100    0.316131
           1    0.315931
           2    0.315828
           3    0.315729
           4     0.31563
           5     0.31553
           6     0.31543
           7    0.315328
           8    0.315232
           9     0.31513
          10    0.315031
          11    0.314933
          12    0.314833
          13    0.314736
          14     0.31464
          15    0.314541
          16    0.314442
          17    0.314344
          18    0.314244
          19    0.314148
          20    0.314049
          21    0.313953
          22    0.313856
          23    0.313756
          24    0.313656
          25    0.313558
          26    0.313461
          27    0.313364
          28    0.313267
          29    0.313168
          30     0.31307
          31    0.312971
          32    0.312875
          33    0.312777
          34    0.312677
          35    0.312579
          36    0.312481
          37    0.312383
          38    0.312285
          39     0.31219
          40    0.312093
          41    0.311994
          42    0.311897
          43    0.311798
          44      0.3117
          45    0.311604
          46     0.31151
          47    0.311412
          48    0.311313
          49    0.311218
          50    0.311126
          51    0.311028
          52    0.310932
          53    0.310835
          54    0.310736
          55    0.310643
          56    0.310551
          57    0.310458
          58    0.310361
          59    0.310264
          60    0.310167
          61    0.310071
          62     0.30998
          63    0.309883
          64    0.309786
          65     0.30969
          66    0.309592
          67    0.309496
          68    0.309401
          69    0.309306
          70    0.309211
          71    0.309116
          72    0.309021
          73    0.308925
          74    0.308831
          75    0.308736
          76    0.308642
          77    0.308549
          78    0.308453
          79     0.30836
          80    0.308265
          81    0.308169
          82    0.308073
          83    0.307977
          84    0.307881
          85    0.307784
          86    0.307689
          87    0.307595
          88      0.3075
          89    0.307404
          90    0.307307
          91    0.307211
          92    0.307115
          93    0.307023
          94    0.306929
          95    0.306833
          96    0.306741
          97     0.30665
          98    0.306554
          99    0.306465
         100     0.30637
