0.754007	0.139286	-0.641928
-0.0153807	-0.139741	0.990069
-0.0162772	0.793247	0.608682
0.0247043	-0.0542415	0.998222
-0.176735	0.0992584	-0.979241
-0.884919	-0.422597	-0.195783
0.075473	-0.0390011	-0.996385
0.600094	0.006231	0.799905
-0.430212	0.420321	-0.798904
0.115668	0.987701	0.105201
-0.964822	0.0691328	-0.253654
0.0766462	-0.866832	0.492673
0.304023	0.263161	0.915596
-0.843053	-0.120569	0.524142
0.39789	0.710521	-0.580383
-0.791924	-0.323424	-0.517932
0.294256	-0.908081	0.297997
0.833895	-0.545198	0.0858953
-0.395755	-0.0386314	-0.917543
0.349529	0.92961	0.116851
0.698895	0.116699	0.705639
0.375342	0.0447101	0.925807
0.715725	0.524074	-0.461609
0.098584	-0.135878	-0.985809
0.0140565	0.0233451	0.999629
-0.196069	0.125507	-0.972525
0.0708501	0.997467	-0.00631292
0.117066	0.24544	0.962317
-0.793876	0.230247	-0.562803
0.827742	0.432801	0.357109
0.0702083	0.0585242	-0.995814
-0.537662	-0.839324	0.0803346
-0.48389	-0.0905357	-0.870433
-0.594411	0.761677	-0.257921
0.343753	0.859442	0.378408
-0.173828	-0.225594	-0.958588
0.985175	0.0930319	0.144135
0.064438	0.37084	0.926458
0.672528	-0.197712	-0.713173
0.0643642	0.0129979	-0.997842
0.407434	-0.14062	0.902344
0.228243	-0.0649436	-0.971436
0.0764932	-0.0159808	-0.996942
-0.901723	0.421665	-0.0953617
0.449899	0.339524	-0.826023
0.0509205	-0.00627484	0.998683
0.00501672	0.00845814	-0.999952
-0.817152	0.244238	0.522121
-0.57485	-0.374032	0.727769
0.694554	0.175179	0.697787
0.445542	0.275102	0.851946
-0.219257	-0.421605	-0.879873
0.373777	-0.87001	0.321516
-0.591482	0.670905	0.447254
-0.385455	0.77914	-0.494334
-0.409182	0.52394	0.747032
0.440661	0.155909	-0.884031
0.549956	0.186052	0.814207
0.69656	0.138599	0.703985
-0.674699	0.0593232	-0.735705
-0.0498878	-0.80639	0.589276
-0.267169	0.0580631	0.961899
-0.481676	-0.460538	0.745582
0.666031	-0.11068	0.737667
0.491624	0.186086	-0.850692
-0.399732	0.652919	-0.643359
-0.266346	-0.415038	-0.869944
-0.544019	0.455896	-0.704416
-0.0282445	-0.466738	0.883944
-0.45713	-0.403963	0.792367
-0.485141	0.0289521	0.873956
0.124528	0.0567561	-0.990591
-0.133373	0.990603	0.0302835
-0.689035	-0.353659	0.632578
0.248549	0.00221837	-0.968617
0.427275	-0.656541	-0.621603
-0.721542	0.384565	0.575749
0.20145	-0.27785	-0.939264
0.463634	-0.553614	-0.691777
-0.0933337	-0.384404	0.918435
0.00763018	0.0401096	-0.999166
-0.56888	-0.613083	0.548182
-0.349366	-0.492959	0.796828
-0.147921	0.346377	0.92636
-0.858268	-0.498436	0.122218
-0.853383	0.484049	-0.19348
0.435731	-0.626569	-0.646181
-0.445531	0.197539	0.873201
-0.533331	-0.235207	0.812549
-0.0449724	0.957301	0.285575
-0.154294	-0.809684	0.56622
0.099273	-0.216362	-0.971253
-0.383025	0.307109	0.871192
0.155528	-0.0875865	-0.983941
-0.0277687	0.0799064	0.996416
-0.0142378	0.0239022	-0.999613
0.00480883	0.147015	-0.989123
0.633335	0.455872	-0.625353
-0.801396	0.519967	0.295632
-0.713192	-0.406195	-0.571282
-0.929711	0.113106	-0.350491
-0.334599	0.6406	0.69114
0.298087	-0.72622	-0.619474
-0.218354	-0.00897673	-0.975828
0.0863049	0.0505526	0.994985
-0.00168643	0.282581	-0.959242
0.0215469	-0.0271164	0.9994
-0.145667	-0.146133	-0.978482
-0.573046	-0.0652707	0.81692
-0.705861	-0.707399	-0.0367016
0.112209	0.238752	0.964576
0.41699	0.0377127	-0.908129
-0.6068	-0.585125	-0.53798
-0.0290778	0.437048	-0.898968
0.808172	-0.58456	-0.0717428
-0.523968	0.434212	-0.732746
0.322896	0.278169	0.904633
0.958027	0.279001	0.0658997
-0.964511	-0.111733	-0.239236
0.78832	0.39753	-0.469597
0.0479949	-0.0635788	-0.996822
0.817834	-0.575104	-0.0200721
0.151478	-0.277724	0.948643
-0.247823	0.944906	0.213859
0.590513	0.761909	0.266061
0.705273	0.0760804	0.704842
-0.593645	0.603458	-0.532376
-0.0862466	-0.0607632	-0.994419
-0.781634	-0.588105	0.207799
-0.0487326	0.162888	0.98544
0.641785	0.642471	0.41874
0.211825	0.0765808	0.974303
0.0643343	-0.21277	-0.974982
0.433575	-0.674549	-0.597491
0.0405773	0.671303	-0.740071
0.0147126	0.694426	-0.719414
0.425205	0.388771	-0.817348
0.831598	0.0776424	0.549924
-0.264484	0.0762596	0.96137
0.486995	0.202826	-0.849528
-0.368601	-0.815392	-0.446396
0.0123964	-0.0368158	0.999245
0.535221	0.223821	0.81452
-0.448837	0.536835	-0.714391
-0.114387	0.391083	-0.91322
-0.312492	-0.947592	0.0664644
0.0253136	-0.00313915	-0.999675
-0.391807	-0.0879499	0.915834
-0.278172	-0.0188396	0.960347
0.993752	-0.0294141	0.107664
0.906813	0.410833	-0.0943761
-0.187819	-0.330982	-0.924757
-0.0180287	-0.999203	0.0356143
-0.191488	0.157888	-0.968712
0.134182	0.440641	0.887598
-0.685728	0.660658	0.305464
-0.043414	-0.205821	0.977626
-0.711388	0.133822	0.689941
-0.177642	0.0971502	0.979288
-0.450946	-0.152783	0.879378
-0.0130087	-0.0103618	0.999862
-0.21245	0.963409	-0.163426
0.099825	0.977595	0.185319
-0.00502004	-0.936046	0.351841
-0.682947	0.349658	0.641344
-0.832773	0.251712	-0.493083
0.302741	-0.749245	0.589051
0.207281	-0.380174	0.901389
-0.425756	-0.440391	0.790435
0.878869	-0.328693	0.34576
-0.604753	0.38755	-0.695757
0.677161	0.0180918	-0.735612
0.907835	-0.206403	-0.365012
-0.160208	0.129598	0.978539
0.305687	0.222317	0.925814
-0.429917	0.0981278	-0.89752
-0.0199842	-0.0690581	-0.997412
0.764863	0.561412	0.315914
-0.241335	-0.827186	0.507465
-0.475922	-0.203917	0.855521
0.758785	-0.117911	-0.64058
-0.477098	0.769129	-0.425227
-0.39396	-0.445922	-0.80371
-0.965907	0.258495	0.0142721
-0.894151	0.0720455	-0.441931
0.47432	0.869978	-0.134758
-0.124552	0.225317	0.966291
-0.856877	0.240174	-0.456156
0.562412	-0.660206	0.497816
0.145757	-0.594461	0.790804
0.0215575	-0.278195	-0.960283
-0.0363098	0.584098	-0.810871
0.173956	0.372435	-0.911609
-0.0497067	0.234606	-0.970819
-0.115007	0.699462	-0.705356
0.107099	-0.389748	-0.914673
0.77371	0.25617	-0.57944
-0.720433	0.0208737	-0.69321
-0.799514	0.530733	-0.281246
-0.875253	0.233207	-0.42373
0.847579	0.394148	-0.355327
-0.129362	0.927419	0.350942
-0.742126	0.5941	-0.310313
-0.0901509	0.378484	-0.921207
0.0803284	0.0642203	0.994697
0.755666	0.054977	0.652645
-0.523364	0.536829	0.661744
-0.061055	0.423705	-0.90374
-0.825816	-0.538803	-0.16649
-0.673499	0.588207	-0.447673
0.302706	-0.412342	0.859269
0.349118	0.114106	0.930106
-0.403357	0.697493	-0.59229
-0.137651	-0.909589	-0.392046
-0.0396153	0.702047	0.711028
-0.649094	0.597471	-0.470855
0.654535	0.429331	-0.622301
-0.0162347	-0.0545933	-0.998377
-0.264339	-0.0193381	-0.964236
-0.605803	0.791395	0.0818319
0.888773	-0.325453	0.322742
0.792787	0.14748	0.591386
-0.646691	-0.093932	0.756946
0.626438	0.0662719	-0.776649
-0.20534	-0.101047	-0.97346
0.044142	0.379553	-0.924116
0.533992	-0.527725	-0.660574
0.465198	-0.805022	-0.368145
-0.107419	0.130901	0.985559
0.0368271	-0.0340745	-0.998741
-0.376536	0.510463	-0.773077
0.450902	-0.312255	-0.836172
0.12431	-0.0662141	0.990032
-0.806023	0.201063	-0.556687
0.514037	-0.739864	0.434012
-0.277732	-0.471239	-0.837137
-0.29904	-0.015972	-0.954107
-0.240109	-0.0588439	-0.968961
-0.989074	-0.0514123	-0.138167
-0.639995	-0.641736	0.422589
0.3607	0.716767	0.596775
0.35986	-0.740839	0.567149
-0.859434	-0.242501	-0.450073
-0.42399	-0.665365	0.614428
-0.291016	0.413709	0.862644
-0.145872	0.0250157	-0.988987
-0.464078	0.86824	-0.175472
-0.200086	0.906598	-0.371546
-0.636776	0.553339	-0.536966
0.131792	-0.136576	0.981824
0.569373	-0.72372	-0.389929
0.617501	-0.415273	-0.668013
0.892092	0.173577	-0.417184
-0.737628	-0.673759	0.0441896
-0.249722	0.150684	-0.956521
0.0104376	-0.00346069	0.99994
-0.613132	-0.746855	0.257444
-0.427187	0.659113	-0.618936
-0.107769	0.384111	0.916976
-0.580449	-0.603663	0.546508
-0.429369	0.566893	0.703046
0.188439	-0.0324588	-0.981548
-0.870919	0.196122	0.450595
-0.207786	0.884132	-0.418492
-0.0802236	-0.130302	-0.988223
0.251538	0.770616	0.585559
0.916633	0.134816	-0.376308
0.0390562	0.973735	0.224309
0.286121	0.930725	0.227783
-0.189101	0.309818	0.931801
0.410934	-0.158899	0.897711
0.950097	0.242435	-0.196321
-0.0077267	0.12634	-0.991957
0.229203	-0.714213	-0.661337
-0.138495	-0.98919	-0.0481994
0.00173431	0.155384	-0.987853
0.275256	-0.841289	-0.465259
-0.147469	0.0404645	0.988239
0.724874	-0.0471054	-0.687269
-0.380035	-0.0693465	0.922369
-0.284117	-0.500825	0.817589
0.480555	-0.838076	-0.258255
0.00546022	0.00500109	-0.999973
-0.74662	-0.0937608	0.65861
-0.87984	-0.08374	0.467835
0.071337	0.612767	0.787037
0.13648	0.980283	0.142891
0.0329297	0.847364	-0.529991
-0.549813	-0.0863763	-0.83081
-0.555187	0.810473	0.186821
-0.0187957	-0.00769258	0.999794
0.771505	-0.630971	0.0815765
0.875353	-0.290659	-0.38636
0.0382011	-0.35125	-0.935502
-0.874371	-0.483663	0.0393164
0.00158233	-0.134092	0.990968
0.180086	-0.162782	0.970088
-0.248251	0.295775	0.922436
-0.649588	0.759628	-0.0316377
-0.440674	0.231297	0.867357
0.0723491	-0.0787994	0.994262
0.800256	0.315612	0.509882
-0.00154595	0.00125918	0.999998
-0.644079	-0.730845	0.225893
0.0255612	0.225576	0.97389
0.204574	-0.618701	-0.758524
-0.114567	-0.640337	-0.759502
-0.170901	-0.696804	0.696604
-0.455673	0.625076	-0.633752
0.141018	-0.21288	-0.966848
-0.348588	-0.0482393	0.936034
0.959491	-0.149595	0.238742
0.299813	0.0636049	0.951875
-0.383861	0.806272	0.450084
-0.536109	0.586719	-0.606916
-0.00288363	-0.89533	-0.445393
-0.0260391	0.417123	-0.908477
0.00276262	-0.0469213	-0.998895
0.344861	0.107003	-0.932535
0.959837	0.0699201	-0.271705
-0.0462955	-0.314298	0.948195
-0.866386	0.342923	0.363015
0.175209	0.70766	-0.684485
-0.654967	0.483788	0.580488
0.551586	-0.808994	-0.203178
-0.4077	0.286786	0.866911
-0.885574	-0.114946	0.45005
0.794644	0.0840317	-0.601232
-0.878601	-0.382011	0.286579
0.041719	-0.0304137	-0.998666
0.00662734	0.0243868	0.999681
-0.548333	0.742709	0.384337
0.600457	-0.738885	0.305779
0.761007	0.0536746	0.646519
-0.428162	-0.130588	-0.894217
0.306527	0.697509	0.647705
0.977677	-0.209324	-0.0181992
-0.154327	-0.0696206	0.985564
0.308925	-0.368118	-0.876958
-0.569691	-0.393115	0.721742
0.424739	0.685652	0.591166
-0.695527	-0.662954	0.27701
-0.466532	-0.804777	-0.366991
-0.0397452	0.0517116	0.997871
-0.547413	0.828191	-0.120161
-0.770972	0.612953	0.17289
-0.749926	0.00281095	-0.661516
0.386841	-0.395004	0.833262
-0.049607	0.60598	0.793931
-0.204871	0.376436	-0.903507
0.394984	0.617816	-0.67992
0.150125	-0.746726	0.647968
-0.827276	-0.473214	0.302792
0.719374	-0.376376	0.583817
-0.239203	-0.131819	0.96198
-0.219299	0.281725	0.934098
-0.447159	-0.742326	0.499
0.861307	-0.0827629	-0.501299
-0.678343	-0.151427	0.718972
0.00132841	-0.00349214	-0.999993
-0.565088	0.0196804	0.824796
-0.317293	-0.888419	0.331718
0.239554	-0.309346	0.920282
0.68211	-0.625733	0.378398
-0.0290902	0.970217	0.240483
0.557093	0.348298	0.75388
0.0281802	-0.00634325	-0.999583
-0.162015	0.484549	-0.85963
-0.298903	-0.283314	-0.911257
-0.544293	0.138692	0.827351
0.0963919	0.631389	0.769452
-0.239943	0.0537281	-0.969299
-0.241926	0.631317	-0.736825
0.435383	-0.0776218	0.896893
0.85788	-0.460874	-0.227237
0.364445	0.034207	0.930597
0.463135	-0.733848	-0.496965
-0.504378	-0.481458	-0.716799
-0.0416331	-0.020644	-0.99892
-0.897451	0.0908202	0.431663
0.266307	-0.374526	0.88815
-0.518871	0.341881	-0.783511
-0.333802	-0.717696	0.611137
-0.377871	-0.402938	0.833579
0.231687	0.269598	-0.934686
-0.111851	-0.021254	0.993498
-0.17828	-0.686665	0.704775
0.838286	0.0635223	0.541518
-0.227931	0.260466	0.938192
-0.085193	-0.968011	0.236003
0.265443	0.812948	-0.51832
0.20462	0.420799	0.883776
0.102255	-0.193393	0.975778
-0.186868	0.286562	0.939661
0.492288	-0.197588	-0.84771
0.898649	0.243347	0.364982
0.416466	-0.156457	0.895588
-0.217089	0.819398	-0.530527
0.414097	0.806864	-0.421301
0.061696	-0.80913	-0.584382
-0.380931	0.651583	-0.655996
0.206504	0.0215051	0.978209
-0.736286	0.21475	-0.64169
0.94094	0.145854	0.305546
0.796362	-0.263845	-0.544236
-0.174646	0.0598893	0.982808
0.168704	-0.557189	-0.813068
0.673187	0.268576	-0.688974
-0.196364	0.118617	-0.97333
-0.0921599	-0.637233	-0.765141
0.75186	-0.0201963	0.659014
0.860128	0.498527	0.107937
-0.501471	0.471048	-0.7257
0.414554	-0.0912166	-0.905442
0.335387	-0.244572	-0.90978
0.657075	-0.252957	-0.710116
-0.168633	0.102061	0.980381
-0.883279	0.229901	-0.408612
0.0499588	-0.0962133	-0.994106
-0.127997	-0.0396348	-0.990982
0.638512	-0.280778	0.716566
-0.884946	0.220163	0.410364
0.141207	-0.818098	0.557472
-0.250065	-0.89932	-0.358736
0.26903	-0.718391	0.641512
0.720053	-0.663301	0.20385
0.467061	0.711923	-0.524422
0.620029	0.0281261	0.784074
-0.191298	-0.841021	-0.506052
0.270491	-0.907894	0.320255
0.062781	7.56037e-05	-0.998027
0.805226	-0.233491	0.545062
0.347828	-0.70367	-0.619568
-0.096291	-0.30431	0.947694
-0.327953	-0.423195	0.844602
0.375077	0.0165935	0.926845
-0.151137	0.806585	0.571471
0.950642	-0.154827	-0.268901
0.536311	0.0951283	0.838642
0.648418	-0.737493	-0.188834
-0.212275	-0.0222603	-0.976956
-0.441811	-0.744465	-0.500574
-0.972194	-0.210717	0.102167
-0.329462	-0.805	-0.493387
-0.934882	0.00660479	0.354896
-0.171695	-0.964408	0.201093
-0.374003	0.745928	0.551101
0.311466	-0.917985	0.245547
0.82243	0.48464	0.29788
0.00142509	0.00105269	0.999998
-0.784482	0.499192	-0.367961
0.121312	0.422436	-0.898238
-0.466297	0.659693	-0.589383
-0.283905	0.472057	0.834602
0.408412	0.0948209	-0.907859
-0.830685	-0.486966	-0.269864
-0.146123	-0.147073	-0.978273
-0.701241	0.0710405	0.709376
-0.423535	0.819179	0.386735
-0.361214	-0.208958	-0.908769
-0.0280416	0.02296	-0.999343
-0.304674	-0.253637	-0.918064
0.402639	0.250588	-0.880391
-0.821121	0.169322	0.545059
0.65977	-0.662282	0.355085
0.608187	-0.788633	-0.0903655
-0.412516	0.669182	-0.618082
0.154863	-0.37845	0.912575
-0.0184751	0.70275	-0.711197
-0.443349	-0.894292	0.0606856
0.0203676	-0.9712	-0.237393
0.951276	-0.167025	0.259186
-0.0409579	-0.258016	-0.965272
0.593789	0.793863	-0.131134
0.0219528	0.0382379	0.999027
-0.739617	0.299494	0.602719
0.32093	-0.286712	0.902663
-0.388235	0.127801	0.912656
-0.812968	0.318904	-0.487219
0.891761	0.150534	-0.426733
-0.727391	-0.194775	0.658001
-0.163828	0.0489909	0.985272
0.540783	-0.776597	0.32319
-0.311311	-0.746715	0.587794
0.248862	-0.689787	-0.679899
0.891509	0.0906882	0.443833
-0.53304	-0.117927	-0.837831
-0.581181	-0.304834	-0.754523
-0.886891	0.37709	0.266884
0.423229	0.204405	-0.882664
0.0285409	-0.189992	-0.981371
0.13862	0.413826	-0.89974
0.512436	-0.097111	-0.853217
0.0956249	-0.373254	0.922788
-0.0443838	-0.061413	0.997125
0.299293	-0.85009	0.433325
-0.000813091	-0.0130239	-0.999915
0.438379	-0.751541	-0.492961
-0.842148	-0.538899	0.0193776
0.812958	-0.562579	0.150347
0.244751	0.143615	-0.958891
-0.718883	-0.0902863	0.689243
-0.278511	-0.388678	0.878272
-0.725218	0.677946	-0.120199
0.600512	-0.197608	-0.774814
-0.120095	-0.115438	0.986028
0.125287	-0.866232	-0.483679
0.179141	0.977441	-0.111878
-0.527042	-0.121385	-0.841126
-0.45645	0.586315	-0.669244
0.156211	0.374282	-0.914063
0.273714	-0.599926	-0.751778
-0.397341	0.487372	0.777553
0.0600222	0.939071	0.338442
-0.4679	-0.853932	0.227749
0.289473	-0.782302	0.551552
0.048351	0.602963	-0.796302
0.653655	0.277819	0.703954
-0.219906	0.262665	0.939494
0.602444	-0.596118	0.530758
-0.53286	-0.0426869	-0.845126
0.768413	-0.638292	0.0460985
0.644611	0.321582	-0.693586
-0.796643	0.578724	0.174467
0.284887	-0.90511	0.315619
0.0289894	0.210287	-0.97721
-0.635052	0.394184	0.664325
0.0855375	0.939134	0.332733
-0.181475	0.0928142	0.979006
-0.374663	0.499872	0.780868
0.120922	0.135244	0.983406
0.980798	-0.189775	0.0449509
-0.146471	-0.00785394	0.989184
0.113545	-0.764619	0.634402
0.464466	0.10969	0.878772
0.279309	0.94864	0.148556
-0.209215	0.716632	-0.665333
-0.251615	-0.555564	0.792489
-0.582547	-0.81241	0.0250793
-0.249997	0.901948	0.352123
-0.630935	-0.375327	0.679007
-0.192047	-0.0388518	-0.980616
0.462507	0.519274	-0.718639
0.123834	0.0489492	-0.991095
0.508884	0.809527	-0.292749
-0.202165	-0.964561	0.16956
-0.0195761	0.0172265	-0.99966
-0.805468	0.591842	0.0307277
0.822077	0.527501	-0.21432
-0.309901	-0.936645	0.163271
-0.437903	0.704293	-0.55876
0.0548143	-0.0999976	-0.993477
-0.928383	-0.363577	-0.0769196
0.722053	0.0977446	-0.684898
0.632357	0.506831	0.585872
0.602929	-0.716418	-0.351031
0.0421187	-0.482737	0.874752
0.931919	0.104115	0.3474
0.0539284	-0.326264	-0.943739
0.207489	-0.909392	0.360491
0.441182	-0.42345	-0.791232
0.974038	0.0634068	-0.217326
-0.272163	-0.242169	0.931279
0.496143	-0.861186	-0.110459
0.221679	-0.372262	0.901265
-0.2832	0.955446	0.0831906
0.044476	-0.0231599	-0.998742
-0.140713	-0.948647	-0.283319
-0.904298	-0.422515	0.0610506
0.914487	-0.379403	0.140596
0.478074	-0.440032	0.760142
0.132987	-0.0740758	-0.988346
-0.468956	-0.456703	0.755978
-0.0896842	0.0136483	0.995877
-0.205936	0.19794	0.958337
0.0106111	0.183135	-0.98303
0.745871	-0.662064	-0.0731311
0.221479	0.499546	0.837497
0.565922	-0.529013	-0.632359
-0.948956	0.0500046	0.311419
-0.64465	0.587087	0.489648
0.214096	-0.237059	0.947611
-0.0601165	-0.15183	-0.986577
-0.805659	-0.312541	0.503222
0.291261	0.502449	-0.814071
0.570058	-0.795326	-0.206131
-0.535762	0.108669	-0.837347
0.196017	-0.149999	-0.96906
-0.995923	-0.0874908	-0.0219606
-0.246106	0.231594	-0.941167
0.0565506	0.170873	0.983669
-0.559043	0.819659	0.125025
0.700571	0.396186	0.593495
0.328883	0.0526742	0.942901
0.233508	-0.108559	-0.966276
0.630768	0.645259	0.431013
0.0221462	-0.279604	-0.95986
-0.560724	-0.664011	-0.49465
0.674338	0.175455	-0.717276
0.440096	-0.847785	-0.295931
-0.177909	0.0731916	0.981321
-0.0230778	0.051872	0.998387
-0.630097	-0.0800215	-0.772382
0.213933	0.0188448	0.976667
-0.804691	-0.285092	-0.520763
-0.404852	-0.868824	0.285027
0.350557	0.451668	-0.82043
0.543227	0.0444051	-0.838411
-0.4878	0.183703	0.853407
0.330943	0.687692	0.646186
-0.482771	0.242852	-0.8414
-0.143218	-0.967592	-0.207979
0.974476	0.174947	0.140679
-0.694821	-0.718542	-0.0303352
0.160751	0.26224	0.951519
-0.955114	0.295842	0.0153345
-0.849893	0.495853	-0.178358
-0.449869	0.117035	0.885393
0.32622	0.941795	-0.0812602
-0.411219	0.0536622	0.909956
-0.314745	-0.919928	0.233813
0.504773	0.863003	0.0207535
0.112727	-0.816035	-0.566904
0.879391	-0.466841	-0.0934408
0.737711	0.165346	-0.654556
0.563732	0.824786	-0.0439744
-0.188021	-0.215135	0.958314
-0.101379	-0.56043	-0.821974
0.967926	-0.209918	-0.138032
0.957273	-0.183148	-0.223797
0.258789	-0.600484	0.756602
0.226595	-0.798747	0.557366
0.0839157	0.614275	0.784617
0.450859	-0.892592	-0.00231604
-0.273005	-0.283452	0.919306
0.18038	-0.654437	0.734286
0.981929	-0.137881	-0.129629
-0.00827621	0.0285018	0.999559
0.713472	0.554901	0.427835
-0.549799	0.49803	-0.670587
0.198791	-0.932815	0.300565
-0.431926	0.409245	-0.803716
-0.0338892	0.885897	0.462642
0.0634691	0.0194427	0.997794
-0.259216	0.0909959	0.961523
0.460051	-0.509761	-0.726978
-0.729356	-0.635606	0.253072
-0.816706	-0.253598	-0.518344
-0.242724	-0.27935	0.929004
0.995425	-0.0222811	-0.0929107
0.363042	-0.452364	-0.814596
0.133114	-0.75284	-0.644603
0.0498281	0.372576	0.926663
0.816517	-0.399265	-0.416998
0.190118	0.0196898	0.981564
0.83754	0.128843	0.530967
-0.297176	-0.358998	0.884764
0.121401	-0.281744	0.951778
-0.219795	0.0700488	0.973028
0.854472	-0.505847	-0.118305
-0.526462	0.117359	0.84206
0.419112	-0.865359	0.274769
-0.143458	0.34372	0.92805
-0.983212	-0.177056	0.0441028
-0.670541	0.589581	0.450299
-0.0487814	-0.72954	-0.682196
0.611962	0.733495	0.295782
-0.340277	0.160559	-0.926516
0.0858818	0.051741	-0.994961
0.585188	-0.742423	-0.326133
-0.600123	0.436473	0.67033
-0.96507	-0.2124	-0.153383
-0.461994	0.641731	-0.612163
0.34668	0.908499	0.233328
-0.0645638	-0.995843	0.0642442
-0.617585	-0.737317	0.273774
-0.410519	0.186464	0.892583
-0.447937	0.880181	-0.156953
0.875529	0.354302	0.328509
0.136321	-0.453938	0.880544
-0.148883	0.429009	0.890946
0.25603	-0.0720892	-0.963977
0.104178	-0.0367934	0.993878
0.147725	0.35304	0.923872
-0.837065	-0.430652	-0.337433
-0.694668	-0.274116	0.665054
0.0309568	-0.0248006	-0.999213
0.161762	0.307125	-0.937821
-0.88314	0.0859841	0.461162
-0.32302	0.248443	0.9132
0.00122651	-0.00174323	0.999998
-0.444163	0.434153	-0.783729
0.0118725	-0.190422	0.98163
-0.251323	-0.360409	0.8983
0.284771	0.361762	-0.887713
0.344498	0.303415	0.888403
-0.367632	-0.172572	0.913819
-0.0137277	0.262918	-0.964721
-0.748664	-0.31547	0.583079
-0.0462489	-0.288843	-0.956259
0.0411198	0.0265025	-0.998803
0.0218273	0.0140306	-0.999663
-0.486389	0.472607	-0.734894
-0.216147	0.940307	0.262874
0.908725	-0.394126	-0.137416
0.446504	0.112523	0.887679
0.360673	0.406455	-0.83947
0.562802	0.589804	-0.579125
-0.354202	0.915785	0.189416
0.359082	-0.122062	0.92529
0.251117	0.597753	-0.761335
0.263289	0.929285	0.259052
0.794168	0.517798	-0.318091
-0.433168	0.201573	-0.878484
-0.508181	-0.577224	0.639191
0.262582	-0.259511	-0.929357
0.617004	0.29338	0.730229
-0.879936	-0.0601863	0.471265
0.777078	0.0703216	-0.625463
-0.940698	-0.316806	-0.121328
-0.894741	-0.138557	0.424547
0.0683749	-0.539438	0.839245
-0.0860626	-0.469268	0.878852
0.383019	-0.509925	0.770243
-0.0457349	-0.955034	0.292949
0.0779522	0.896964	0.435177
-0.405279	0.828584	-0.38626
0.18822	-0.757981	-0.624531
-0.807136	0.504113	-0.30725
-0.187754	-0.112867	-0.97571
-0.725349	-0.107598	-0.67992
0.152264	-0.898949	-0.41074
0.418934	0.769942	-0.481336
0.0375921	-0.159323	0.986511
0.897446	0.232561	-0.374842
0.368637	0.766346	0.526138
0.182556	-0.069222	-0.980756
-0.547888	0.836529	-0.00620164
0.707257	-0.339174	-0.620281
0.919027	0.250511	0.304356
-0.0242592	0.0339253	0.99913
-0.809159	-0.307356	0.500794
-0.362022	0.928671	-0.080687
0.664032	-0.692113	0.282916
0.516804	0.265188	-0.813995
-0.0273109	0.0975851	0.994852
0.518746	-0.64985	-0.555516
0.535846	-0.829479	-0.157589
0.0136014	0.625215	0.780334
-0.721806	-0.314389	-0.616568
0.85647	0.464616	0.224927
0.15744	-0.661402	0.733321
-0.061768	-0.101094	-0.992958
0.990239	-0.00867371	0.139107
0.099893	0.138082	-0.98537
-0.317359	-0.314474	-0.894645
-0.015243	0.0141745	0.999783
0.436291	-0.509656	-0.741553
0.0278772	0.0186886	0.999437
-0.137067	0.736097	-0.662853
0.233804	-0.161832	-0.958721
-0.0921556	0.0170865	0.995598
0.416129	0.44578	-0.792538
-0.0163542	-0.0282355	-0.999468
0.733729	-0.279413	-0.619331
-0.0716847	-0.781007	-0.620394
0.101241	0.354008	0.929747
0.303144	0.914816	-0.266862
0.972482	0.222488	0.0691231
0.228572	0.675288	0.701243
0.109279	-0.919543	-0.377491
-0.97937	-0.123621	0.159851
-0.711082	0.130003	-0.690986
0.260139	-0.387647	-0.88434
0.337023	-0.807415	-0.484248
0.185577	-0.160944	0.96936
0.865522	0.421613	-0.270397
-0.0456487	0.0789228	0.995835
-0.144738	-0.780833	-0.607742
-0.976901	0.203788	0.0643097
0.0574855	0.157187	0.985894
0.306881	0.876697	0.37044
-0.960983	-0.0346788	0.274424
0.628436	-0.743695	0.228006
0.0412581	0.301362	-0.952617
0.0590441	0.465575	0.883036
0.0427406	0.903948	0.425502
-0.0139934	-0.111434	0.993673
0.4375	0.895167	-0.0852592
-0.625306	0.670801	0.398772
-0.105503	-0.558798	-0.822565
-0.903711	-0.222389	0.365854
-0.851508	0.250909	-0.460412
0.330066	0.744128	-0.580801
0.0920763	0.252663	-0.963163
0.0860737	0.112259	0.989944
-0.931419	0.263781	-0.250757
-0.0249283	-0.653393	-0.756608
-0.309783	0.318354	0.895927
0.493557	0.551473	0.672517
0.321498	0.87662	-0.358017
0.0138578	-0.858617	-0.51243
0.982118	-0.178329	0.0603562
-0.237487	0.955095	-0.177182
0.0745075	0.295538	0.952421
-0.454874	-0.887939	0.0682214
0.00808146	0.00203382	-0.999965
0.120962	0.137247	0.983123
0.620872	0.770971	-0.14185
-0.478047	0.837115	-0.265913
-0.0161533	0.180291	0.983481
-0.750577	-0.50828	0.422239
0.0364799	-0.0132594	0.999246
-0.490908	0.0365718	0.870444
-0.0887976	0.394742	-0.914491
0.439426	0.689163	0.576159
-0.0163052	0.0215078	0.999636
0.134356	-0.449516	-0.88311
0.0292164	0.0125461	0.999494
0.93027	-0.362264	-0.057994
-0.813186	0.581279	-0.0290205
0.632216	-0.0591617	0.77253
0.143672	0.9341	0.326825
0.534613	-0.728238	-0.428787
-0.597765	-0.320063	-0.735008
0.570485	-0.207617	-0.794633
-0.12003	0.956714	0.265124
-0.1815	0.303404	-0.935416
-0.0312085	-0.142123	-0.989357
-0.182093	-0.90934	-0.37409
-0.337219	0.93649	0.0962811
-0.925054	-0.346436	-0.155749
0.437939	0.70522	0.557561
-0.0845321	0.710305	0.6988
-0.205287	-0.201306	0.957775
0.478205	-0.376719	0.79335
0.413869	-0.103984	0.904378
-0.121069	-0.857032	-0.500838
-0.390614	-0.461012	-0.796799
0.969597	-0.169682	-0.176322
0.101653	0.868322	0.485473
0.461999	0.288331	-0.838703
-0.956851	-0.276112	0.0905488
0.745454	0.52442	-0.41144
0.698947	-0.711407	0.0732942
-0.52584	-0.552611	-0.646617
0.889938	0.236902	0.389728
-0.595475	-0.787557	-0.158627
0.00640862	0.399944	0.916517
-0.557602	-0.0143882	-0.829984
-0.478358	-0.755504	-0.447646
-0.971478	0.0312701	-0.235058
0.250949	0.159803	0.954719
0.50747	-0.00867217	-0.861626
0.774826	0.599443	0.200779
-0.20929	0.394591	0.894704
0.000149193	0.00278022	-0.999996
0.0361108	-0.129072	-0.990978
-0.624799	-0.15535	0.765175
-0.579582	0.267732	-0.769678
-0.135804	-0.660234	-0.73868
0.200269	-0.444144	-0.873286
-0.185881	0.392521	0.900764
-0.21922	0.0697918	0.973176
-0.00891957	0.0286581	0.999549
0.0651241	-0.0535447	-0.99644
-0.102576	0.975968	-0.192264
0.220631	0.523585	0.82291
-0.771969	0.0453799	-0.634038
-0.191888	0.0712448	0.978827
-0.581945	0.536828	0.610864
0.198436	-0.966146	0.164876
0.327457	-0.0725222	0.942079
-0.240017	0.211963	0.947345
0.582014	0.247033	0.774748
0.793389	-0.16702	-0.585354
0.55739	0.604255	0.569378
0.0787295	-0.0127339	-0.996815
-0.0109253	0.0315731	-0.999442
0.41193	0.910909	0.023638
-0.199952	0.20507	-0.958105
0.717042	0.67927	0.156345
0.375803	0.535144	0.756567
-0.513764	-0.327203	0.793085
0.490688	-0.864163	0.11157
0.0451964	0.651828	0.757019
0.0019212	-0.000112195	0.999998
0.141782	-0.679205	-0.720124
0.0462555	-0.0604471	0.997099
0.634416	-0.423087	0.646926
-0.260655	-0.0469623	-0.964289
-0.716629	0.428548	-0.550263
0.891946	0.106823	-0.439342
-0.395008	-0.76469	-0.509134
-0.0584033	0.20322	0.97739
-0.525733	0.138358	0.839323
0.0589348	-0.11314	-0.99183
0.0911912	0.0665857	0.993605
0.368264	0.656896	-0.657928
0.707625	0.340088	-0.61936
-0.0333808	-0.345351	-0.93788
-0.223249	0.739144	0.635473
-0.427151	0.179913	0.8861
-0.863788	0.474136	-0.170487
-0.0758986	-0.0475614	-0.995981
0.559171	-0.394796	-0.729015
-0.934725	-0.170798	0.311636
0.142057	-0.0984059	-0.984955
0.375923	0.251774	0.891791
-0.145458	-0.316704	-0.937305
0.0725082	-0.00619103	0.997349
0.753151	-0.180711	-0.63254
-0.921157	-0.0930554	0.377904
0.848123	0.306032	-0.432472
0.912899	-0.405166	0.0495528
-0.636116	-0.725689	0.262168
-0.0415253	0.095955	-0.994519
-0.748077	0.568017	-0.343128
-0.0494404	0.224253	0.973276
0.590198	-0.030205	-0.806693
0.175258	-0.111639	0.978172
-0.35517	0.446943	0.821034
-0.0364688	-0.0619693	0.997412
0.0323597	-0.197527	0.979763
0.219891	-0.436945	-0.872197
-0.343291	-0.889338	0.302042
-0.572006	0.581164	-0.578842
0.0607159	-0.433731	0.898995
-0.407304	0.0529507	-0.911756
0.313511	-0.313795	0.896238
0.38501	0.815324	-0.432451
-0.214049	-0.0128471	0.976738
0.6165	-0.782866	-0.0839603
-0.562571	0.469744	-0.680334
0.461002	0.341298	-0.819142
-0.381369	-0.0955062	0.919476
0.892198	0.342301	-0.294639
0.866864	0.475658	0.149316
0.0410855	-0.0136588	0.999062
-0.816385	0.466712	-0.34014
0.423639	-0.681384	-0.596864
0.735703	-0.456626	-0.500233
0.824728	0.520002	0.222312
0.333733	0.239233	0.911806
0.0457694	-0.968411	0.245124
0.0429668	0.462084	0.885795
0.126492	-0.0517436	0.990617
-0.0452922	0.99377	-0.101832
-0.025973	-0.0368132	-0.998985
0.549239	0.643873	-0.532695
-0.0280455	-0.994735	0.0985719
-0.0553057	0.0944542	0.993992
-0.0815724	0.495468	0.864787
-0.364894	0.741843	-0.562602
-0.471818	-0.809365	-0.349738
0.0025693	0.0677879	0.997696
-0.792378	-0.566502	-0.226301
-0.785789	0.532692	-0.314285
-0.273602	0.200839	-0.940641
-0.490543	-0.650892	0.579402
-0.368911	-0.105124	-0.923501
-0.747756	-0.159291	0.644583
0.0698785	0.138885	0.98784
0.056954	-0.28179	-0.957784
-0.460337	-0.269027	0.845999
-0.548307	0.638338	-0.540263
0.86366	0.000502832	-0.504074
0.295445	-0.953166	-0.0647021
-0.0676157	0.398042	-0.914872
0.814503	-0.450866	0.36511
0.533834	0.24918	-0.808041
-0.910008	0.391745	0.135723
-0.0871079	-0.109576	-0.990154
-0.666746	-0.521521	0.532415
-0.340342	-0.235501	-0.910333
-0.473955	0.876482	0.0845355
-0.0842278	0.12856	0.988118
0.0425368	0.0901124	0.995023
0.13784	0.00512083	0.990441
0.822529	0.366404	-0.434964
-0.993251	0.115954	0.00268178
0.921058	0.352763	-0.164957
0.40448	0.110111	0.907894
0.332092	-0.730939	0.596191
0.0304003	0.0325538	0.999008
-0.0558549	-0.772978	-0.631969
0.0327198	-0.424935	0.904632
-0.660184	-0.0852668	-0.746249
0.0830455	0.281194	-0.956051
0.614036	-0.34161	0.711521
0.239312	0.0652877	-0.968745
-0.510739	-0.198961	0.836397
-0.104793	0.28705	-0.952166
-0.0318529	0.152806	-0.987743
0.238181	0.144618	-0.960393
0.130704	0.00601941	0.991403
0.127632	-0.255714	0.95829
-0.551087	-0.60666	0.572945
-0.0527467	-0.794995	0.604318
0.153074	-0.0475789	0.987069
-0.890658	0.0936909	-0.444917
-0.0602908	-0.630091	0.774178
0.294716	0.357409	-0.886229
-0.633028	0.363255	0.683609
-0.913554	-0.047976	0.403878
0.446928	-0.835868	-0.318716
-0.790023	-0.52078	0.3235
0.422879	-0.525514	0.738247
-0.943822	0.328876	-0.0322565
-0.0050687	0.0509854	0.998687
-0.367421	0.701089	0.611126
0.078649	0.175299	0.981369
0.46605	-0.768734	0.438001
-0.865942	0.267979	0.422294
-0.0343597	0.361298	-0.931817
-0.503996	0.0434889	-0.86261
-0.86489	-0.265378	0.426075
-0.265996	0.212603	-0.940237
0.0825719	-0.97398	-0.211058
0.937433	0.150912	0.313759
-0.0315061	-0.0119404	0.999432
-0.602007	0.385277	-0.699392
-0.539091	-0.751112	-0.381066
0.988034	-0.0931119	-0.122963
0.59595	-0.502002	0.626767
-0.071403	0.0195736	0.997255
-0.205438	-0.0154542	-0.978548
0.411594	-0.218617	-0.884758
-0.967132	-0.244389	0.0702084
0.0596898	-0.0236561	0.997937
0.935588	0.159593	0.314968
0.110104	-0.206337	0.972266
0.218422	-0.927907	-0.302127
0.331485	-0.477048	-0.813967
0.042198	0.0054344	-0.999094
0.395934	-0.0543458	0.91667
-0.0305382	-0.101915	0.994324
-0.363171	-0.79998	0.477639
-0.389372	-0.25805	-0.884194
-0.145471	0.243158	0.959016
0.392552	-0.584853	0.709824
0.0515003	0.132606	-0.98983
0.215315	-0.0345831	-0.975932
-0.360047	-0.0327764	-0.932358
0.197109	-0.704905	0.681364
0.793937	-0.580783	0.179876
-0.796824	0.588954	0.134928
0.218858	0.84425	0.489228
-0.010236	-0.0891566	0.995965
-0.959324	0.179338	0.218027
0.625914	-0.183795	-0.757926
-0.0151436	-0.0207225	-0.999671
0.0681998	-0.161277	-0.98455
-0.164673	-0.497278	-0.85182
0.275623	-0.752787	-0.597783
0.379382	-0.783031	0.492881
-0.62341	0.0112731	-0.781814
-0.0393877	0.0114021	-0.999159
0.382177	-0.210907	0.899699
0.533051	-0.316716	0.784569
0.0635554	-0.0387275	-0.997227
0.0657877	0.452741	-0.889212
0.00459364	0.601727	-0.798689
0.293219	0.619572	0.728116
0.21	-0.290276	0.933617
0.157429	0.943534	-0.291478
-0.11119	-0.103712	-0.988373
0.890044	0.121685	-0.439333
-0.315049	0.522223	-0.792482
0.127648	-0.444212	0.886781
0.526158	0.280099	-0.802934
0.761592	-0.16596	-0.626446
-0.809523	0.154583	-0.566372
-0.438369	-0.481755	0.758779
-0.883185	-0.141055	-0.447311
0.287263	-0.903175	-0.31899
0.758292	-0.648117	0.0702689
-0.248462	-0.486461	0.837629
0.0103348	-0.249727	0.968261
0.507658	-0.634847	-0.582454
0.817124	-0.5761	-0.0204136
-0.900656	-0.246412	0.357911
0.306237	-0.560506	0.769449
-0.104048	-0.00934017	0.994528
0.387749	0.185559	-0.902895
0.68106	-0.466917	0.564045
-0.440012	-0.277676	0.853982
-0.745975	0.317418	-0.585462
0.235739	0.0831809	-0.96825
-0.453552	0.499993	-0.737765
-0.910267	0.393969	0.127288
-0.115657	0.2548	0.960052
0.127121	-0.863308	0.488405
0.064526	-0.116111	-0.991138
-0.639753	-0.0404063	0.767517
-0.158802	0.0772837	-0.984281
-0.164054	-0.860422	0.482451
0.324903	0.148044	-0.934088
-0.37941	-0.735529	0.561288
-0.413677	0.409006	-0.813379
0.751882	-0.273071	0.600088
-0.685373	0.718576	-0.117951
0.0355237	0.67965	0.732676
-0.00628352	-0.229993	0.973172
0.28956	-0.257894	-0.921762
0.420111	0.302476	0.855579
0.0646566	-0.938719	0.338564
-0.4382	0.317144	-0.841071
-0.234131	0.617515	0.750905
0.989965	-0.140334	0.0165965
-0.617334	0.61106	0.495484
0.584331	-0.759284	0.286435
0.159849	-0.328793	0.930776
0.241393	-0.00448968	0.970417
-0.161317	-0.260323	-0.95195
-0.031221	-0.464917	0.884804
-0.668324	-0.49693	-0.553537
0.362156	0.494955	-0.78985
-0.108916	-0.0469939	-0.99294
-0.348696	0.50097	-0.792111
0.0743396	0.925687	-0.370913
-0.0257998	0.0719887	0.997072
0.198444	0.795499	0.572539
0.940321	-0.232303	-0.248659
-0.259927	0.781747	0.566842
0.84598	-0.0158944	0.532978
0.149242	0.168177	0.974394
-0.0133638	0.0630425	-0.997921
0.257892	-0.6301	0.732438
-0.384831	0.55583	-0.736857
0.337662	-0.402006	0.851103
0.541922	-0.203514	-0.815416
0.131369	0.112893	0.984885
0.400089	-0.806435	0.435421
0.401405	-0.121204	-0.907846
0.253883	-0.390146	0.885059
-0.216767	-0.238199	-0.946717
0.984013	-0.114206	-0.13666
-0.913551	0.22577	-0.338307
0.0460653	-0.0534981	-0.997505
0.334886	-0.397223	-0.854438
0.277315	-0.0333018	-0.960202
-0.695159	0.71328	0.0893627
0.596813	0.559504	-0.575125
0.596168	-0.0802811	-0.798836
0.404239	-0.222679	-0.887133
0.825922	-0.533303	-0.182871
0.111295	0.561642	0.819861
-0.612397	-0.469008	0.636397
-0.292725	0.387113	0.874332
-0.865368	0.196621	-0.460953
-0.873632	-0.235224	-0.425953
0.608044	-0.355235	0.709993
-0.00251463	0.00138754	0.999996
-0.533874	0.450129	0.715795
0.931677	-0.114026	-0.344929
0.745331	0.0278738	-0.666111
-0.213007	-0.975649	-0.0523086
-0.0463757	-0.0471094	0.997813
-0.00429455	0.938198	0.346074
0.574032	0.124428	-0.809324
-0.0452543	0.44152	-0.89611
0.0233065	0.832814	-0.553062
-0.535726	0.722212	-0.437502
0.741623	0.636841	0.210781
0.800358	-0.190346	-0.568502
0.0277068	-0.0139675	0.999519
0.350332	0.244653	0.904109
-0.648643	-0.0250012	0.760682
0.0556775	-0.194356	-0.97935
-0.0198092	0.104646	0.994312
0.0956611	0.638348	0.76378
-0.224117	-0.974027	0.0323019
-0.253802	-0.819789	0.513352
-0.0231955	0.338173	0.940798
-0.672889	0.56597	0.476338
-0.819933	0.503753	0.271924
-0.041574	0.0236301	0.998856
-0.516036	0.15026	0.843284
-0.798995	0.545576	-0.25289
-0.0416004	0.0056533	0.999118
0.139417	0.0815256	0.986872
-0.779536	-0.51076	0.362558
-0.239048	0.120272	-0.96353
0.232711	-0.0241338	-0.972246
-0.391109	-0.376066	-0.840005
-0.58488	-0.699487	-0.41065
0.410702	-0.374427	0.831341
0.417201	-0.0597583	-0.906848
0.629624	-0.621815	-0.465746
0.82727	0.540218	-0.154239
0.993202	0.113453	0.0260401
0.730801	0.329426	0.597836
-0.200704	-0.590393	-0.781763
0.669242	0.292384	0.683101
0.719608	0.686502	-0.104304
-0.877479	-0.380062	-0.292546
0.0352235	-0.285858	0.957625
0.605474	0.423693	0.67371
-0.0534594	-0.0972232	0.993826
-0.162573	-0.501142	-0.849957
-0.529106	-0.47774	0.701292
-0.0387653	-0.133086	-0.990346
0.66026	0.437639	0.610351
0.254501	-0.182906	-0.949618
-0.329027	-0.873735	0.358231
0.127968	0.866207	0.483021
0.498769	-0.290634	0.816555
0.261607	0.683544	-0.681417
-0.303544	0.258015	0.917218
-0.254764	-0.623877	-0.738832
0.0937346	0.0658861	0.993415
-0.326421	-0.339479	-0.882158
-0.401235	0.0272423	0.91557
0.332364	-0.143616	-0.932153
-0.739806	0.526714	-0.418641
-0.514391	-0.332316	0.790549
0.846785	-0.0512547	0.529461
-0.232965	0.77088	0.592851
0.388159	-0.412243	0.82425
-0.311834	0.200418	-0.928758
-0.0556396	-0.979411	0.194059
0.649623	0.645707	0.401314
-0.0613037	-0.413389	0.908489
0.232248	-0.883755	-0.406249
-0.953651	-0.25082	0.166251
0.557734	-0.736184	-0.383362
-0.193535	0.346445	0.917889
0.689052	0.697191	0.197821
-0.0828284	-0.574877	0.814037
0.133298	0.807299	-0.574892
0.27198	-0.710131	-0.649416
0.24732	-0.264895	0.932021
-0.0734438	-0.504795	0.860109
0.121226	0.100102	0.987565
-0.967126	0.248795	0.052612
-0.74024	-0.644229	0.192391
-0.939951	-0.295579	0.17066
-0.429009	0.45663	0.779384
-0.853927	-0.365747	0.370186
-0.160371	-0.0411911	-0.986197
-0.108556	-0.987923	0.110561
-0.775279	0.461813	0.430896
0.0213357	0.95686	-0.289764
0.0943992	-0.475413	-0.874684
-0.196057	0.800005	0.567057
0.855225	-0.0817117	-0.511774
0.371569	0.217858	-0.902482
0.0610413	-0.343998	0.936984
0.717196	-0.662876	0.214999
0.604524	0.297607	0.738905
-0.577058	0.286553	-0.764782
-0.731612	0.553142	-0.398468
-0.0329985	-0.904871	0.424406
0.438311	0.573871	-0.691777
0.264994	0.263081	0.927667
0.37034	-0.475954	-0.797694
0.0635316	0.0151366	-0.997865
0.720743	-0.591725	-0.361098
0.284931	-0.906798	-0.310697
0.318731	0.939283	0.127118
-0.0847272	-0.713426	-0.69559
-0.294009	-0.657503	-0.69372
0.0225062	-0.999368	0.0275104
0.496152	0.293578	-0.817095
-0.860423	0.395988	-0.320728
0.591661	-0.514425	-0.620729
-0.251895	0.741468	-0.621912
-0.0360915	0.497407	0.866766
0.0393164	0.724824	0.687811
0.723382	-0.502865	-0.473123
-0.0853351	0.565268	0.820481
-0.594334	-0.472511	-0.650769
0.663575	0.0806441	-0.743751
-0.724273	-0.56887	0.389635
0.00628701	-0.178558	-0.983909
0.251256	-0.406622	0.878367
0.325982	-0.494599	-0.805672
-0.134429	0.934254	0.330301
0.423403	0.577191	0.698269
-0.983987	0.00224012	0.178226
-0.00974506	-0.076675	-0.997009
-0.560221	0.6832	0.468391
0.481899	0.691149	0.538597
0.975301	0.0621263	-0.211963
-0.0778005	-0.0606081	0.995125
0.172969	0.769426	-0.614871
-0.421289	-0.320423	-0.848436
-0.751671	0.505521	0.423602
0.97751	0.17371	-0.119575
0.683716	0.0108433	-0.729667
0.0928165	-0.99564	0.0092368
-0.491544	-0.802627	-0.337897
-0.092844	-0.0403587	-0.994862
-0.660206	0.0557768	-0.749011
0.0189497	-0.0968785	-0.995116
-0.392198	-0.918938	0.0416279
0.469941	0.299805	0.830225
-0.123963	-0.205278	-0.970822
0.809613	-0.454983	-0.370832
-0.311325	0.94902	0.0493811
-0.0760707	0.606409	0.791505
-0.275706	0.673822	-0.685529
0.664019	-0.394565	-0.635135
0.0748705	-0.0607109	-0.995343
-0.652823	-0.389561	0.649665
0.506242	-0.0400127	0.861463
-0.0880278	0.277051	0.956814
0.0549606	0.998463	-0.00717796
-0.0733359	0.266047	0.961166
-0.61982	-0.536912	0.572319
0.307132	-0.772012	-0.556478
0.934693	0.352023	0.0492859
-0.184399	-0.0583669	0.981117
0.383549	0.344046	0.857043
0.131391	-0.143509	-0.980888
-0.192101	-0.219634	-0.956482
0.0942072	-0.904445	-0.416057
-0.144507	0.57354	0.806331
0.0406385	0.0373838	0.998474
0.371437	-0.111818	0.9217
0.312535	0.472502	-0.824053
-0.37546	-0.862787	-0.338568
0.838344	0.526187	0.1425
-0.164948	-0.192309	0.967372
0.866037	-0.283544	0.411804
-0.661774	-0.027301	0.749207
-0.669745	0.728599	-0.143478
0.455992	0.0920209	0.885214
-0.357289	0.571606	-0.738655
-0.685152	-0.617178	-0.386857
0.684875	0.144106	-0.714268
0.550182	-0.831215	-0.079886
-0.447234	-0.480861	0.754158
-0.934215	0.145547	0.325666
-0.330645	-0.0484352	0.942512
-0.0706401	0.171018	0.982732
0.0390058	0.0249038	-0.998929
-0.235366	0.0647137	-0.96975
0.562591	0.70668	0.429063
0.0317391	-0.0343562	0.998906
0.0607794	-0.639569	-0.766328
0.230288	0.0935419	-0.968616
0.724718	-0.322512	-0.608908
0.0632761	-0.0332597	0.997442
0.141837	0.134744	-0.980676
-0.477601	0.688687	-0.545534
0.929869	-0.223227	-0.292428
-0.0385976	-0.0268039	-0.998895
0.589626	0.801627	-0.0986666
0.165883	-0.0462744	0.985059
0.295068	-0.0213657	-0.955237
-0.477384	0.373404	-0.795408
0.759467	0.0898872	0.644305
-0.337925	-0.153843	-0.928514
0.752109	-0.244561	-0.611982
-0.00813881	0.243606	0.96984
0.230692	0.357658	-0.90491
0.845663	-0.528569	-0.0739497
-0.623237	-0.011238	0.781952
0.569453	0.821628	0.0255116
-0.382878	-0.00477501	-0.923787
0.555277	-0.699982	-0.449102
-0.298757	-0.435597	-0.849117
0.686659	0.161689	0.708771
-0.652007	-0.546325	0.525752
0.00618953	-0.999499	0.0310505
0.849938	-0.467314	-0.243358
0.67497	-0.340773	-0.654438
-0.538048	-0.0313333	0.842331
-0.402146	0.593851	-0.696864
0.873449	-0.127275	-0.469987
-0.842445	0.267924	-0.467443
-0.468527	-0.652287	0.595823
-0.565877	-0.291432	-0.771266
0.00352359	-0.0173671	-0.999843
0.793623	-0.182138	-0.580507
0.691565	-0.586357	0.421809
0.107168	0.15685	0.981791
0.691218	0.0616187	-0.720015
0.434277	0.122575	-0.892401
0.0126494	0.102243	-0.994679
-0.141927	-0.133712	-0.980805
-0.719458	-0.413626	0.557937
0.311641	0.636087	-0.705885
-0.00979437	0.743253	0.668939
0.167411	0.846062	0.506115
0.926511	0.32565	0.188492
-0.976256	0.184443	-0.113601
0.219086	0.851352	0.476656
0.373032	-0.922127	0.102608
0.31859	0.283904	-0.904378
-0.0307197	0.0908535	0.99539
0.201562	0.710238	0.674489
0.317523	-0.20327	0.926208
-0.0340628	-0.0918632	0.995189
0.142649	0.690109	0.709508
-0.568981	0.41498	-0.709967
0.859766	0.0860831	0.503381
-0.0690605	-0.280737	0.957297
-0.265349	0.963987	-0.0178683
-0.561749	-0.289689	0.774931
-0.338323	-0.00652022	0.941007
0.00309805	-0.404225	0.914654
-0.069972	-0.00508746	0.997536
0.95788	-0.281042	-0.0590052
-0.76759	0.565092	0.30245
-0.565768	0.441288	-0.696542
0.754403	0.336056	-0.563863
-0.975681	-0.216275	0.0356729
-0.784033	0.617243	-0.0656041
-0.501305	-0.77034	-0.394042
0.0913269	0.0862584	0.992078
-0.148778	0.0574234	-0.987202
0.279256	0.374887	0.884011
0.253098	-0.21324	0.943647
-0.120966	-0.115405	-0.985925
-0.67205	-0.364374	-0.644655
-0.157606	0.975308	0.15471
-0.147994	0.195888	-0.969394
0.419503	-0.383139	-0.822935
-0.696886	-0.664415	-0.270004
0.719496	0.663836	0.204079
-0.00193124	-0.00277021	0.999994
-0.30972	0.242673	0.919338
0.373366	0.864688	0.336025
-0.178175	0.972295	0.151316
-0.527974	0.841839	0.11203
0.386443	-0.641611	0.662568
-0.554095	-0.0724257	-0.829297
-0.464748	-0.873265	-0.146348
-0.326142	-0.632443	-0.7026
-0.67129	0.0170827	-0.740998
-0.480722	-0.852794	-0.20408
0.0702667	0.996306	-0.0493686
-0.337727	-0.0493448	0.93995
0.432237	-0.780541	-0.451582
-0.163766	-0.68249	0.712312
0.547326	0.707095	0.447717
-0.0443005	-0.030889	0.998541
0.381121	0.574289	-0.724527
-0.0775085	0.718428	0.691269
0.383022	-0.287138	0.877978
-0.0216328	-0.102178	-0.994531
-0.787678	0.56534	-0.244855
0.489554	-0.43828	0.753822
0.907783	-0.0963805	0.408217
0.562037	-0.145995	-0.814125
-0.333551	0.320664	-0.88652
0.164894	-0.657647	-0.735058
0.311797	-0.172452	-0.934368
-0.126933	0.991505	-0.0283905
-0.697163	-0.433948	0.57066
-0.0544966	-0.976767	-0.207257
-0.30746	-0.26995	0.912466
0.0141124	-0.08111	-0.996605
-0.387439	0.46488	-0.796102
-0.0364945	0.172517	-0.98433
0.520076	0.366595	-0.771446
0.358046	0.915967	-0.181126
0.529545	0.824883	0.197865
0.668418	0.39603	0.629585
-0.699507	-0.593014	0.398779
-0.473412	-0.0621041	-0.878649
0.280143	-0.826907	0.487591
0.214637	0.264947	0.940071
0.875194	0.45785	0.156231
-0.332804	0.828474	0.450413
-0.645914	0.294799	-0.704194
-0.953799	0.108766	-0.280067
-0.81258	-0.579193	0.0651935
-0.00722987	-0.00928437	0.999931
-0.701501	-0.658981	-0.271368
0.18307	-0.758496	0.625436
-0.161365	0.527667	-0.833984
-0.843809	-0.507334	0.174926
-0.455206	-0.3409	0.822542
-0.658753	0.716173	0.230524
-0.129379	-0.560237	0.818166
-0.00939849	0.89149	0.452942
0.949848	0.295261	0.103009
-0.0318782	-0.0567161	-0.997881
-0.350957	-0.808578	-0.472261
-0.891411	0.408485	0.196285
0.329232	0.126457	0.935743
-0.245202	-0.326459	0.912853
0.0157575	0.124808	0.992056
0.281866	0.942099	-0.181664
-0.660311	0.562834	0.497199
-0.535184	-0.742408	0.403
0.00890875	-0.0104072	0.999906
0.540036	0.735056	-0.409943
-0.0318647	-0.578211	0.815265
0.659637	-0.751087	0.0273305
0.533943	0.674846	0.509399
0.846267	0.278377	-0.454245
0.756908	-0.120987	-0.642225
0.618	0.474397	-0.626916
-0.601238	0.718361	-0.349957
0.872497	-0.253299	-0.417839
0.808202	0.544135	0.225224
0.501168	-0.362236	0.785885
0.127861	0.785092	0.606039
-0.734327	-0.00415517	0.678784
0.727225	0.686397	-0.00168397
0.742893	-0.166597	0.648348
-0.115137	0.0579608	-0.991657
0.695668	-0.643135	-0.320038
-0.684996	-0.321641	-0.653703
0.113563	-0.783415	0.611035
0.57539	0.451348	-0.682064
0.220783	-0.357839	0.907307
0.928731	-0.370527	-0.0130003
0.708453	-0.70564	-0.0129564
-0.390269	-0.285844	0.875205
0.816797	-0.542372	0.19666
0.972456	0.179668	-0.14849
-0.22377	-0.202114	0.953455
-0.971379	-0.218111	0.0940728
-0.08355	-0.145945	0.985758
0.398198	0.161497	-0.902972
0.620425	0.720643	0.309429
-0.031135	0.795187	0.605565
0.914989	0.402674	-0.025472
-0.0478	-0.0914031	-0.994666
0.00339298	0.00782524	0.999964
0.628883	-0.601682	0.492427
-0.136978	-0.300857	-0.943781
0.0316843	0.36476	-0.930562
-0.0676933	-0.0823912	0.994298
-0.347403	-0.906203	0.241055
0.841216	-0.0611986	-0.537225
-0.677926	0.595835	0.430578
-0.398946	0.913561	0.0790451
-0.76776	0.640043	0.0298228
-0.0108115	-0.348233	-0.937346
0.405934	-0.912792	0.0450383
0.0706617	0.208958	-0.975368
-0.332657	0.876521	-0.347922
-0.486165	0.782438	0.389146
-0.627112	-0.143247	-0.765644
-0.0497754	-0.269271	0.961777
-0.0580218	-0.0391907	-0.997546
-0.531928	-0.0260458	0.846389
0.98195	-0.118348	-0.147541
0.030308	-0.511689	-0.858636
-0.117976	-0.221362	-0.968029
0.513796	-0.141152	0.846221
-0.755494	0.367549	-0.542344
0.435007	0.734432	-0.52094
-0.775077	0.294645	0.558963
0.584138	0.089948	-0.806655
-0.798997	0.5244	-0.294293
0.681565	-0.653952	-0.328352
0.402085	0.142955	0.904373
0.287847	0.394018	0.872865
-0.799746	-0.60033	0.00325209
-0.0823045	-0.0978557	-0.991791
-0.414349	-0.228545	0.880955
-0.220589	0.24195	-0.944881
0.65949	-0.655333	-0.368255
-0.955428	0.126216	-0.266885
0.201443	0.602768	-0.77207
-0.883487	-0.0715426	0.46296
0.0542607	0.269155	-0.961567
-0.986465	0.0931795	0.134922
-0.253367	0.876796	-0.408698
0.69303	0.615808	-0.37482
0.966569	-0.138556	-0.215747
-0.901813	0.124906	0.413681
-0.0742049	-0.765669	0.638941
0.447259	-0.0672818	0.89187
-0.578937	-0.808284	-0.107278
-0.333056	-0.183875	0.924805
0.0176105	0.247653	0.968689
-0.0098131	-0.999791	0.0179174
0.15908	-0.911558	0.379151
0.646824	0.671347	0.361817
-0.124047	-0.350561	0.928289
-0.268618	0.958006	-0.100345
-0.184977	0.420279	-0.888341
-0.478406	-0.711327	0.514919
0.701485	0.636358	0.320886
-0.407571	0.0356253	0.912478
0.0915111	-0.161906	0.982554
0.175288	0.0976692	-0.979661
0.140217	0.131945	-0.98129
0.685879	0.727607	0.0125597
-0.157989	-0.0260317	-0.987098
-0.0934552	-0.0885128	0.991681
0.801189	-0.141259	0.5815
0.76705	-0.613507	0.187731
-0.98374	-0.0427698	-0.174429
0.221767	0.172724	0.95968
-0.235232	-0.320162	0.917694
0.509255	0.298526	0.807181
0.64619	-0.281755	-0.709262
-0.246644	0.353849	-0.902196
-0.0627613	-0.0576874	-0.99636
-0.0864895	-0.199961	-0.975979
0.997137	-0.0314452	-0.0687656
0.0865334	0.108262	0.990349
-0.267741	0.13309	-0.954255
-0.988709	-0.0811762	0.125954
0.130142	-0.485818	-0.864317
0.193437	-0.930946	0.309713
0.624003	0.707325	-0.332133
-0.629503	-0.519993	-0.57735
0.374624	-0.802763	0.463927
0.388104	-0.109726	-0.91506
-0.181863	0.112155	-0.976907
0.468906	-0.765073	-0.441351
0.140609	-0.179297	0.973695
-0.0405173	0.00426515	-0.99917
0.791201	0.606494	-0.078523
0.548135	-0.0510231	-0.834832
0.162221	-0.0448039	0.985737
0.755937	-0.00523962	0.654623
-0.226105	0.0238189	0.973812
0.184069	0.388414	0.902914
-0.549718	0.677	-0.489369
-0.0842616	-0.182496	0.979589
-0.814689	-0.0440838	0.57822
-0.812675	-0.295145	0.502442
0.857923	-0.130625	-0.496896
-0.0746996	0.158642	0.984506
-0.518694	0.410995	-0.749693
-0.724143	-0.571006	0.386742
0.285302	-0.189776	-0.939461
0.399314	-0.481448	-0.780228
0.655904	-0.709552	0.257537
-0.00996479	-0.0175095	-0.999797
0.0899528	-0.292042	-0.952166
-0.292508	0.550875	0.781649
0.080809	-0.426276	-0.900976
0.530171	0.149383	0.834628
-0.630436	-0.732856	0.255877
-0.924873	0.221832	0.30887
-0.248839	0.89466	-0.371029
-0.655383	0.203694	-0.727312
0.224352	-0.368494	-0.902152
0.868078	0.242054	0.433418
0.972275	-0.0506458	-0.228292
0.454865	-0.0125255	-0.890472
-0.325921	0.945356	0.0088531
0.386596	-0.802245	-0.454913
-0.230032	-0.354264	0.906412
-0.190659	-0.373471	-0.907837
-0.636081	0.771613	-0.00368493
0.0136222	0.0110128	0.999847
-0.989509	-0.0342585	-0.140353
-0.73527	-0.506048	0.450881
-0.124192	0.850104	-0.511762
-0.186464	-0.585526	0.788917
0.744322	0.575678	0.338495
0.103678	0.904569	-0.413528
0.834867	-0.500906	0.228233
0.0390739	0.920498	-0.388788
0.6066	0.780822	0.14951
0.0912539	0.708162	-0.700128
-0.294538	-0.510101	0.808111
0.837165	-0.48813	0.246748
-0.836606	0.268012	-0.477765
0.549023	-0.659145	-0.513908
-0.526653	-0.821181	0.219769
0.354651	0.305937	-0.88353
0.0520342	0.160439	-0.985673
0.894507	-0.151755	0.420509
0.960246	0.136732	0.243374
-0.0419003	0.0238636	0.998837
0.83497	-0.143506	-0.531255
-0.0146114	-0.00744337	-0.999866
-0.0906902	0.256234	-0.962351
-0.325353	-0.283733	0.902021
0.352626	-0.422223	0.835094
-0.856506	0.353261	0.376304
0.718616	0.088972	-0.689692
0.865273	-0.308321	0.395273
-0.242106	0.874173	-0.42096
-0.369777	-0.149506	-0.917013
0.101856	0.346386	0.932546
-0.94312	0.146389	-0.298487
0.232852	0.254363	0.938658
0.0113663	0.137413	-0.990449
0.130716	-0.302146	-0.944257
0.257439	-0.223599	-0.940068
0.468013	-0.859916	-0.203737
0.403086	-0.838046	-0.367698
0.925183	-0.357287	-0.127996
0.0677296	-0.822063	-0.565354
-0.579453	-0.406667	0.706298
-0.0737756	0.989959	0.120575
-0.891763	-0.339795	0.298827
-0.404975	0.882434	-0.239384
-0.913684	0.360795	0.187105
-0.195831	-0.928226	0.316303
-0.66728	0.427547	-0.60987
-0.17011	0.191554	0.966628
0.972138	0.135477	0.191296
0.255003	0.956972	-0.138485
-0.13562	-0.0597562	0.988957
-0.729851	0.616963	-0.294405
-0.72819	0.0891325	-0.679555
-0.0704024	-0.618423	0.782685
0.586854	0.37721	-0.71646
0.585873	-0.658703	0.472084
0.626877	-0.76403	0.152586
-0.219379	0.193848	-0.956188
-0.694039	-0.0616876	0.717289
0.660457	0.647716	-0.379816
-0.874705	-0.19344	0.444378
-0.0812903	0.718955	-0.690286
0.0434332	-0.24777	-0.967845
-0.215745	0.440989	0.871196
0.0174859	0.130963	-0.991233
-0.192531	-0.924587	0.328742
0.0424763	-0.1669	0.985059
-0.578418	-0.335679	0.743473
-0.239633	-0.089313	0.966747
0.842144	0.440799	0.310628
-0.687695	-0.0814524	0.721416
-0.624699	0.292991	0.723814
0.580459	-0.564642	-0.586726
0.624922	0.359563	-0.692955
0.841448	-0.539939	0.0207475
0.204176	-0.336889	0.91914
0.0746635	0.0360972	-0.996555
0.0624802	0.0214305	0.997816
0.728381	0.184427	0.659885
-0.0902775	0.60611	0.790241
0.369144	0.0338172	0.928757
-0.553968	-0.446156	-0.702897
-0.908257	-0.404207	0.108102
-0.223376	-0.344833	0.911698
-0.123664	0.0601691	-0.990498
-0.274399	-0.0437553	0.96062
-0.0857377	0.947637	-0.307625
-0.745408	0.195945	0.63716
-0.000594015	-0.00766768	0.99997
-0.209704	0.144316	-0.967056
-0.986728	-0.00687156	-0.162234
0.167736	0.0890773	0.981799
0.372898	-0.305906	0.875996
0.298594	-0.130099	-0.945471
0.8534	-0.480415	-0.202263
0.046115	-0.205088	0.977657
0.366981	0.0142988	-0.930119
-0.372833	0.435701	-0.819244
0.742602	-0.386144	0.547207
0.566375	-0.32802	0.756057
-0.730639	-0.409545	0.546296
0.300875	-0.681001	0.667616
-0.556118	0.190914	0.808879
0.00181135	-0.00589604	0.999981
0.304355	-0.539432	0.7851
0.147587	0.0697985	0.986583
-0.0956674	-0.89389	-0.437959
-0.399571	0.767037	0.501992
0.919418	-0.392796	-0.019551
-0.714851	0.62922	-0.305075
-0.0296442	-0.114478	-0.992983
-0.30325	-0.169806	0.93766
-0.906328	0.161601	0.390455
-0.0510587	-0.125199	-0.990817
0.104621	0.213784	-0.971262
0.944772	-0.142546	-0.295105
-0.891128	0.284305	0.35364
-0.313617	-0.717512	-0.62195
0.960155	0.230178	0.158495
0.92282	-0.255848	-0.288
0.952226	-0.0762608	-0.295719
-0.081652	-0.335419	-0.938524
0.972921	-0.0793161	-0.217102
0.899599	0.0975958	-0.425672
0.704511	0.122651	-0.699014
0.00747456	0.366477	-0.930397
-0.579574	0.806865	-0.114293
0.682188	-0.730581	-0.0295268
-0.0206568	-0.00359638	0.99978
0.533651	-0.294398	0.792809
-0.287869	0.900424	-0.326141
0.0656016	0.992941	0.0988116
0.0393429	0.101958	0.99401
-0.758284	-0.0880984	-0.645944
0.037863	0.00406893	-0.999275
0.225963	0.773606	0.592008
0.377438	0.548942	-0.74579
-0.972942	-0.180254	-0.144545
0.924726	-0.316927	-0.210807
0.0715242	-0.0380213	0.996714
0.0844105	-0.0720822	0.99382
0.323238	-0.217311	0.921028
0.496531	0.705058	-0.506311
-0.715039	-0.0695922	0.695612
0.577372	-0.470699	0.667146
-0.495841	-0.318547	0.80788
0.118996	-0.158373	0.980183
0.247211	-0.864762	0.43712
-0.752664	0.623982	-0.210103
0.119229	0.879544	0.460637
0.0216829	-0.0240485	-0.999476
0.107365	0.379015	0.919141
0.193577	0.0102825	0.981031
0.765292	-0.0710233	0.639753
-0.452213	0.433157	-0.779666
0.0284501	0.440979	0.897066
0.537133	0.839734	-0.0795926
-0.809592	-0.583935	0.059835
0.380122	-0.262994	0.886759
-0.327697	-0.240729	0.9136
-0.0319405	0.0896171	0.995464
0.737645	0.122809	-0.663926
-0.785492	-0.323321	-0.527698
-0.848297	0.493691	-0.191469
0.0608009	0.211045	0.975584
-0.182697	0.558673	0.809016
0.161501	-0.464894	0.870512
0.596167	0.0360554	0.80205
-0.217317	0.326819	-0.919762
-0.259202	-0.289703	-0.92135
0.627568	0.59654	0.500299
-0.244143	0.749195	-0.615712
-0.257786	-0.444665	0.857799
0.55789	0.327121	0.762726
-0.908877	0.143525	0.391591
-0.405481	0.263092	0.875424
0.0764247	0.806236	-0.586636
-0.197889	0.569152	0.798064
0.906392	0.395161	0.149337
0.292148	-0.512444	-0.807496
0.0897308	-0.0416249	0.995096
-0.916542	-0.0560037	0.395999
-0.308202	-0.920345	-0.240782
-0.491266	-0.833734	-0.252081
-0.0762068	-0.0660751	0.9949
-0.394449	-0.829919	0.394518
-0.741378	-0.641351	0.197553
-0.0912652	0.255266	0.962554
-0.345835	-0.471203	0.811398
-0.513675	0.406312	0.755678
-0.549067	-0.799554	0.243391
-0.619697	0.662971	-0.420054
0.0885835	-0.0118521	-0.995998
-0.218553	0.0909778	-0.971575
0.344451	-0.24001	-0.907606
0.372669	-0.222577	0.900876
-0.917915	0.187296	0.34979
-0.173621	0.982824	0.062547
0.193909	0.164886	-0.967064
-0.0171992	0.220066	-0.975333
-0.606247	-0.00347322	-0.795269
-0.538046	0.540603	0.646726
-0.0498804	-0.888012	-0.457106
0.995457	0.0649252	-0.0696462
0.0673331	0.452447	0.889246
0.589883	-0.390796	-0.706623
-0.639905	0.757025	-0.132041
0.950634	0.0963205	0.294988
0.192406	-0.977514	-0.0862877
0.592322	0.724536	-0.352422
-0.278319	0.800889	0.530203
0.0872363	-0.0234402	0.995912
-0.221549	-0.809041	-0.544398
0.615906	0.748025	0.24722
-0.541806	0.628968	0.557534
-0.148894	-0.309729	-0.939094
0.654975	-0.724786	0.213759
0.188282	-0.24234	-0.951746
-0.362864	0.802306	-0.473957
0.00907694	-0.0556814	-0.998407
0.0432248	-0.0941357	-0.994621
-0.90146	0.204955	0.381266
0.699939	-0.293712	-0.651014
-0.933782	0.16274	0.318696
0.843111	0.524013	0.120725
0.424169	0.0265754	0.905193
0.380346	-0.913433	-0.144832
-0.163275	-0.977182	-0.135854
-0.351957	0.925889	-0.137315
-0.201306	0.514496	-0.833529
0.744161	0.376964	0.551473
0.467021	-0.881273	0.072455
0.217216	-0.0519309	0.974741
-0.0766052	-0.00639894	0.997041
0.935908	0.0362425	-0.350374
0.165236	-0.154166	0.97413
0.00307446	-0.0172064	-0.999847
-0.0251415	-0.931248	0.363516
-0.186478	-0.34869	-0.9185
-0.338737	-0.0681839	0.938407
-0.668676	-0.247679	-0.70109
-0.647717	0.0589546	-0.759596
-0.495484	0.865848	-0.0692956
-0.589764	0.492551	-0.639978
0.196251	-0.22679	0.953966
0.243699	-0.701279	-0.669939
0.418763	0.38313	0.823316
-0.322475	-0.885103	0.335562
-0.0392995	0.702411	-0.710685
-0.993008	-0.0804268	-0.0864058
0.971694	-0.112383	-0.207799
-0.0601409	-0.0132701	0.998102
0.923122	-0.176447	0.341631
-0.523575	-0.669364	0.527088
-0.137042	0.874272	0.465691
0.151915	-0.213778	0.964998
0.86881	-0.469756	-0.156517
-0.0502788	0.0175807	-0.99858
-0.686292	-0.565691	0.457162
0.202454	0.132734	0.970255
0.93945	-0.268059	-0.213489
0.543897	0.523629	-0.655735
-0.266743	0.226301	0.936822
0.938003	-0.307379	-0.160214
0.0886696	-0.809862	0.57988
-0.462688	-0.138095	0.8757
0.194408	0.237786	-0.951663
-0.554342	0.0384404	0.831401
-0.529225	-0.136668	-0.837402
0.251699	-0.292221	0.922635
-0.803939	0.324312	0.498501
-0.0309416	0.108628	-0.993601
-0.530412	0.643684	-0.551665
0.0600765	-0.300375	0.951927
-0.0507704	-0.84155	-0.537788
0.0715305	0.325661	0.942777
0.706852	0.37325	-0.60087
0.798503	-0.293644	-0.525515
-0.479052	0.77018	0.421108
-0.644088	0.311989	-0.698436
0.0583031	0.286189	0.956398
-0.32759	0.142588	0.933999
0.443977	0.744843	0.498089
-0.175801	-0.29385	0.939546
-0.247253	-0.23236	-0.940678
-0.95976	0.268264	0.0830355
0.161003	0.50995	-0.845003
0.830349	0.0491589	0.555071
-0.109439	0.0335117	0.993428
0.137705	-0.488524	-0.861616
-0.00253754	-0.0521858	0.998634
0.0767299	0.0452302	-0.996025
0.550326	-0.283661	0.785288
0.427054	-0.898859	-0.0983703
-0.149758	-0.540083	0.828181
-0.0703374	0.754351	-0.652692
0.546748	-0.137844	0.825872
-0.441153	-0.871122	-0.215711
0.0917461	0.978464	0.18491
-0.255905	-0.964921	-0.058644
0.222449	0.739353	0.63551
-0.607022	-0.186216	-0.772559
-0.100312	0.949462	-0.297421
0.277223	0.74017	-0.612614
-0.424994	0.473438	0.771516
0.00179145	-0.0070461	-0.999974
-0.0248	-0.968557	-0.247554
0.014459	0.293701	0.955788
0.335151	0.100069	-0.936835
-0.567528	0.818863	0.0858791
-0.619663	0.759573	0.197654
0.938556	-0.161337	-0.305094
0.0349323	-0.00948981	-0.999345
-0.465263	-0.101515	-0.879332
-0.115944	-0.567616	0.815088
0.692305	-0.483745	0.535448
0.242773	-0.0908066	-0.965824
0.928662	-0.346157	-0.133277
0.421078	-0.0531528	0.905466
0.369754	0.658735	0.655248
-0.593068	0.610905	0.524467
-0.288942	-0.925901	0.24335
0.0567379	-0.0654288	0.996243
0.245986	-0.0647022	-0.967111
-0.536717	0.762745	-0.360771
0.185938	-0.980965	-0.0559943
-0.412386	-0.908641	-0.0656464
-0.0194228	0.388447	-0.921267
-0.0347828	-0.376186	-0.925891
0.213974	-0.890723	0.401034
-0.780547	-0.61223	-0.126176
-0.0559529	0.116223	0.991646
0.484959	0.375325	0.789902
0.644837	-0.596886	0.477401
0.508631	0.50176	-0.699665
0.0596257	-0.563265	0.824122
-0.0189491	0.0384398	0.999081
0.748806	0.545044	0.377116
-0.177638	0.712285	-0.67904
0.578427	0.815338	-0.0254249
-0.140573	0.0636956	-0.988019
-0.33388	-0.216673	0.917375
-0.233867	0.0613009	-0.970334
0.0234563	-0.0311464	0.99924
-0.0322878	-0.0506537	-0.998194
-0.0779569	-0.343131	0.936047
0.957398	0.222611	0.18394
-0.416682	-0.74313	-0.523578
-0.643965	0.326074	-0.692087
-0.589314	-0.589745	0.552187
0.106357	0.638705	-0.762066
-0.867699	-0.350958	0.352034
0.202721	0.555875	-0.806168
-0.927967	0.36738	-0.0625194
-0.122826	-0.264069	-0.956651
-0.496734	0.561144	0.662097
-0.190903	0.903468	0.3838
0.371649	-0.208277	-0.904709
-0.381253	-0.512338	-0.769517
0.244542	0.411005	-0.878222
-0.82578	0.546704	-0.138575
-0.86645	0.34155	-0.364154
-0.405086	-0.908532	0.102344
-0.292806	-0.933786	0.20569
0.660558	0.563889	0.495673
0.553135	0.700796	0.450473
-0.896759	-0.215822	0.386323
0.391335	-0.00328055	-0.920243
-0.277831	0.549412	-0.788008
0.641658	-0.456322	-0.616478
-0.46318	0.38693	0.797339
0.994947	-0.0731939	0.0687214
-0.00980546	0.080199	0.996731
-0.788522	0.588149	-0.17976
0.782977	0.0131253	-0.621913
0.871213	0.127968	-0.473933
0.00178939	-8.78677e-05	0.999998
0.0890053	0.84479	0.527644
-0.418963	0.777978	0.46821
-0.522633	-0.752285	0.401152
-0.0270467	-0.234471	-0.971747
-0.405206	-0.275707	-0.871661
-0.841228	0.516478	-0.159953
0.116837	-0.0281939	-0.992751
-0.721359	0.224254	-0.655249
-0.433209	-0.789288	-0.435149
-0.624693	-0.320656	0.711996
-0.277819	0.319514	-0.90594
0.0504265	-0.00847836	-0.998692
-0.372879	0.460745	0.805404
0.966734	-0.25559	0.00992398
-0.397731	0.868139	0.296891
0.119026	0.787655	0.60451
0.555231	-0.699305	0.450212
-0.874882	0.484335	-0.000767372
-0.7929	-0.384211	0.472959
0.101863	0.574437	0.812186
0.32856	-0.483795	0.811166
0.0322816	0.0745972	-0.996691
0.134762	-0.367322	-0.920279
0.398208	0.85449	-0.333584
0.833713	0.0474086	-0.550159
0.187211	-0.953355	-0.236783
0.137575	-0.035188	-0.989866
0.234409	-0.424814	-0.874406
0.211783	-0.30737	-0.927724
-0.153673	-0.824312	-0.544881
0.281843	-0.637135	-0.717372
0.976802	-0.213856	0.0111282
-0.844289	-0.442465	0.302324
0.211904	-0.12698	0.969006
0.863386	-0.0654926	0.500275
0.184092	-0.927562	0.325176
-0.00828406	-0.225006	0.974322
-0.315256	0.816198	0.484184
-0.329541	0.240113	-0.913098
0.827078	-0.0867653	-0.55535
0.402641	-0.0548354	-0.913714
0.991311	0.00672945	0.131368
-0.0882721	0.990039	0.109683
0.715004	0.333765	-0.614304
-0.161884	0.0395078	-0.986019
0.526335	-0.0935385	-0.845116
0.929351	-0.341162	0.14112
0.779668	0.130621	0.612418
0.219486	-0.106161	-0.969823
0.173612	0.963795	0.202382
0.463824	-0.881847	-0.0849347
0.39575	-0.455476	0.797448
-0.70901	0.562842	0.424869
0.604393	-0.541897	-0.584001
0.151761	0.987045	-0.0520669
-0.369547	0.419547	0.829105
0.565244	0.769949	0.296104
0.23995	-0.519518	0.820076
-0.824825	-0.351711	0.442677
0.912707	-0.262159	0.313431
-0.182009	0.0176531	-0.983138
0.545047	0.713699	0.439952
0.307491	-0.553166	-0.774246
0.634765	0.621803	0.458732
0.33911	-0.5305	0.7769
-0.939829	-0.252991	-0.229603
0.598986	-0.0853795	0.796195
0.625399	0.140325	0.767584
0.0452616	0.042324	-0.998078
-0.134577	0.937801	-0.32003
0.52962	0.217204	0.819954
-0.297162	0.954235	-0.0336295
0.417422	0.706265	-0.571794
-0.341399	-0.472402	0.812578
-0.0744231	0.350051	-0.933769
0.186735	-0.436041	-0.88034
-0.0356697	0.678129	0.734077
-0.182349	-0.400273	-0.89807
-0.786529	0.608459	0.105594
-0.146697	-0.54226	0.827305
0.139451	0.836782	-0.529479
-0.822014	0.542403	-0.173471
-0.319111	0.148727	-0.935975
0.45485	-0.248032	-0.855331
-0.760914	0.591048	-0.267715
0.970428	-0.122497	0.207999
-0.263535	0.90006	0.347045
-0.640654	-0.218801	0.735995
-0.52713	-0.0132435	0.849682
-0.51353	-0.810515	-0.281694
0.860873	0.162795	0.482074
0.535119	-0.811465	-0.234889
-0.0354835	0.0744069	0.996596
0.291398	0.823719	-0.486389
0.0238087	-0.209678	-0.97748
0.898577	0.408436	-0.160435
-0.490678	-0.450555	-0.745812
-0.0904071	-0.869947	0.484787
-0.708261	0.4713	-0.525588
0.00457472	-0.00012807	0.99999
-0.153328	0.0878198	0.984265
-0.644628	0.103771	-0.757421
-0.126244	0.0903973	-0.987872
0.676461	0.139407	-0.723164
-0.00143065	0.00546417	-0.999984
-0.795504	0.589956	-0.138294
0.853214	0.140792	-0.502198
0.33165	0.816956	0.471796
0.01189	0.909649	-0.415207
0.960754	0.00517464	-0.277355
0.315234	-0.509459	0.800674
-0.469445	-0.176787	-0.865082
0.150057	0.00738407	-0.98865
0.0783586	0.177567	0.980984
-0.667022	0.631992	0.394548
-0.188407	0.0529977	-0.98066
-0.0919326	-0.0564383	0.994165
0.413702	0.477682	0.775029
-0.248409	-0.25975	-0.933179
-0.0311773	-0.573651	-0.818506
-0.404042	-0.0290565	-0.914279
-0.0760254	-0.364968	0.927911
0.637571	0.368466	-0.676562
-0.284657	0.925783	-0.248789
-0.257573	-0.677474	-0.688974
0.492796	-0.356277	-0.793864
0.199581	0.845526	0.495231
-0.384693	0.762849	-0.519685
-0.511988	0.37734	0.771675
0.423191	0.577005	0.698552
-0.516974	0.304666	0.799948
0.24534	-0.146214	-0.958347
-0.657276	-0.508593	0.556166
0.98818	0.0370105	0.14876
-0.659659	0.299645	-0.689248
-0.788472	0.051814	-0.612885
-0.116446	0.0129562	0.993113
0.4305	0.0491044	-0.901254
0.209153	-0.974157	0.0852892
0.291055	0.0290493	-0.956265
-0.840712	-0.541292	0.0143519
-0.363648	-0.888862	0.27872
-0.587755	0.549435	-0.593857
-0.511219	0.355628	0.782421
-0.0974945	0.916424	0.388151
0.0642286	0.0912616	-0.993753
-0.0406343	-0.629364	-0.776047
0.467719	0.705787	0.532074
-0.737076	0.494367	0.460783
-0.00821273	-0.000861265	-0.999966
-0.305217	-0.727419	0.614577
0.826052	-0.199559	-0.527082
0.480711	-0.246511	-0.841516
-0.416738	0.360745	-0.834382
0.9509	0.202541	-0.234021
-0.821695	0.30255	0.482992
0.374753	0.0518174	0.925676
-0.0764209	0.361213	0.929347
-0.0639298	0.0760866	0.99505
-0.269514	-0.0667787	0.960678
-0.708664	0.128926	-0.693666
0.821888	-0.1167	0.557567
0.41212	-0.148153	0.899004
-0.208184	-0.912636	0.351788
-0.34445	-0.732681	-0.58697
0.763702	-0.636578	0.107369
0.146632	0.985864	0.0810595
-0.0340312	0.328857	-0.943766
-0.993691	0.0291646	-0.108292
-0.442008	-0.7952	0.415072
-0.0843291	-0.123261	0.988785
0.934934	0.176325	0.30791
-0.0360339	-0.0766025	0.99641
0.52957	-0.25349	0.809505
-0.615747	-0.787398	0.0293356
-0.588202	-0.476079	-0.653733
-0.0497427	-0.998709	0.01028
-0.485604	0.847949	0.212534
0.0273015	-0.984499	0.17325
-0.824589	0.105371	0.555832
0.361931	0.768415	-0.527773
-0.535852	0.571747	-0.621263
-0.0245059	-0.896754	0.441851
-0.599285	-0.290769	-0.745863
0.610707	0.636889	0.470542
0.933202	0.288386	0.214403
0.343623	0.67372	0.654236
0.521929	-0.391999	-0.75758
-0.232088	0.0646582	-0.970543
-0.494876	0.420046	0.760696
-0.294026	-0.73181	-0.614819
0.0596211	0.00465987	-0.99821
-0.291003	0.481844	0.826525
-0.494656	0.699613	0.515613
0.0225713	-0.653561	0.756538
0.732388	0.680731	0.0146027
-0.0496844	-0.0197085	-0.99857
0.721325	-0.0598467	-0.690006
-0.139958	-0.103609	0.984722
0.338713	-0.0747693	0.937914
0.49167	0.108024	-0.864055
0.519504	0.837665	0.168621
-0.443062	0.0449566	-0.895363
0.612024	-0.435598	-0.660061
0.17044	0.11329	0.978834
-0.0661576	-0.026217	0.997465
0.0622294	-0.259502	0.963735
0.672783	-0.513312	-0.532798
0.677787	-0.124892	-0.724574
-0.211566	-0.919568	-0.33111
0.67169	0.0775268	-0.736765
-0.957799	-0.101307	-0.268995
0.870139	-0.186558	-0.456129
0.752265	0.0611754	-0.656015
-0.862974	-0.323255	0.388306
0.6563	0.731976	-0.182982
-0.136375	-0.589924	-0.795859
-0.388049	0.612668	-0.688517
-0.171693	-0.0167834	-0.985007
-0.0809988	0.0600763	-0.994902
-0.220777	0.186926	0.957244
-0.0318007	0.00938265	-0.99945
-0.528926	-0.259849	0.807908
-0.326595	-0.161997	0.931178
-0.67889	-0.701158	-0.217914
0.105444	-0.938741	-0.328097
0.981537	0.0654778	0.179716
0.292856	-0.00530681	-0.956142
0.135248	0.104105	0.985327
0.0359164	-0.098035	0.994535
0.346795	0.00990451	0.937889
0.0807294	-0.00347523	0.99673
0.17448	-0.307508	0.935412
0.895197	-0.0524117	-0.442578
-0.592599	-0.591342	0.546938
0.0287173	0.220605	0.97494
0.909351	-0.406964	-0.0863818
0.891361	-0.318831	0.322214
0.717457	-0.155205	-0.679093
0.254527	0.0255519	0.966728
-0.373369	0.617035	-0.692722
-0.170055	0.322019	-0.931335
-0.129807	-0.844444	-0.519677
-0.296612	-0.130884	0.945987
0.78343	0.0648692	0.618086
0.232791	0.936465	-0.262378
-0.173311	-0.614038	-0.770013
0.738896	-0.660095	-0.135306
-0.201864	0.501694	0.841162
-0.0032554	-0.012059	0.999922
0.197482	-0.415256	-0.888011
0.578756	-0.390706	0.715815
0.613905	-0.785346	0.0797036
0.0310974	0.60394	-0.796423
0.447177	-0.629068	-0.635851
0.189596	-0.944218	0.269269
-0.884766	-0.217746	0.412039
-0.847437	-0.480005	-0.226819
-0.740379	0.313858	0.594417
0.850539	-0.516184	-0.100689
-0.103788	0.808425	-0.579377
0.276626	0.95485	0.108347
-0.657595	-0.439651	-0.611781
-0.609847	0.221975	0.760798
-0.79658	0.0754309	-0.599809
0.558104	0.739655	0.376071
-0.775548	-0.0918051	-0.624577
-0.992786	0.0797726	-0.0895068
-0.941547	-0.269917	-0.20158
-0.438214	0.00304793	0.898866
0.0247162	0.976682	0.213265
0.0472576	0.774416	-0.63091
0.444829	0.440759	-0.779653
0.508106	-0.770473	-0.384967
0.12028	-0.00934576	-0.992696
-0.51423	0.297995	0.804218
0.267792	-0.340542	-0.901287
0.317606	-0.0860287	0.944312
-0.359394	-0.60281	0.71236
0.169856	-0.777485	-0.60553
-0.415388	-0.855137	0.31015
0.137609	0.866642	-0.479578
0.12622	-0.0159891	-0.991873
0.249135	0.34855	0.903573
0.432234	-0.75245	-0.496983
-0.624079	-0.0102761	-0.781294
-0.155994	0.322936	-0.933476
-0.672254	0.117468	0.730942
0.050088	-0.882179	-0.468242
-0.87265	0.244923	0.422486
0.947548	0.288823	0.13687
0.401259	-0.316753	-0.859453
-0.50305	0.358406	-0.786438
0.212101	-0.00358942	-0.977241
-0.23914	-0.0189639	0.9708
0.40106	0.196646	-0.894696
0.928137	0.285152	0.23927
-0.276068	-0.847949	0.452514
0.664395	0.462766	-0.586879
0.472579	-0.201587	0.857923
-0.705167	-0.656613	0.26758
0.287525	-0.361507	-0.886929
0.444914	-0.122318	0.887181
-0.294718	-0.950504	0.0984084
-0.342031	-0.206641	-0.916687
-0.350265	-0.87396	0.336909
0.192102	0.977643	0.0855056
-0.280392	0.436112	-0.855094
0.800787	0.253091	-0.542848
-0.295798	-0.41533	-0.860235
-0.781476	-0.183946	0.596204
0.0420153	0.0654766	0.996969
0.0552922	0.0181959	-0.998304
-0.266607	-0.621669	0.736511
-0.290269	-0.781109	-0.552823
-0.401606	-0.616313	0.6774
-0.244898	0.182352	0.952246
-0.557485	-0.419291	0.716523
0.189726	0.978026	0.0864268
-0.658679	-0.744646	-0.107907
0.183105	-0.101522	0.977837
0.683855	-0.605711	0.406763
-0.628567	0.226919	-0.743916
-0.617902	0.443296	-0.649374
-0.0812537	-0.11035	-0.990566
-0.802249	0.252775	0.540833
-0.569731	0.685265	0.453672
-0.414249	0.607346	-0.677885
-0.0624586	0.0557928	0.996487
0.456146	0.650227	-0.607565
0.983878	0.00863221	0.178633
-0.99805	0.0366642	0.0505255
-0.075954	-0.165242	-0.983324
-0.134143	-0.395806	-0.908484
-0.954679	0.0277642	0.296341
-0.182763	-0.0794267	-0.979943
0.378835	0.0370498	-0.924722
-0.31355	-0.9308	-0.18788
-0.493499	-0.344796	0.798483
0.0786545	-0.225531	-0.971056
-0.329978	-0.052557	-0.942525
-0.31109	-0.584207	-0.749617
-0.959013	-0.0325989	0.28148
0.0467451	-0.0253734	-0.998585
-0.0222984	-0.989106	0.145509
0.982857	-0.155078	0.0997102
-0.783601	0.109213	-0.61159
0.0462504	0.208956	0.976831
0.177746	-0.802543	0.569501
-0.0249871	0.0952187	0.995143
-0.119765	-0.0748857	-0.989974
-0.607002	-0.604592	-0.515769
-0.95862	-0.252786	-0.13095
-0.137643	-0.675901	-0.724025
-0.339304	-0.794414	-0.503765
-0.603928	-0.0753188	0.793472
-0.841821	-0.135852	-0.522381
-0.344016	-0.917971	-0.197438
0.52236	-0.643936	0.559005
-0.135393	-0.0822811	0.98737
-0.140355	0.774185	-0.617202
-0.357611	-0.17757	-0.916833
-0.674707	-0.698773	0.237671
-0.532127	-0.258204	0.806332
0.338643	-0.0986268	-0.935732
0.0406347	0.165279	-0.985409
-0.04028	-0.0178859	-0.999028
0.825216	0.166432	0.53974
0.172961	-0.346682	0.921898
-0.126557	0.987707	0.091745
-0.660538	-0.410375	0.628714
0.0590042	-0.0595583	-0.996479
-0.283319	-0.192864	0.939433
-0.614895	0.783193	-0.0922646
0.868652	-0.177575	-0.462504
-0.278963	0.267077	0.922415
0.689955	0.128935	0.712276
-0.227248	-0.90525	-0.359001
0.131771	-0.00435169	-0.991271
0.407536	-0.909794	-0.0786693
-0.383171	0.855432	0.348448
-0.250215	-0.227096	0.94118
-0.424023	-0.514503	-0.745313
-0.0690015	-0.323379	0.94375
-0.23867	0.0060071	-0.971082
-0.0303016	-0.15701	-0.987132
-0.0128801	-0.0653208	-0.997781
-0.594917	0.779526	-0.195994
-0.477561	-0.310945	-0.821735
0.982868	0.0160072	-0.183612
-0.105181	-0.421948	0.900498
0.270933	0.962312	0.0234528
-0.26735	0.784628	-0.559359
-0.278006	0.00387217	0.960572
0.464465	-0.0396463	-0.884704
0.641473	-0.747896	-0.170773
-0.465487	-0.413605	-0.782466
0.211569	0.962717	0.168566
0.0665757	-0.0631056	0.995784
0.387521	0.895404	-0.219267
-0.496861	-0.53936	0.679867
0.0307316	0.013444	-0.999437
-0.530283	-0.16819	-0.830971
-0.535703	0.663674	-0.522072
-0.302093	-0.148077	0.941707
-0.495801	0.540273	-0.679917
-0.382462	0.401053	-0.832394
-0.612497	-0.690675	-0.384467
0.0659081	0.549508	0.832885
0.0216978	0.032753	0.999228
-0.256824	-0.728559	-0.635014
0.790065	0.317791	-0.52422
0.12218	0.875754	-0.467041
0.527106	-0.00195078	0.849797
0.877009	0.203646	0.435183
0.605723	-0.0433821	-0.794492
0.903242	-0.147267	0.403072
0.069189	0.0849348	0.993981
-0.179645	0.138485	0.973935
-0.471901	-0.526063	0.707508
-0.162251	0.94447	-0.285747
0.361433	0.0309933	-0.931883
-0.294102	-0.477083	0.828188
0.0156085	0.00105634	-0.999878
-0.47427	0.192656	-0.859041
-0.594539	-0.46761	-0.654113
-0.625631	0.549031	-0.554212
0.236097	0.169609	-0.956813
-0.827288	0.419543	-0.373603
0.26555	-0.143276	0.953391
-0.152812	0.776081	0.611838
-0.243198	-0.438488	-0.865207
-0.642709	0.737811	0.206302
0.19614	0.966549	-0.165262
-0.721242	0.588699	-0.365024
-0.437601	-0.477561	-0.761867
0.903372	0.209871	0.373996
-0.506445	0.0815932	-0.858403
-0.00541868	-0.0928099	0.995669
-0.35655	-0.158741	-0.920692
0.682141	0.720523	-0.124623
-0.498768	0.305535	-0.811097
0.0990744	-0.356714	-0.928945
0.315514	0.0158401	0.948789
-0.633267	0.773886	-0.00858397
-0.83633	0.3509	0.421213
0.0584566	0.059376	-0.996523
-0.884058	-0.259288	0.388859
0.940464	-0.250393	-0.229851
-0.245661	0.493429	0.834373
0.937039	0.28182	0.206239
-0.957239	-0.218874	0.189177
0.122077	-0.22054	0.967708
0.32138	-0.853112	0.410992
-0.0178408	-0.768101	-0.64008
-0.116501	-0.0912176	-0.988993
-0.906705	0.19387	0.374566
0.297822	0.565766	0.768903
0.851374	-0.382344	0.35913
0.0648236	-0.614371	-0.78635
-0.00410394	-0.404108	0.914702
-0.541686	0.767233	0.343409
-0.429385	0.681291	-0.59285
0.117331	0.402143	0.908028
-0.325877	0.424034	-0.844985
0.775088	0.378624	-0.505849
-0.171384	0.341148	-0.924254
0.0573198	0.158035	0.985768
-0.138462	-0.854028	-0.501462
-0.109888	-0.442175	0.890172
0.139504	-0.0953249	-0.985623
-0.229113	0.176917	0.957187
-0.765153	-0.461258	-0.449202
0.208631	-0.2105	-0.955072
-0.77645	-0.219824	0.590595
-0.78393	-0.0182148	0.620582
-0.0333798	-0.984909	0.169826
0.0381081	-0.0384166	0.998535
0.467182	0.469388	0.749277
0.409028	0.210371	0.887941
0.135524	0.490447	-0.860869
-0.00343677	0.00723248	0.999968
-0.64057	-0.709986	-0.29256
-0.132866	-0.546336	0.826961
-0.0347539	0.0229739	0.999132
0.835088	-0.550043	-0.00897036
-0.0635768	-0.780415	-0.622022
0.0562393	-0.0523001	-0.997047
0.580883	0.429379	-0.691526
-0.160713	0.610113	-0.775843
0.276775	-0.332621	0.901532
0.170875	-0.855549	0.48871
0.458396	-0.143422	-0.877099
-0.747117	0.66151	-0.0649699
-0.370944	0.391726	0.841992
0.864509	-0.355798	0.355009
-0.953152	0.276766	0.122069
-0.354999	0.130023	-0.92578
-0.493953	-0.810165	-0.315662
0.883119	-0.437395	0.169666
0.921488	0.367118	0.12682
0.925466	-0.282313	0.25261
-0.777479	0.468721	0.419316
0.0141754	-0.0230548	-0.999634
-0.349522	0.132277	0.927544
0.550426	-0.10105	0.828746
0.542671	-0.644072	0.539147
0.381827	-0.10013	-0.918794
0.808267	0.422323	0.410301
-0.212956	-0.930279	-0.298715
0.0613513	0.961408	0.268199
-0.0123817	-0.50904	-0.860654
-0.013177	-0.347334	-0.937649
-0.47665	-0.144944	-0.867062
-0.968553	0.210788	0.132188
-0.75006	-0.144786	0.645327
-0.095483	0.419718	0.902618
0.388945	0.726295	-0.56676
0.218876	-0.891458	-0.396731
-0.431987	-0.241775	0.868868
0.699398	-0.552064	0.453946
0.403578	-0.439116	-0.802685
-0.16165	-0.279825	-0.946344
0.279948	0.283191	0.917296
0.255177	0.613082	-0.747673
-0.142589	-0.00185501	-0.98978
0.687703	-0.434008	-0.581981
-0.661106	-0.69374	-0.28577
0.524014	0.806213	0.274645
-0.420298	0.285593	0.86127
-0.0476157	-0.174574	0.983492
0.78754	0.324723	0.523771
-0.362347	0.871035	0.331666
0.72737	-0.686191	0.0086735
0.527153	0.789749	0.313698
0.549784	-0.784123	0.287904
-0.459595	-0.826918	-0.324005
0.211091	0.402039	-0.890957
0.0465477	0.950377	0.3076
-0.459535	-0.308459	-0.832875
0.146584	0.0525956	-0.987799
-0.924355	0.143982	-0.353322
-0.0815822	-0.98268	-0.166386
-0.0447546	0.0203713	0.99879
0.561421	-0.69867	-0.443471
-0.16224	0.0543223	0.985255
-0.00541853	0.000197683	0.999985
-0.853152	-0.142787	-0.50174
0.00108451	0.00560971	0.999984
-0.712139	-0.418772	0.563461
-0.0865028	0.609382	0.788144
0.262511	-0.0574089	-0.96322
0.736143	-0.642548	-0.212661
-0.172822	0.128522	-0.976532
0.336073	0.185045	-0.923479
-0.913306	0.307395	0.267171
-0.420623	-0.157509	-0.893458
0.761886	0.636629	-0.119301
-0.641403	-0.706903	-0.298145
-0.44297	-0.86394	0.239554
-0.109115	-0.62504	0.772929
-0.313927	-0.197942	-0.928584
-0.00948144	-0.0258704	0.99962
0.159666	-0.170514	-0.972333
-0.703185	0.599151	-0.382816
-0.546243	0.835092	-0.065118
-0.240119	-0.430657	0.869987
0.018549	-0.00740476	0.999801
0.0658973	-0.342667	0.937143
-0.000274024	0.00183889	0.999998
0.310039	0.0295641	-0.950264
0.628477	0.760513	0.163209
-0.634475	-0.579963	0.510965
-0.648121	-0.488902	-0.583878
0.689452	-0.177919	0.70214
-0.201248	0.978527	-0.0445399
-0.670165	-0.536508	-0.512873
0.266911	0.770883	0.578359
0.455294	0.791568	0.407588
0.818346	0.360698	-0.447445
0.340582	-0.184817	0.921871
0.866324	-0.31286	-0.389359
0.295449	-0.704093	0.645727
-0.625247	-0.203392	0.753457
0.782605	0.129496	-0.608901
-0.122342	-0.00284851	-0.992484
0.282106	-0.42042	-0.862359
-0.533272	-0.505418	-0.678361
-0.0702014	-0.11342	0.991064
-0.587148	-0.274552	0.761497
-0.12488	-0.524412	0.842257
0.0616484	-0.0128094	-0.998016
-0.274875	0.724836	-0.631709
0.0526523	0.00879061	0.998574
0.140161	-0.331034	-0.933151
0.244449	0.0732991	-0.966888
-0.0107623	0.456243	0.88979
0.628971	0.632174	0.452496
0.123683	0.153276	-0.980413
0.0247723	0.018817	-0.999516
-0.18266	0.00154025	-0.983175
0.938259	-0.338336	0.0720986
0.0821426	-0.0516944	-0.995279
0.980052	0.0330369	0.195978
0.281316	0.107308	-0.953597
-0.687725	0.355841	-0.632781
-0.185744	0.731957	0.655544
-0.67534	-0.648046	0.352069
0.516962	-0.853952	-0.0592959
-0.698871	0.462036	-0.545988
0.553558	-0.646263	0.525279
0.184868	0.937807	-0.293839
-0.357048	-0.712805	-0.603677
-0.942015	0.277941	-0.188034
-0.991426	-0.0889883	-0.095689
0.893634	-0.377401	-0.242872
-0.150757	0.233523	0.960593
-0.0223892	0.813711	0.580838
-0.159066	0.335925	-0.92836
-0.0035016	0.0594294	-0.998226
-0.35024	-0.07053	0.934001
0.502084	-0.773137	0.387518
-0.650096	-0.740213	-0.171642
-0.314604	-0.198615	-0.928212
0.325831	0.299375	0.896777
-0.257347	0.0120868	0.966243
-0.19137	0.537192	-0.821463
0.174867	-0.36535	0.914298
0.171635	-3.87685e-05	0.985161
0.703036	0.584192	0.405536
0.335464	0.314183	-0.888117
-0.155995	0.492438	-0.856253
-0.171125	-0.387987	0.905639
-0.408843	-0.184541	-0.893752
0.902952	-0.293258	-0.314129
0.74552	-0.541259	-0.388894
0.907036	0.105902	0.407518
-0.000850796	0.0309401	0.999521
0.353929	0.115083	-0.928165
0.242031	0.596172	-0.765506
-0.115422	-0.321541	-0.939835
0.17337	-0.166411	-0.970696
0.311154	-0.254685	0.915597
0.524344	-0.792693	0.310969
0.675605	0.466479	-0.570924
0.202279	0.682051	0.702773
-0.684524	0.623267	0.378108
-0.0964624	-0.726791	0.680052
0.351897	-0.393511	0.849304
-0.0338061	0.722634	0.690403
0.063567	-0.0379741	-0.997255
0.172984	0.602072	-0.779478
0.465904	-0.184909	0.865299
0.274334	-0.863329	-0.423562
-0.736352	0.248377	-0.62936
-0.536576	0.794573	-0.284149
-0.913001	-0.320676	-0.252181
-0.667326	0.540442	0.512443
-0.76229	-0.642732	-0.0762223
0.120912	-0.967545	0.221895
-0.765742	-0.128773	-0.630125
0.483905	-0.820554	-0.304184
0.189946	-0.141046	0.97161
-0.0353831	-0.00915515	0.999332
-0.977361	-0.0938339	-0.189632
-0.432012	0.763181	-0.480541
-0.332358	-0.492667	-0.804249
0.524241	-0.277157	-0.805205
-0.146258	0.148488	-0.978039
-0.489386	-0.68603	-0.53839
-0.118623	0.143665	-0.982491
-0.256632	-0.961075	-0.102343
-0.466094	-0.831576	-0.302055
-0.633364	0.773632	0.01854
0.61692	0.254007	-0.744909
0.721607	-0.6838	-0.108176
0.896374	-0.00914721	0.443204
-0.931867	-0.362627	0.0112259
0.687987	-0.237174	-0.685873
-0.796288	-0.180446	0.577378
-0.302143	0.535539	-0.788611
-0.102547	-0.0141379	-0.994628
-0.0514097	0.110532	0.992542
0.900926	-0.18874	0.390781
0.472232	0.341619	-0.812584
0.444505	0.879489	0.170042
-0.246697	0.0603178	-0.967214
0.149321	0.145333	0.97805
-0.547029	0.602716	-0.580942
0.561967	0.826003	0.0437331
-0.429345	-0.396433	0.811482
-0.424353	0.656677	-0.623458
0.0851464	-0.0925958	-0.992057
-0.522489	0.161885	0.837137
-0.737515	-0.658055	-0.151776
-0.434605	-0.191534	-0.880019
0.912684	-0.404154	0.0605644
-0.377238	-0.334806	-0.863479
-0.349891	-0.192888	-0.916717
0.653764	0.520669	0.549088
0.710721	-0.0335253	-0.702675
0.00231587	-0.00520563	0.999984
0.548888	-0.262858	-0.793491
0.322605	-0.922903	-0.210183
0.68157	0.610796	0.402977
-0.41377	0.694848	-0.588201
0.480354	-0.863946	-0.151186
0.408788	-0.501458	-0.762517
-0.646186	0.348678	0.678872
-0.0146072	0.00566882	-0.999877
0.273621	0.138009	-0.951885
0.374076	0.132458	-0.91789
-0.710481	-0.59385	0.377571
0.206213	0.141554	0.968214
-0.728974	-0.415009	-0.544394
0.462195	0.445347	-0.766839
-0.00370739	-0.089739	0.995958
0.0686586	0.122717	0.990064
-0.598943	0.476334	0.643718
0.734877	0.572723	-0.36324
0.235055	-0.415305	-0.878789
0.0721204	0.123612	-0.989706
0.287497	-0.0933832	0.953218
0.292809	0.195922	0.935883
0.25164	0.35294	0.901172
0.446423	0.278925	0.85024
0.442167	0.11485	0.889549
0.545753	0.363567	0.754966
-0.340224	0.526644	-0.779034
-0.600857	-0.647514	0.468718
0.201707	0.310095	-0.929062
-0.770815	0.355191	-0.528852
-0.742593	0.669741	0.00153546
0.215755	0.283938	-0.934253
0.142554	-0.434314	-0.88941
0.00592998	0.0809238	0.996703
-0.393507	0.901579	0.179741
0.423769	-0.654886	-0.625734
0.401236	0.0138903	0.91587
-0.713133	-0.667453	-0.214356
0.100967	-0.712161	-0.694718
-0.985328	-0.0660162	0.157386
0.845466	-0.127517	0.518581
0.00967878	0.607014	0.794632
0.807864	-0.436967	0.395494
-0.397589	0.0554252	0.915888
0.9424	-0.0615288	-0.328781
-0.416816	-0.903797	0.0970358
-0.41483	-0.24523	-0.87623
-0.182462	-0.458844	0.86958
0.85697	-0.247951	-0.4518
0.0907913	-0.270959	0.9583
0.840941	-0.497835	0.21208
0.251727	0.954691	0.158743
-0.264515	0.407313	0.874144
-0.490864	-0.615587	0.616527
0.243611	0.53544	0.808676
-0.689353	-0.501441	-0.522828
0.933832	0.312749	0.173629
-0.533012	-0.845396	-0.0346815
-0.709463	-0.274661	-0.649018
-0.140595	0.194627	0.970749
0.435164	-0.430429	0.790799
-0.0245651	0.106034	-0.994059
0.109669	0.643147	0.757848
0.895556	-0.408974	0.175271
0.0451803	0.0111172	-0.998917
-0.603354	-0.00523085	0.797456
0.0486244	0.00472949	0.998806
-0.266311	0.92283	-0.278322
0.305775	0.0626637	-0.950039
0.0123711	0.131717	0.99121
0.526503	0.430855	-0.732911
0.0198503	0.999505	0.0243983
-0.861401	0.502693	-0.0727218
-0.273063	-0.200953	0.940773
0.217594	-0.925255	-0.310735
0.296374	-0.873124	-0.387063
0.131843	-0.944231	-0.301736
-0.781141	0.470893	0.409973
0.510949	0.859299	0.0231488
-0.0472745	0.678441	0.733132
0.542671	-0.433711	-0.719308
0.724896	-0.377848	0.575983
-0.826079	0.215693	-0.520643
-0.324057	0.127197	0.937448
0.854162	0.497976	0.149755
-0.139713	0.298709	-0.944062
-0.450786	-0.804388	-0.386979
-0.131656	-0.799346	0.58627
0.140213	-0.308947	-0.940687
0.803904	0.273739	0.528021
0.690708	0.179519	0.700496
-0.120439	-0.351397	-0.928447
0.0572463	-0.733601	0.677165
-0.456979	0.306507	0.834999
0.102963	-0.835612	0.539584
0.249781	0.85037	-0.46312
-0.553517	0.670524	-0.49398
-0.126961	-0.719714	0.682563
-0.99895	0.0148487	0.0433308
-0.38473	0.496114	0.778366
0.431641	-0.628637	-0.646917
0.491184	0.697486	-0.521777
-0.659919	-0.222553	0.717619
0.88193	-0.443834	0.158779
0.269615	0.217953	-0.937979
-0.291974	0.0581957	-0.954654
0.0291196	-0.624963	-0.780111
0.130225	-0.451991	-0.882466
-0.36144	-0.394222	0.844956
0.495785	0.540587	0.679679
0.883718	0.464517	0.0571568
-0.596359	-0.25393	0.761496
-0.946601	0.232178	-0.223697
0.572599	0.401812	-0.714617
-0.668555	0.675416	-0.311204
0.197833	-0.176189	0.964272
-0.976332	-0.213139	0.0367213
-0.559731	-0.146841	0.815561
0.846155	0.444243	0.294397
-0.00335135	-0.00378111	0.999987
-0.462902	-0.849888	-0.25182
-0.392224	0.908545	0.1439
-0.149824	0.213814	-0.965317
0.447458	0.0710194	-0.89148
0.24342	0.771656	0.587618
-0.0548694	0.997321	-0.0483798
0.44214	0.641413	-0.626977
-0.0223084	-0.229781	0.972987
-0.115714	-0.490494	-0.863728
0.766676	-0.390276	-0.509796
0.611302	0.785385	-0.0973629
0.244116	-0.672937	0.698258
-0.0993746	0.357012	0.928799
-0.910732	-0.253508	-0.326037
0.189349	-0.345373	-0.919165
-0.177475	0.00268129	-0.984122
-0.385081	0.898655	-0.210075
-0.129293	-0.00331572	-0.991601
0.206807	-0.182546	0.961201
-0.883329	-0.0357783	0.467386
0.291745	0.182259	-0.938971
0.831133	-0.338279	-0.441345
-0.535238	-0.30219	0.788797
-0.0218851	-0.0244914	0.99946
-0.0541213	0.0692758	-0.996128
-0.795356	0.514692	-0.320158
0.478648	-0.848585	0.225388
-0.945108	0.309124	-0.105889
-0.312169	-0.941847	0.124398
0.369089	-0.308971	-0.876533
0.267549	0.241789	-0.932714
0.457171	-0.36635	0.810421
-0.474182	-0.879235	0.0458011
-0.426486	0.555999	-0.713424
0.61482	-0.595432	0.517163
0.294163	-0.403079	-0.8666
0.883554	0.365078	0.293344
0.793683	-0.584263	0.169423
-0.750098	-0.293454	0.592653
0.386883	0.748315	-0.538838
0.309486	-0.930545	-0.195713
-0.737032	-0.675078	0.0324642
-0.00712486	-0.000760588	-0.999974
-0.0557466	0.0150921	0.998331
0.450877	0.458415	-0.765876
0.629425	-0.717178	-0.299131
0.755973	-0.188515	0.626871
-0.554682	0.656902	0.510693
-0.578042	-0.645217	0.499563
0.338141	0.686191	-0.644052
0.670248	-0.180748	-0.71979
0.235168	-0.522072	0.81984
-0.322519	-0.427987	0.84428
-0.251562	0.111482	-0.961399
-0.737123	-0.51486	0.437686
-0.274655	-0.911397	0.306464
0.815007	0.418832	-0.400429
0.0360474	-0.162706	-0.986016
-0.661596	0.113192	0.741268
-0.44207	0.0723529	0.894057
0.656044	-0.555975	0.51039
0.585359	-0.401558	-0.704348
0.630104	-0.723788	-0.281246
0.206538	-0.714221	0.668753
0.401302	-0.401264	0.823374
0.105846	0.100158	0.989326
0.370441	-0.473789	0.798935
0.248649	-0.24769	0.936388
0.550387	0.787418	-0.277575
-0.100581	0.52204	-0.84697
-0.186187	0.979402	0.078137
-0.390372	0.537215	-0.74767
-0.947274	-0.305161	0.0977157
-0.181496	-0.899108	0.398326
0.857673	-0.363172	-0.36401
0.745049	0.422142	0.516429
-0.913833	-0.396142	0.089334
-0.615542	-0.662162	-0.427376
0.618586	0.260951	-0.741118
0.0947629	0.0244737	-0.995199
0.987527	-0.0682529	0.141885
-0.551244	0.535611	0.639728
-0.573954	0.0172364	-0.818706
-0.0743069	-0.32885	-0.941454
0.0158158	-0.0758225	-0.996996
0.0487459	-0.0439	-0.997846
0.202005	0.10379	-0.973869
-0.278052	-0.771215	-0.572639
-0.00903648	-0.551528	0.834107
0.196301	0.840459	0.505069
-0.0877008	-0.08343	-0.992647
0.0673078	-0.276595	0.958626
-0.518723	0.216422	-0.827096
-0.478313	-0.287803	0.829691
-0.031666	-0.00232271	0.999496
0.633778	0.617697	0.465592
-0.12426	0.488333	0.863765
-0.193316	0.180441	0.964401
-0.0374079	-0.0200112	-0.9991
-0.140541	0.853222	0.502255
0.0730808	-0.00423886	0.997317
0.623969	0.115529	-0.772862
-0.0515497	-0.0855503	-0.994999
-0.0465605	-0.163973	-0.985365
-0.412802	-0.0557957	-0.90911
0.345415	-0.821083	0.454436
-0.871513	-0.469957	-0.140021
-0.514686	0.648581	0.56075
-0.829688	0.381881	0.407166
-0.504452	0.38691	0.7719
-0.2718	0.841392	0.467103
0.00609389	-0.871607	0.490167
0.346848	-0.901006	-0.260546
0.779239	0.584202	0.226923
-0.574082	0.0202293	-0.818548
-0.02278	0.0337272	0.999171
0.000542048	-0.500762	-0.865585
-0.477838	0.667117	0.571512
0.0065244	-0.0742531	0.997218
-0.30312	0.361134	-0.881873
-0.656054	0.596299	-0.462624
0.284103	-0.933014	-0.22084
-0.748455	-0.00763401	-0.663142
-0.318377	0.914422	0.249937
-0.668784	-0.00717733	0.743422
-0.0628552	-0.0503727	-0.996751
0.0380167	-0.772684	0.633651
-0.243321	0.969918	0.00736216
-0.980053	-0.185857	-0.070374
0.897531	0.439946	-0.0297497
0.00605031	-0.00339821	0.999976
-0.093497	0.937594	-0.334926
0.759474	-0.577241	0.299987
-0.408014	-0.86485	-0.292504
0.569838	-0.232883	-0.788068
0.481002	-0.38976	0.785318
-0.133148	0.83034	-0.541116
0.0497183	-0.972353	0.228164
0.722481	0.363392	-0.58819
0.304548	-0.441195	0.844155
0.491514	-0.654129	-0.574917
0.580815	-0.197564	0.789698
0.869074	-0.255492	0.423596
0.0708366	-0.0683755	-0.995142
-0.727443	0.51215	-0.45665
0.0813743	0.780703	0.619582
0.735053	-0.282878	-0.61618
0.509485	-0.830659	-0.22457
0.166467	0.666832	-0.726377
0.138031	-0.797384	0.587475
-0.437485	0.6469	0.624602
