0.584799	0.108029	0.803953
-0.0910112	-0.826885	0.554958
-0.0121101	0.590169	0.807189
0.392975	-0.862829	0.317957
-0.706346	0.396699	-0.586263
-0.868822	-0.41491	0.270181
0.888003	-0.458881	-0.0296561
0.766918	0.0079632	0.641695
-0.483173	0.472065	-0.737359
0.114711	0.979531	-0.165409
-0.607811	0.0435517	-0.792887
0.0880768	-0.996106	0.00381509
0.734472	0.635757	0.237409
-0.854827	-0.122252	0.504306
0.488583	0.872473	-0.00885246
-0.88535	-0.36158	0.292257
0.293597	-0.906047	0.304762
0.327813	-0.214323	-0.920111
-0.613245	-0.0598616	-0.787621
0.305764	0.813213	-0.495169
0.74626	0.124607	-0.653888
0.967634	0.115263	-0.224496
0.521565	0.381905	0.762967
0.555572	-0.765741	0.324007
0.090829	0.15085	0.984375
-0.3313	0.212071	0.919383
0.0489214	0.688742	0.723354
0.307404	0.644499	0.700089
-0.845226	0.24514	-0.474867
0.278956	0.145857	-0.949162
0.630122	0.525257	-0.571884
-0.522497	-0.81565	0.248419
-0.678563	-0.126959	0.723487
-0.609563	0.781093	-0.135378
0.239209	0.598063	0.764918
-0.230974	-0.299758	0.925633
0.994006	0.0938658	-0.0560412
0.160833	0.925593	0.342651
0.929882	-0.273369	-0.246147
0.960115	0.193889	-0.201463
0.685351	-0.236539	0.688726
0.777568	-0.221247	-0.58859
0.538285	-0.112458	0.835226
-0.550853	0.257591	-0.793856
0.703336	0.530785	-0.472849
0.459885	-0.0566708	-0.886168
0.342985	0.57827	0.740247
-0.88919	0.26577	-0.372435
-0.835704	-0.543759	0.076979
0.798421	0.201376	0.567425
0.850654	0.52524	0.0225966
-0.379076	-0.728918	-0.57007
0.319424	-0.743499	0.587519
-0.62787	0.712178	0.313976
-0.313756	0.634211	-0.706636
-0.471352	0.603546	0.643087
0.748937	0.264979	-0.607354
0.401582	0.135857	0.90569
0.951208	0.189268	0.243682
-0.977869	0.0859795	0.190736
-0.0570053	-0.921438	0.384321
-0.977128	0.212356	0.011175
-0.692248	-0.661869	0.287614
0.951888	-0.158183	-0.262465
0.926753	0.350788	-0.13445
-0.376626	0.615176	0.692612
-0.174649	-0.272149	-0.946273
-0.633516	0.530896	0.562857
-0.0565408	-0.934332	-0.351889
-0.179563	-0.158679	0.970865
-0.661691	0.0394882	-0.748736
0.854416	0.389416	-0.343989
-0.0702997	0.522136	0.84996
-0.238136	-0.122227	0.96351
0.603132	0.00538311	-0.797623
0.474258	-0.728735	0.493989
-0.876343	0.46707	0.117764
0.574505	-0.792387	-0.205099
0.533793	-0.637389	-0.555699
-0.189112	-0.778874	0.59799
0.143843	0.75614	-0.638406
-0.628543	-0.677381	-0.382216
-0.514564	-0.726055	0.456145
-0.384254	0.899783	-0.206736
-0.84035	-0.48803	-0.235877
-0.676012	0.383442	-0.629269
0.551617	-0.793211	0.257944
-0.434277	0.192549	0.879959
-0.904738	-0.399003	-0.149147
-0.0444602	0.946398	-0.319927
-0.184089	-0.966039	0.181329
0.212938	-0.464092	0.859812
-0.606765	0.486504	0.628609
0.691961	-0.389682	-0.607732
-0.307533	0.884947	-0.349702
-0.467105	0.784168	-0.408525
0.0324439	0.991873	-0.123026
0.461041	0.331856	0.82299
-0.52622	0.341425	0.778795
-0.653001	-0.371914	-0.659749
-0.989169	0.120339	0.0840428
-0.424476	0.812673	-0.399229
0.366943	-0.893973	-0.257226
-0.93876	-0.0385933	-0.342403
0.726704	0.425662	0.539179
-0.00221225	0.370689	-0.928755
0.596368	-0.750519	0.284721
-0.694625	-0.696847	-0.178609
-0.978914	-0.1115	-0.171159
-0.378592	-0.379417	-0.844222
0.410382	0.873189	-0.262921
0.381192	0.0344752	-0.923853
-0.539075	-0.519818	-0.662712
-0.0631978	0.949883	0.306152
0.577877	-0.417985	-0.700961
-0.684681	0.567395	0.457466
0.756498	0.651709	0.0546501
0.553413	0.161168	-0.817165
-0.992987	-0.115032	-0.0273035
0.661786	0.333722	-0.671318
0.545577	-0.722726	-0.42428
0.528007	-0.371296	0.763772
0.230963	-0.423453	0.875982
-0.110131	0.419911	-0.900859
0.117674	0.151829	0.981377
0.992644	0.10708	0.0564966
-0.447447	0.454843	-0.770006
-0.29954	-0.211035	-0.930452
-0.696058	-0.523717	0.491145
-0.282495	0.944237	0.169155
0.702534	0.703286	0.108787
0.939867	0.339789	0.0345405
0.272957	-0.902736	0.332509
0.503652	-0.783574	0.363794
0.0576656	0.954007	0.294186
0.0208441	0.983832	0.177877
0.737797	0.674579	-0.0244831
0.877072	0.0818881	0.473328
-0.484992	0.13984	0.863265
0.454384	0.189244	0.870472
-0.304859	-0.674387	-0.672505
0.209224	-0.62137	0.755066
0.870707	0.364117	0.330586
-0.637333	0.762288	0.112797
-0.111708	0.381926	-0.917417
-0.240372	-0.728897	-0.641039
0.879823	-0.109107	0.462608
-0.761703	-0.170981	-0.624959
-0.795821	-0.053898	-0.603129
0.225553	-0.00667613	-0.974208
0.568061	0.257361	0.781711
-0.322294	-0.567959	-0.75733
-0.016134	-0.894191	0.447394
-0.506114	0.417307	0.754787
0.126046	0.413926	-0.901542
-0.693248	0.667903	0.270763
-0.0807642	-0.382893	-0.920255
-0.609097	0.114579	0.784775
-0.841767	0.460352	0.281966
-0.857512	-0.29053	0.424577
-0.569666	-0.453757	-0.685263
-0.180113	0.816769	0.548132
0.0763987	0.748179	-0.659084
-0.00536266	-0.999933	0.0103064
-0.738727	0.378217	-0.557884
-0.29676	0.0896978	0.95073
0.32353	-0.800695	-0.504197
0.386232	-0.708388	0.590772
-0.693643	-0.717487	0.0638115
0.806177	-0.301506	0.50909
-0.790925	0.506856	0.342834
0.856831	0.0228921	-0.515088
0.50012	-0.113706	0.858459
-0.306648	0.248059	-0.918931
0.462463	0.336335	0.82037
-0.868515	0.198237	0.454295
-0.10011	-0.345943	0.9329
0.410179	0.301073	-0.860876
-0.160856	-0.551339	-0.818627
-0.838967	-0.35947	0.408552
0.980029	-0.152291	0.127867
-0.519145	0.836914	0.173387
-0.551257	-0.623965	0.553881
-0.711516	0.190415	0.676378
-0.411422	0.03315	-0.910842
0.32661	0.599054	0.731068
-0.468115	0.846829	0.252487
-0.5918	0.165876	0.788834
0.492803	-0.578494	0.649992
0.237131	-0.967125	0.0918632
0.0702558	-0.906636	0.416024
-0.0205094	0.329925	0.943784
0.282336	0.604475	-0.744914
-0.16209	0.765035	-0.623256
-0.110601	0.672668	0.731632
0.238121	-0.866555	0.438612
0.922709	0.305502	-0.23511
-0.538515	0.0156028	-0.842472
-0.518171	0.343972	-0.783059
-0.891942	0.237654	0.384655
0.887423	0.412676	-0.205377
-0.0256461	0.183861	0.982618
-0.77018	0.616558	-0.163337
-0.10086	0.423446	0.900289
0.727238	0.581406	0.364818
0.709269	0.0516014	0.703046
-0.698056	0.716014	0.00643672
-0.131145	0.910107	-0.393074
-0.735523	-0.479892	0.478237
-0.673802	0.588472	-0.446868
0.591611	-0.805882	-0.0234584
0.792389	0.258986	-0.55231
-0.429148	0.742091	0.514911
-0.132024	-0.872411	-0.470604
-0.0334422	0.59265	-0.804766
-0.68241	0.628138	0.373844
0.832943	0.546355	0.0877633
-0.284224	-0.955773	0.0755892
-0.537855	-0.0393477	0.842118
-0.607841	0.794058	-0.00158793
0.353573	-0.129472	-0.926403
0.960455	0.178671	0.213546
-0.986847	-0.14334	-0.074743
0.839174	0.0887777	0.536568
-0.817629	-0.402353	-0.411819
0.0813096	0.699136	-0.71035
0.299439	-0.295925	-0.907064
0.291672	-0.504737	0.812507
-0.365326	0.445189	-0.817523
0.324364	-0.300119	-0.89706
-0.550035	0.745673	0.376075
0.606071	-0.419711	-0.675663
0.86194	-0.459114	-0.215112
-0.809542	0.20194	-0.551236
0.488535	-0.703159	0.516624
-0.494288	-0.838678	-0.22869
-0.0357732	-0.00191068	0.999358
-0.78111	-0.191428	0.594325
-0.682737	-0.0354888	0.729802
-0.588867	-0.59047	-0.551889
0.270596	0.537718	-0.798522
0.207495	-0.427168	0.880042
-0.888178	-0.250611	0.385141
-0.3051	-0.478792	0.823208
-0.566263	0.805	0.176977
-0.983275	0.168623	-0.0688229
-0.463959	0.868017	0.176885
-0.205864	0.932777	-0.295883
-0.705836	0.61335	0.354397
0.479498	-0.496906	0.723303
0.374876	-0.476499	-0.795246
0.82056	-0.551831	-0.148878
0.740781	0.144136	-0.656101
-0.501205	-0.457807	-0.734307
-0.795576	0.480057	-0.3696
0.469433	-0.155644	0.869142
-0.472594	-0.575666	0.667281
-0.515147	0.794828	-0.320737
-0.144168	0.513846	-0.845682
-0.450949	-0.468985	0.759406
-0.588573	0.77709	0.222962
0.464494	-0.0800093	-0.881955
-0.67027	0.150938	0.726605
-0.171891	0.7314	0.65993
-0.523839	-0.850839	-0.0408114
0.309331	0.94767	-0.0789671
0.630134	0.0926786	-0.770936
0.00362661	0.0904173	0.995897
0.293742	0.955516	0.0265474
-0.483448	0.792068	-0.3727
0.589045	-0.227771	-0.775337
0.89447	0.228241	0.384486
-0.0592191	0.968298	-0.242679
0.268452	-0.836515	-0.477678
-0.123488	-0.882008	0.454766
0.011159	0.99978	0.0177438
0.248038	-0.7581	-0.603127
-0.467098	0.128168	-0.874867
0.387829	-0.0252028	-0.921387
-0.752964	-0.137396	0.643558
-0.384682	-0.678095	0.626265
0.490185	-0.854871	-0.170044
0.634404	0.58106	0.509805
-0.91872	-0.115373	0.377681
-0.906456	-0.0862732	0.413394
0.104684	0.89921	-0.424809
0.133871	0.961544	0.239814
0.0387909	0.998186	0.0460525
-0.950592	-0.149339	0.272163
-0.558079	0.814695	0.157543
-0.879992	-0.360157	-0.30968
0.408199	-0.333844	-0.84966
0.946832	-0.314393	0.0683162
0.0780157	-0.717336	-0.692345
-0.658739	-0.364385	0.658245
0.00928197	-0.786582	-0.617415
0.577112	-0.521659	-0.628342
-0.0332834	0.039655	-0.998659
-0.508002	0.594058	-0.623722
-0.662208	0.347574	-0.663831
0.31506	-0.343149	-0.884865
0.604928	0.238577	-0.7597
-0.128374	0.104561	0.986198
-0.660099	-0.749024	0.0568563
0.111934	0.987811	-0.108164
0.23059	-0.697384	0.67859
-0.176118	-0.984361	0.00395388
-0.176077	-0.717906	0.673504
-0.557302	0.764486	0.324
0.447515	-0.675569	-0.585949
-0.518715	-0.0717823	-0.851929
0.969097	-0.151093	-0.19499
0.972421	0.206298	0.108806
-0.21732	0.456466	0.862793
-0.674372	0.738035	0.0229736
-0.000930926	-0.289041	0.957316
-0.0621584	0.995723	-0.0683584
0.0577861	-0.98146	0.18275
0.60369	0.187313	-0.774901
0.543346	0.0395805	0.838575
-0.133495	-0.906292	-0.401017
-0.92812	0.367358	-0.0603372
0.218799	0.883718	0.413726
-0.693749	0.512435	0.506085
0.471391	-0.691374	-0.547533
-0.508157	0.35745	0.783585
-0.165591	-0.0214934	-0.98596
0.876232	0.0926595	-0.472898
-0.903954	-0.393034	0.1685
0.664868	-0.484697	-0.568347
0.0920339	0.33866	-0.936397
-0.585938	0.793644	-0.163722
0.63052	-0.775879	0.0213802
0.688444	0.0485567	-0.723662
-0.50997	-0.155538	-0.846014
0.324238	0.737811	0.592034
0.0710115	-0.0152038	-0.99736
-0.909796	-0.410432	-0.0617898
0.601737	-0.717035	-0.351813
-0.818669	-0.564923	-0.103165
0.525403	0.848153	0.0677379
-0.72365	-0.68976	-0.0236844
-0.497631	-0.858423	-0.12439
-0.522786	0.680184	0.513853
-0.532662	0.805875	0.258529
-0.361643	0.287521	-0.886874
-0.771551	0.00289201	0.636161
0.551199	-0.562829	-0.615958
-0.0636132	0.777074	-0.626186
-0.418726	0.76938	-0.482413
0.331857	0.519075	-0.787675
0.175011	-0.87051	0.459982
-0.394468	-0.225641	0.890776
0.466116	-0.243872	-0.850448
-0.815177	-0.449226	-0.365626
-0.438566	0.563409	0.700165
-0.460796	-0.764964	0.449998
0.818007	-0.0786022	0.569812
-0.375535	-0.083831	0.923009
0.303387	-0.797544	0.521421
-0.950532	0.0331043	-0.308858
-0.121467	-0.340107	-0.932509
0.52588	-0.679091	0.512138
0.198972	-0.182527	-0.962857
-0.0282156	0.941048	-0.337095
0.0948392	0.0592941	0.993725
0.788448	-0.177476	-0.588942
-0.290419	0.868575	0.401539
-0.54507	-0.516643	-0.660287
-0.949015	0.24182	-0.202221
0.137753	0.902312	-0.408482
-0.966177	0.216347	-0.140342
-0.339194	0.885141	-0.31855
0.974359	-0.173712	-0.143001
0.714629	-0.383917	0.584733
0.363608	0.0341284	0.930927
0.510196	-0.808418	-0.293529
-0.672242	-0.641694	-0.369215
-0.670693	-0.332567	0.663001
-0.680161	0.0688309	0.729824
0.52034	-0.73179	-0.440147
-0.809798	0.533571	0.243984
-0.41911	-0.901112	-0.1111
-0.679726	-0.724816	-0.112314
0.459915	0.535172	0.708568
-0.981321	-0.186471	0.0473097
-0.183414	-0.706441	0.683594
0.996292	0.0754954	-0.0412707
-0.352647	0.402985	-0.844537
-0.0862456	-0.979971	0.179495
0.290575	0.889917	-0.351587
0.355303	0.730679	0.582982
0.324378	-0.61349	0.720006
-0.375246	0.575441	-0.726676
0.627166	-0.251724	0.737087
0.148875	0.0403142	0.988034
0.760455	-0.285686	0.583173
-0.16898	0.63781	-0.751428
0.364785	0.71078	-0.601434
0.064606	-0.847294	0.52718
-0.498746	0.853105	-0.153182
0.432464	0.0450364	-0.900526
-0.943641	0.275229	0.183823
0.941991	0.146017	-0.30221
0.25624	-0.0848957	-0.962878
-0.879107	0.301462	-0.369176
0.0793086	-0.261937	-0.961821
0.905562	0.361285	0.22233
-0.81028	0.489465	0.322289
-0.129929	-0.898382	-0.419558
0.99463	-0.0267175	-0.0999877
0.865173	0.501452	0.0046104
-0.60175	0.565243	0.564267
0.937651	-0.206317	0.27972
0.661651	-0.482491	-0.573951
0.635558	-0.244674	0.732257
-0.460023	0.278418	0.843126
-0.952213	0.247844	0.178502
0.204888	-0.394583	-0.895726
-0.514302	-0.159256	-0.842693
0.608932	-0.267771	-0.74666
-0.961386	0.239181	-0.136121
0.151754	-0.879198	0.451643
-0.146167	-0.525667	-0.838039
0.347197	-0.927118	-0.141089
0.494842	-0.45584	0.739825
0.472405	0.720068	-0.508267
0.997458	0.0452473	0.0550533
-0.131105	-0.576391	0.806589
0.282262	-0.947404	-0.150847
0.763265	0.000919158	0.646085
0.849533	-0.246338	-0.466488
0.339165	-0.686145	0.643563
-0.239352	-0.756428	-0.60871
-0.594082	-0.76661	0.243672
0.954911	0.0422453	-0.293872
-0.168033	0.896755	-0.409384
0.95225	-0.155089	-0.262998
0.334905	0.0594037	-0.940378
0.416395	-0.473595	0.776095
-0.903048	-0.0946984	0.41897
-0.101069	-0.170304	-0.980195
-0.976245	-0.211595	-0.0466132
-0.299192	-0.73104	0.613241
-0.999838	0.00706369	0.016541
-0.175259	-0.984428	-0.0136213
-0.364133	0.726244	-0.583075
0.301376	-0.888248	-0.346682
0.428832	0.252702	0.86732
0.669273	0.494378	-0.554675
-0.670761	0.426828	0.606546
0.223745	0.779134	-0.585566
-0.506805	0.717002	0.478599
-0.436057	0.725044	0.533071
0.858894	0.199409	0.471738
-0.778293	-0.456253	0.431385
-0.703539	-0.708111	0.0600945
-0.687323	0.0696304	0.723007
-0.403648	0.780713	0.477028
-0.735923	-0.425722	0.526478
-0.310804	0.254481	-0.915773
-0.765942	-0.637638	0.0821565
0.158289	0.0985134	-0.982466
-0.314126	0.0647753	0.947169
0.697981	-0.700639	0.148079
0.597181	-0.774362	0.209136
-0.273735	0.444053	-0.853162
0.373256	-0.912154	-0.16928
-0.00713483	0.271393	-0.962442
-0.380989	-0.768504	-0.514051
0.0117259	-0.55913	-0.828997
0.871589	-0.153034	0.465739
-0.0677417	-0.426741	-0.901833
0.595977	0.796788	0.0996962
0.276671	0.481911	0.831393
-0.735016	0.297631	0.609235
0.729462	-0.651687	-0.207822
-0.839181	0.276247	-0.468469
-0.691384	0.27121	-0.669651
0.933427	0.157568	0.322314
-0.912153	-0.244249	0.329119
-0.416921	0.124675	-0.900351
0.558597	-0.802179	-0.210899
-0.0723733	-0.173596	0.982154
0.339195	-0.940168	-0.0321019
0.754918	0.0767936	-0.651308
-0.76567	-0.169393	0.620529
-0.871772	-0.457252	-0.175882
-0.647931	0.275489	-0.710134
0.860471	0.415577	-0.294764
0.146041	-0.97217	-0.183185
0.054773	0.163515	-0.985019
0.867329	-0.164366	-0.469813
0.226269	-0.883201	0.410801
-0.553492	-0.765856	-0.327278
0.217018	-0.616404	-0.756934
-0.0337766	-0.541025	0.840328
0.35009	-0.600182	-0.71918
-0.617265	-0.394994	0.680414
0.731115	-0.505942	0.457704
0.853969	0.501092	-0.140157
-0.669679	-0.0841067	0.737873
-0.564639	-0.787986	0.245481
-0.20281	0.18959	0.960689
0.916235	-0.301501	-0.263839
-0.524566	-0.504222	0.685996
0.140323	-0.97019	-0.19759
0.120163	0.655645	0.745446
-0.413242	-0.0951756	-0.905634
-0.556693	0.715079	0.422794
0.337856	0.809504	0.480163
0.150288	-0.329402	0.932152
-0.512386	0.628484	0.585209
0.0480361	0.751544	0.657932
-0.44568	-0.81338	-0.373874
0.285952	-0.772785	-0.566599
0.0691584	0.862444	0.501405
0.139749	0.0593967	0.988404
-0.553466	0.661084	-0.5066
0.656545	-0.649651	-0.383278
-0.744349	-0.059629	-0.665124
0.656166	-0.545053	-0.521885
0.876506	0.43727	-0.201328
-0.759891	0.552026	-0.34327
0.281082	-0.893021	-0.351434
0.103172	0.748406	-0.655167
-0.712625	0.442335	0.544524
0.083995	0.922199	0.377484
-0.839196	0.429202	-0.333969
-0.562243	0.750141	-0.348097
0.499231	0.558361	0.662572
0.849756	-0.16442	-0.50088
-0.970061	-0.0520157	-0.237227
0.1421	-0.956911	0.253237
0.958033	0.226252	0.176017
0.281455	0.955927	0.0835799
-0.221968	0.760316	0.61045
-0.377489	-0.833495	0.403471
-0.498251	-0.694851	0.518583
-0.252914	0.912474	0.321598
-0.857091	-0.509862	-0.0737345
-0.605652	-0.122526	-0.78624
0.579876	0.651048	-0.489776
0.619031	0.24469	-0.746276
0.511645	0.813919	0.275235
-0.138422	-0.660432	0.738017
-0.720665	0.634168	-0.280131
-0.419587	0.308304	-0.853754
0.783647	0.502842	-0.364756
-0.255366	-0.77182	0.582307
-0.374837	0.602862	-0.704312
0.431694	-0.787538	-0.439801
-0.616924	-0.241602	0.749022
0.755391	0.102257	0.647247
0.774697	0.620915	-0.119618
0.640182	-0.760684	0.107359
0.0841834	-0.964855	-0.248933
0.85033	0.0949999	-0.517604
0.153847	-0.930764	0.331676
0.110449	-0.484084	0.868023
0.284819	-0.273372	-0.918774
0.961778	0.0626088	-0.266576
-0.705761	-0.627982	0.327933
0.486467	-0.844391	-0.224394
0.511643	-0.859193	0.00281347
-0.198651	0.6702	0.715101
0.796296	-0.414654	-0.440426
-0.143312	-0.966169	0.214429
-0.675046	-0.315402	0.666959
0.405399	-0.168192	-0.898534
0.672696	-0.619167	0.405107
0.488963	-0.27236	0.828695
-0.214953	-0.209337	0.953925
-0.777081	0.118258	-0.618191
-0.574054	0.551764	-0.604994
0.0375469	0.648014	-0.760703
0.672802	-0.597206	0.436672
0.398527	0.898876	-0.182204
0.534835	-0.499954	-0.681173
-0.994998	0.0524307	0.0850329
-0.710747	0.647282	-0.275434
0.634728	-0.702806	0.321222
-0.359505	-0.907964	-0.215309
-0.773917	-0.300227	0.557598
0.500638	0.863641	-0.0590342
0.522821	-0.729423	-0.441135
-0.267495	0.0542562	0.962031
0.74832	-0.572641	0.334813
-0.96832	-0.0850658	-0.234779
-0.502521	0.472889	0.723774
0.037643	0.113742	-0.992797
-0.459181	0.673243	-0.579566
0.587908	0.332473	0.737446
0.950324	0.152205	0.271511
0.773764	-0.359726	-0.521427
0.501962	0.513495	0.695957
0.0725706	-0.916231	-0.394024
-0.58452	-0.69219	0.423332
0.888267	0.231117	0.396948
0.309033	-0.595311	0.741689
-0.835865	0.343875	0.427877
-0.392668	0.882599	-0.258515
-0.941485	-0.119567	0.315134
0.789577	0.0695516	-0.609697
-0.915001	-0.324174	-0.240177
-0.330653	-0.709591	-0.622213
0.612536	0.789208	-0.0441602
0.560016	0.0457775	-0.827216
-0.629775	0.237171	-0.739685
0.174213	0.36201	0.91575
-0.392258	0.197321	-0.898442
-0.145333	-0.981878	-0.121627
0.538219	0.0966261	0.837248
-0.670638	-0.693534	-0.263163
0.508936	0.830248	0.227314
-0.75582	0.234112	-0.611497
-0.790768	0.461357	0.402289
-0.736816	0.191684	0.648351
0.12538	0.361971	0.923719
-0.969679	0.126539	0.20907
-0.266706	-0.779522	-0.566757
0.380619	0.650738	0.657015
0.0737241	-0.533693	0.842459
0.389218	-0.206624	-0.897672
0.957545	0.214618	-0.192473
0.547945	0.801688	0.238857
-0.526769	-0.602733	-0.599356
-0.173083	-0.95681	0.233574
0.832866	-0.180627	-0.523171
0.923919	-0.176767	-0.339304
0.38843	-0.9013	-0.19178
0.22608	-0.79693	0.56017
0.135243	0.99	0.0401199
0.431022	-0.853319	-0.293369
-0.619395	-0.643099	0.450304
0.265718	-0.964051	0.000712947
0.850067	-0.119365	-0.51297
-0.147987	0.50964	0.847565
0.784813	0.610386	-0.107225
-0.573685	0.519666	-0.633114
0.182112	-0.854548	0.486399
-0.712208	0.674809	0.193371
-0.0367645	0.961062	-0.273878
0.565993	0.173383	-0.805971
-0.782865	0.274819	0.558208
0.628535	-0.696451	-0.346265
-0.587504	-0.511987	-0.626664
-0.837599	-0.260085	0.4804
-0.653977	-0.752661	0.0762622
0.977324	-0.0218759	0.210615
0.513799	-0.640213	-0.571085
0.173034	-0.978611	-0.111261
0.131915	0.986356	-0.0984912
0.892346	-0.436344	0.115425
0.993271	0.102869	-0.0531947
0.986363	0.151737	0.063751
-0.636928	-0.76943	-0.0479605
0.370404	-0.859621	-0.351926
-0.849236	0.270652	-0.453372
0.516044	-0.305498	-0.800231
-0.895352	0.199592	0.398131
0.419801	-0.866781	-0.269179
-0.24859	0.595612	0.763839
-0.7754	-0.139634	0.615839
-0.665089	0.584787	0.464415
-0.0564529	-0.844271	0.532936
0.53633	0.642842	0.546904
-0.749289	0.353551	0.559971
0.849733	0.511937	-0.125998
0.138837	-0.176141	-0.974525
-0.762835	0.554814	0.33206
-0.786462	-0.17309	-0.592889
-0.484584	0.67311	-0.55866
0.304409	0.797724	-0.52055
-0.0335692	-0.517778	-0.854856
-0.585474	-0.698981	0.410664
-0.663871	0.301541	0.684359
-0.445583	0.875556	-0.186703
0.770672	0.31187	-0.5557
0.197517	-0.657717	0.726908
-0.163231	0.470354	0.86725
0.878965	-0.247487	-0.407641
0.9429	-0.333012	-0.00658064
0.0367153	0.0877439	-0.995466
-0.634456	-0.326414	0.700656
-0.926162	-0.365464	-0.0930654
0.738628	-0.591742	0.322908
0.276696	0.525342	0.804646
-0.374917	0.0365026	0.926339
-0.555725	0.427423	-0.713077
0.575347	-0.817737	-0.0167863
-0.702635	0.6868	-0.186036
0.0242282	-0.388593	0.921091
-0.425635	-0.610382	0.668034
0.609669	0.774501	-0.168679
0.650977	0.573346	0.497497
-0.887853	-0.416771	-0.194982
-0.0520396	0.996684	0.0625556
-0.87066	-0.366876	0.327648
-0.151106	-0.94372	-0.294209
0.616303	0.397218	0.679992
0.600417	0.385948	-0.700388
-0.712784	0.692586	-0.110743
-0.0747642	0.325248	0.942668
0.641296	-0.278139	0.715107
0.676692	0.170532	0.716245
0.482615	0.543876	0.686499
0.62856	0.658717	-0.413526
-0.211457	0.546719	0.810176
0.933097	-0.317187	0.169477
0.383604	0.913124	0.138031
0.207826	0.733528	-0.647105
0.801494	0.522574	0.290731
-0.889454	0.413905	-0.19379
-0.484478	-0.550301	-0.680037
0.546739	-0.540344	0.639613
0.896976	0.426503	0.116314
-0.697138	-0.0476832	0.71535
0.895482	0.0810364	0.43766
-0.947644	-0.319145	-0.0108186
-0.553752	-0.0857527	0.828254
0.0982026	-0.774762	-0.62458
-0.165704	-0.903524	-0.395206
0.493147	-0.656542	0.570752
-0.0249059	-0.520082	-0.853753
0.0800528	0.921135	-0.380924
-0.438523	0.89655	-0.0624161
0.0917629	-0.369539	-0.924673
-0.530717	0.33147	0.780043
-0.165602	-0.0995502	-0.981155
-0.965144	-0.143169	0.219088
0.138622	-0.81841	-0.557664
0.414211	0.761262	-0.498908
0.229345	-0.972009	-0.0509792
0.638061	0.165345	-0.752023
0.433359	0.900895	0.0242362
0.798228	-0.302674	-0.520788
-0.517678	0.790404	0.327523
0.897124	-0.430227	-0.100369
0.927514	0.252825	-0.275314
-0.345961	0.483809	0.80389
-0.92515	-0.351415	-0.143547
-0.276393	0.709012	0.648775
0.389764	-0.406247	0.826467
0.602264	0.30904	-0.736052
-0.242902	0.867918	-0.433264
0.620637	-0.777491	-0.101576
0.539522	-0.835169	0.106808
0.00676115	0.310791	0.950454
-0.90291	-0.393271	0.173468
0.836055	0.453541	0.308726
0.136768	-0.574558	0.806956
-0.0857407	-0.140329	0.986385
0.518299	-0.00453988	-0.855187
0.582406	0.805062	0.112597
-0.570298	-0.565114	-0.59616
-0.672763	0.625603	0.394982
0.646833	-0.755603	-0.103305
0.82161	0.550798	0.146896
-0.106416	0.571489	-0.81368
0.6122	-0.423747	-0.66757
-0.983237	0.182301	0.00330297
0.643036	0.688855	0.33464
-0.451513	-0.779535	-0.434121
0.934282	-0.355787	-0.0231006
-0.0292937	-0.319156	-0.947249
0.183182	0.64053	-0.745765
0.0473498	0.14289	0.988605
0.872816	0.199687	0.445328
0.279211	0.824893	-0.491521
0.116343	-0.978985	0.167488
-0.741792	-0.0936325	-0.664062
-0.968635	0.17709	0.174316
0.548941	-0.818005	-0.171848
0.367815	-0.881184	-0.297032
0.434746	-0.37704	0.817824
0.898389	0.437623	0.037184
-0.332116	0.5742	0.748327
-0.180752	-0.975121	-0.128327
-0.834541	0.174091	0.522718
0.324628	0.887654	-0.32663
0.149395	0.426792	-0.891925
-0.449213	-0.0162106	-0.893278
0.640856	-0.758394	-0.118919
0.116597	0.85166	-0.51096
0.0943453	0.743932	-0.661562
0.0458424	0.969549	-0.24057
-0.0650004	-0.517619	-0.853138
0.279287	0.571448	0.771652
-0.483517	0.518695	0.705101
-0.165261	-0.875303	0.454459
-0.903437	-0.222322	0.366573
-0.886664	0.261268	0.381531
0.164136	0.370043	0.9144
0.329023	0.902858	-0.276752
0.604594	0.788526	-0.112664
-0.886863	0.251162	0.387803
-0.0344341	-0.902548	-0.42921
-0.592932	0.609336	0.526443
0.662863	0.740645	-0.109802
0.304915	0.831405	0.464535
0.014511	-0.89909	0.437523
0.394912	-0.0717067	-0.915916
-0.230377	0.926499	0.297533
0.23091	0.915917	0.328294
-0.254071	-0.495961	-0.830343
0.893229	0.224794	-0.389372
0.401091	0.455092	-0.794995
0.604676	0.75086	0.265661
-0.33623	0.588778	-0.735044
-0.0879841	0.982015	0.167047
-0.47235	-0.319869	-0.821321
0.242011	-0.0879639	0.966278
-0.289897	0.0215968	0.956814
-0.150696	0.669905	-0.726992
0.371342	0.582387	0.72314
-0.461044	0.608151	-0.646213
0.266553	-0.891809	-0.365549
0.468792	0.201309	0.860063
0.657205	-0.255928	-0.708931
-0.640633	0.457935	0.616347
0.882665	-0.0825983	-0.462687
0.139036	0.903957	-0.404389
0.549887	-0.749045	-0.369534
-0.616049	-0.329853	0.715318
0.578224	-0.210434	0.788273
-0.123639	0.985484	-0.116339
-0.496843	0.830546	0.251676
-0.164279	-0.748124	0.642902
-0.157538	-0.786716	0.596875
-0.275741	0.76576	0.581015
-0.799604	-0.299455	-0.520538
0.338384	0.544905	0.767187
-0.107788	0.905715	0.409953
-0.653667	-0.64099	-0.402308
0.108392	-0.0853888	-0.990434
0.930711	-0.23384	-0.28124
-0.0549761	-0.389169	-0.919525
-0.609699	-0.719581	0.332371
0.977118	-0.170998	0.126493
0.0730598	0.62408	-0.777937
0.660067	0.411944	-0.628183
-0.43158	-0.124538	0.893436
0.5771	0.405984	0.708613
0.657685	-0.66941	-0.345457
-0.643934	-0.676718	0.356932
0.513872	0.136793	-0.846891
-0.581551	-0.769142	-0.26499
0.0120032	0.749086	-0.662364
-0.137996	-0.00356081	0.990426
-0.192828	-0.304547	-0.932775
-0.998686	0.0321459	0.0399005
0.833732	0.530916	-0.151723
0.654903	-0.0111917	-0.75563
0.784288	0.606763	-0.129347
-0.447466	0.843645	0.29671
0.0114817	0.213961	-0.976775
0.268921	-0.96121	0.0613002
-0.814075	-0.202411	0.544345
-0.848964	0.39217	0.354206
-0.189364	-0.920624	-0.341456
0.255598	-0.56685	0.783167
-0.376949	0.795996	0.473603
-0.916986	0.291935	-0.271863
-0.15967	0.513012	0.843401
0.768042	-0.63148	-0.106507
-0.104188	0.991307	-0.0803447
0.205854	0.488516	0.847924
-0.991473	0.0582834	-0.116554
-0.795149	0.295226	0.529698
-0.660787	0.609557	-0.437951
0.0791834	-0.385528	-0.919292
0.965342	-0.213795	0.149687
-0.593274	0.52393	-0.611166
0.0823702	0.0349616	-0.995988
0.316503	-0.0666284	-0.946249
0.677691	0.73467	0.0315368
0.418061	-0.0676182	0.905899
-0.323515	0.934927	0.145772
0.268959	0.594754	0.757581
-0.552028	0.566155	-0.612155
0.301246	0.285377	0.909841
0.523333	0.745226	0.413232
-0.63336	-0.403369	0.660416
0.296116	-0.521496	-0.800223
0.0674208	0.97235	-0.223582
0.170494	-0.00995659	0.985308
0.103835	-0.497418	0.861274
0.222764	-0.29111	-0.930393
0.554554	-0.369827	-0.745451
-0.941566	-0.169642	-0.29099
-0.654935	0.391655	-0.646272
0.485131	0.0581009	-0.872509
-0.458028	-0.88669	-0.0631823
-0.0810658	0.282076	0.955961
-0.962359	0.253265	-0.0985988
0.461687	-0.886319	-0.0358186
0.696735	0.50874	0.505712
0.479247	0.854864	0.198824
0.897984	0.431576	-0.0858287
-0.0892195	-0.923046	0.3742
-0.2628	0.870094	-0.41698
-0.52079	0.219353	0.825023
-0.32741	0.179717	-0.927634
-0.554452	-0.347444	0.756218
0.435497	-0.307478	0.846049
-0.621142	-0.113499	-0.775436
0.801102	-0.554939	0.224227
0.680878	0.456017	0.573109
-0.415528	-0.90472	0.0939021
0.926602	-0.0791168	0.367627
0.958856	-0.230067	0.166324
-0.676409	-0.0683309	0.73335
0.874042	0.315385	-0.369572
0.907719	-0.402867	0.117236
-0.653438	-0.74545	0.131616
-0.298702	0.69023	-0.65906
-0.639711	0.485735	0.595677
-0.090762	0.41168	0.906797
0.995262	-0.0509352	-0.0828179
0.843393	-0.53724	0.00782626
-0.620146	0.780387	0.0800981
-0.506925	-0.861388	-0.0322286
0.112625	-0.687473	-0.717424
0.425697	-0.845904	-0.321293
-0.221528	-0.573897	0.788395
-0.693699	0.704806	0.148425
0.136448	-0.974727	0.176888
-0.931439	0.12109	0.343161
0.287844	-0.288104	0.913314
0.426688	0.903584	-0.0383782
-0.994818	-0.0597085	0.0822938
0.505338	-0.641706	0.576929
-0.702959	0.586967	0.401644
0.733791	0.543256	-0.407951
-0.951561	-0.2383	-0.194281
0.922814	0.354047	-0.151874
0.276083	0.15149	-0.94912
0.919417	-0.305659	0.247478
-0.859295	0.491242	-0.14245
0.527521	-0.848469	0.042694
0.684901	-0.425095	-0.591781
0.467382	0.294691	0.833493
0.697288	0.499844	0.513757
0.0371589	-0.786226	0.616821
0.0595623	0.640559	-0.765595
0.499465	-0.204314	-0.841897
-0.0453456	0.994942	0.0896318
-0.573299	-0.812575	-0.105117
0.630219	0.738807	-0.238722
-0.0271794	-0.964014	-0.264457
-0.241107	0.411776	-0.87881
-0.160223	0.973187	-0.165033
-0.108631	0.220852	0.969239
-0.190043	-0.326003	-0.92607
0.0366375	0.966636	0.253522
-0.667136	-0.476962	-0.572221
-0.299602	0.203103	0.932195
-0.552639	0.405667	0.728028
-0.352468	-0.467683	0.81058
-0.959923	-0.273539	-0.0610324
-0.740479	-0.157741	0.653306
0.426165	0.847012	0.317732
0.149238	-0.738378	-0.657667
-0.78266	-0.457396	0.422176
-0.649119	0.755702	-0.0869427
0.806525	0.000469567	-0.5912
0.295224	-0.952453	-0.075335
-0.166534	0.980355	0.105692
0.3372	-0.186656	-0.922744
0.889407	0.415151	0.191323
-0.830974	0.357722	-0.426049
-0.0998733	-0.125634	0.987037
-0.725114	-0.567175	-0.390542
-0.812736	-0.562375	0.1523
-0.3307	0.611562	0.718769
-0.516808	0.788827	-0.332658
0.404511	0.856938	-0.31942
0.789606	0.0293343	0.612912
0.91124	0.405921	0.0697907
-0.932773	0.108894	0.343623
0.886612	0.33957	-0.314024
0.777283	0.211599	0.5925
0.404657	-0.890655	0.207333
0.682463	0.730808	-0.0128297
-0.0152174	-0.210594	-0.977455
0.0474256	-0.61592	0.78638
-0.836987	-0.108102	-0.536438
0.11236	0.380455	0.917948
0.301913	-0.167965	0.938422
0.747464	0.203919	0.63223
-0.491491	-0.191462	0.849576
-0.150736	0.412896	0.898218
-0.202493	0.971407	-0.123958
0.31111	0.188898	0.931412
0.828213	0.0381423	-0.559113
0.446542	-0.894658	-0.0136898
-0.664403	-0.731403	0.153683
-0.0661473	-0.996967	0.0410024
0.91103	-0.283168	0.299735
-0.0515208	0.00541962	0.998657
-0.0540559	-0.56493	-0.823366
0.470021	0.570006	-0.673924
-0.860139	0.493579	0.128606
-0.781507	-0.0410414	0.622546
0.269667	-0.504345	-0.820315
-0.805896	-0.531244	-0.261366
0.373775	-0.464493	0.802832
-0.940792	0.32782	-0.086282
-0.0959947	0.965599	-0.24167
-0.450746	0.860086	-0.238916
0.122144	0.272243	-0.954445
0.29329	-0.483772	0.824588
-0.860064	0.26616	-0.435257
-0.0831629	0.874474	-0.47789
-0.99518	0.0858722	0.0473556
-0.364637	-0.111883	-0.924404
-0.721963	0.577045	0.381823
0.0844537	-0.996177	-0.0223588
0.987274	0.158936	-0.0054253
-0.834226	-0.316161	0.451784
-0.649108	0.415421	0.637248
-0.403607	-0.562344	-0.721713
0.916018	-0.0863252	0.391738
0.713282	-0.600838	-0.360863
-0.136965	0.0375461	-0.989864
-0.96765	-0.0727921	-0.241568
0.507394	-0.269501	0.818486
-0.96939	-0.24496	-0.0166464
0.891538	-0.353331	0.283404
0.91783	0.156563	-0.364796
0.43886	-0.822429	0.361956
0.22627	-0.961247	-0.157502
0.525656	-0.756484	-0.389124
0.989778	0.127467	0.0639638
0.761841	-0.10457	-0.639268
-0.132141	-0.440993	-0.88773
-0.412686	-0.909051	-0.057588
-0.740096	-0.490486	-0.460089
-0.28869	0.48255	-0.826924
0.461118	-0.687008	-0.561596
0.0969744	0.249695	0.963457
0.986306	-0.158417	-0.0458701
-0.674562	-0.0614079	-0.73566
0.154998	-0.554306	0.817753
0.710139	-0.519482	0.475227
-0.733162	0.541899	0.410876
0.24348	0.939231	-0.241995
-0.11081	-0.965172	-0.236988
-0.213768	0.0399624	-0.976067
0.959462	-0.281739	0.0075165
-0.476756	-0.652391	-0.589143
0.382644	-0.904869	-0.186533
-0.28452	-0.859189	-0.425256
0.244934	-0.668969	-0.701775
0.401087	-0.82783	0.392207
-0.817457	0.0147821	0.5758
-0.900072	0.260557	0.349258
0.78127	-0.431149	-0.451362
0.461295	-0.274081	0.843852
0.446277	-0.271939	-0.852576
0.138379	0.952305	0.271969
0.00340262	0.445714	0.895169
0.366321	0.774036	-0.516408
0.0566154	-0.0782576	0.995324
0.0693019	0.415355	0.907016
-0.714015	-0.665999	0.215935
0.339236	0.0463797	0.939557
-0.331761	0.549925	-0.766497
0.273241	-0.950874	-0.14553
0.847618	0.451227	0.279174
0.871441	-0.189897	0.452251
-0.927933	0.177194	-0.327937
-0.642876	-0.706503	0.295913
-0.955866	-0.152663	0.251027
0.280336	-0.881396	0.380201
0.730513	-0.624374	-0.276602
-0.23968	-0.469266	-0.849908
0.0160518	-0.387871	0.921574
0.61795	-0.77277	-0.144792
0.510425	-0.359866	0.781001
-0.964285	-0.263821	-0.0235074
0.446876	-0.817917	0.362373
-0.984186	-0.0883485	0.153532
0.833732	0.398985	0.381709
0.769701	-0.527688	-0.359313
-0.82673	-0.52172	-0.210538
-0.920033	0.391481	0.0167978
0.807209	0.284825	-0.516999
-0.603602	0.665406	-0.439203
-0.425787	0.184283	-0.885859
-0.312327	0.688077	-0.654982
0.125669	-0.853444	0.505807
0.469407	-0.844673	0.257264
-0.686211	-0.0433405	-0.726111
-0.723185	0.351951	-0.594251
-0.111219	-0.583315	-0.804596
0.80509	0.366845	-0.466106
-0.400591	-0.77659	-0.486246
-0.708039	0.700045	-0.092831
0.776176	-0.281894	-0.563992
-0.168465	0.176626	0.969754
0.0509926	0.975607	0.213521
-0.0270238	-0.989143	-0.144447
0.553517	-0.492984	-0.671257
0.811365	0.584177	-0.0205887
0.0394061	-0.572119	0.819223
-0.804569	0.582301	-0.116597
-0.263341	0.694556	-0.66951
0.897974	-0.127293	0.421236
-0.590289	0.584289	-0.556924
0.5114	-0.664517	-0.544874
0.435546	-0.895874	0.0878041
0.295127	-0.00548909	0.955442
-0.436385	-0.704209	0.560051
-0.0645488	-0.961207	-0.268167
-0.746574	-0.555113	-0.366711
0.585356	0.799999	-0.131754
-0.362071	-0.156223	-0.918966
-0.507919	0.729725	-0.457734
0.0692443	0.86224	0.501745
-0.157978	0.440804	-0.883592
0.186607	0.748047	-0.636871
0.802558	-0.198269	-0.562663
-0.265016	0.797053	0.542653
0.905253	-0.017008	-0.424533
0.381071	0.42942	-0.818769
-0.19864	0.937068	-0.287132
0.105167	-0.256951	-0.960685
-0.0207947	0.0300348	-0.999333
0.51343	-0.611267	-0.602281
0.177967	-0.0668342	-0.981764
0.725633	0.623578	0.290874
0.363662	-0.73301	0.574844
0.873946	-0.263888	0.408143
0.541847	-0.832664	0.114334
-0.128221	-0.140898	0.981686
0.988059	-0.114675	0.102901
-0.965804	0.238683	0.101257
0.642647	-0.746342	-0.173144
0.63454	-0.752656	0.175691
0.935188	-0.112304	0.335874
-0.229898	0.235891	-0.944194
0.640829	0.600768	-0.477929
0.547991	-0.0737934	-0.833223
0.793062	-0.436867	0.424499
0.795802	-0.513854	0.320395
0.136635	0.689521	0.711261
-0.793366	-0.607605	0.0372224
-0.485004	0.641392	-0.594464
-0.170807	0.0388091	-0.98454
-0.574894	-0.154789	0.803453
0.534496	-0.312267	0.785368
-0.818335	0.451546	-0.355577
-0.760743	0.641411	0.0993077
0.929202	-0.113723	-0.351641
0.664694	0.0248581	-0.746702
-0.179945	-0.824214	-0.536927
-0.686312	-0.69717	0.207197
-0.00428084	0.935203	0.354086
0.78132	0.16936	0.600713
-0.0944311	0.921308	0.377194
0.0279057	0.997156	0.0700083
-0.591216	0.797018	-0.123397
0.716171	0.614985	0.329987
0.840551	-0.199905	-0.5035
0.759436	-0.382847	0.526009
0.264139	0.18446	0.946681
-0.959358	-0.0369774	0.279758
0.270696	-0.944932	0.183922
-0.179944	0.950589	-0.252985
0.146513	0.977683	-0.150564
-0.219377	-0.953427	-0.207002
-0.295289	-0.953795	-0.0554962
-0.0587468	0.856483	0.512821
-0.755014	0.635045	0.163312
-0.754104	0.463309	0.46548
-0.866834	0.492696	0.0764794
-0.960124	0.27957	0.0014095
-0.715853	0.488804	0.498623
-0.932022	0.126657	0.339547
0.649242	0.379652	0.659052
-0.556815	-0.364831	0.746227
-0.52052	0.261889	-0.812695
0.614574	-0.0637358	0.78628
-0.436459	-0.419671	-0.795851
-0.584187	-0.698658	-0.413039
0.554905	-0.505893	-0.660419
0.4087	-0.0585407	-0.910789
0.584996	-0.577741	-0.569206
0.643924	0.420491	-0.639179
0.611026	0.0697972	-0.788528
0.534297	0.240847	-0.810259
-0.312746	-0.919975	0.236295
0.532731	0.232743	0.813651
0.358321	0.341836	0.868766
-0.633114	-0.27422	-0.723858
0.111044	-0.901184	-0.418971
0.40849	0.285849	-0.866849
-0.182928	-0.332679	-0.925128
-0.302621	-0.932846	-0.195497
-0.696328	-0.628727	-0.346163
-0.202845	-0.696393	-0.688397
0.723686	0.47968	0.496171
0.422492	-0.303638	0.853993
-0.342181	-0.908665	-0.239251
0.142001	0.961196	0.236511
0.863646	-0.503249	-0.0292528
0.357329	0.933654	-0.0246102
-0.735008	0.624762	-0.263506
-0.270368	-0.66209	-0.698955
0.31296	0.21998	0.92394
-0.449445	-0.467423	-0.761259
-0.791366	0.0537307	0.608977
0.916776	-0.396144	0.0509002
-0.458901	0.32672	-0.826235
-0.825725	-0.533449	0.183331
0.874555	-0.0529356	0.482029
-0.13652	0.451742	0.881641
0.560898	-0.595701	-0.574921
-0.511884	0.328991	0.793561
-0.0410171	-0.722015	-0.690661
0.523086	0.519933	-0.675315
-0.102534	-0.691419	0.715141
0.168988	-0.643039	-0.746956
-0.966955	-0.254319	0.0178917
0.547219	-0.722305	-0.42288
-0.484956	0.868117	-0.105785
0.525763	0.531973	0.663761
-0.133824	-0.928815	0.345533
0.139192	0.842996	0.519599
0.219422	-0.572903	0.789706
0.615422	-0.659153	-0.432173
-0.0976152	-0.670931	-0.735067
0.536038	0.442629	0.718848
-0.532445	0.136972	0.835309
-0.451324	-0.392786	-0.801265
-0.429205	-0.134969	0.893066
-0.508885	0.541649	-0.669069
-0.741823	-0.317732	-0.590546
-0.295767	-0.0759674	0.952235
-0.0793671	-0.722286	0.687026
-0.837178	0.498684	0.224603
0.0206128	0.924439	-0.380773
0.162882	-0.820308	-0.548238
-0.227333	0.927625	0.296363
0.982665	-0.0938879	0.159856
0.7049	0.413295	-0.576457
0.145895	-0.822192	-0.550195
0.731369	-0.675975	-0.0903109
0.337636	0.166218	0.926485
-0.825858	0.410101	0.387008
-0.791172	0.598173	0.12742
-0.00927613	-0.254366	0.967064
0.418025	0.54731	0.725057
0.616718	0.612266	-0.494761
0.558882	-0.718265	0.414423
0.563664	0.134295	0.815014
0.760903	-0.624696	-0.175448
0.298035	-0.9485	-0.107343
0.317714	0.936287	-0.149748
-0.0705969	-0.594445	0.801031
-0.407944	-0.9123	0.0359203
0.00778696	-0.345773	-0.938286
0.850848	0.503456	0.150299
-0.739623	0.340393	-0.580596
0.657659	-0.571808	0.490429
-0.29855	0.878802	0.372256
-0.0702046	0.967548	-0.242738
0.0286769	0.528678	0.848338
0.755992	-0.525534	-0.390242
-0.144412	0.956597	0.253114
-0.492791	-0.391782	0.776958
0.805019	0.0978339	-0.585126
-0.745663	-0.585671	0.317767
0.0208359	-0.591764	-0.805842
0.517939	-0.838211	0.170712
0.482107	-0.731481	0.482191
-0.141699	0.98478	0.100647
0.478751	0.652643	-0.587243
-0.346746	0.000789395	-0.937959
-0.0895613	-0.704676	0.703854
-0.577144	0.703838	0.414146
0.521141	0.74743	-0.412019
0.856402	0.0545524	-0.51342
-0.752415	-0.586146	-0.300506
0.199283	0.886479	0.417661
-0.407245	-0.309742	-0.859192
-0.779189	0.524027	-0.343889
0.894292	0.158922	-0.418313
0.758473	0.0120289	0.651594
0.0515104	-0.552552	-0.831886
-0.424691	-0.693464	-0.582018
-0.820171	-0.356523	0.44745
-0.994964	0.0840584	-0.0546048
0.114982	-0.587837	-0.800767
-0.344344	-0.806812	0.480085
0.686884	0.438207	-0.579797
-0.499242	-0.826727	-0.259382
0.586738	-0.329733	-0.739604
-0.290598	0.885836	0.36173
-0.124466	0.992197	0.00733732
-0.291023	0.711255	0.639861
0.307844	-0.182923	-0.933687
0.224537	-0.182072	0.957305
-0.837685	-0.499874	-0.22002
0.983184	-0.0777095	0.165262
-0.296152	0.932084	0.208597
0.0547396	0.994448	-0.0898749
-0.22671	0.822456	-0.521698
-0.627244	-0.543343	0.557982
0.341076	-0.857334	-0.385546
0.877102	0.330333	0.348672
-0.939195	-0.297279	-0.171863
0.677488	0.607711	0.414364
0.670426	-0.732261	-0.119678
-0.600768	-0.686876	0.408998
0.0730313	-0.701144	-0.709269
-0.238823	0.947877	-0.210931
0.728242	0.669918	-0.144478
0.893596	-0.26901	-0.359332
0.356806	0.539434	0.762693
-0.393432	-0.904083	0.166868
0.72861	0.457312	0.509895
-0.650689	-0.758622	-0.0331144
0.787684	-0.257891	-0.559505
-0.977258	-0.0403161	-0.208184
-0.218128	0.237296	-0.946631
0.948476	0.191406	0.252503
-0.495266	0.792346	-0.35623
-0.741511	-0.667945	-0.063333
0.575516	0.121096	0.808775
0.460663	-0.69597	-0.550832
-0.432832	-0.465376	0.772063
-0.968221	0.150845	-0.199485
-0.672281	-0.0984805	0.733716
-0.367588	0.889922	0.270033
0.774725	0.494634	-0.393876
-0.515837	0.141829	-0.844865
0.621787	0.781036	-0.0579942
0.656124	-0.710225	-0.255111
0.0498679	-0.524749	-0.849795
0.612118	0.248639	-0.75066
0.579609	-0.257936	-0.772996
0.885001	-0.465181	-0.0195036
0.348741	0.331303	0.876708
-0.554205	0.799148	-0.23285
0.848835	-0.203774	-0.487807
-0.190018	-0.131957	0.972872
0.394102	0.535801	0.746727
0.362961	-0.101251	-0.926287
0.766616	-0.0555102	-0.639702
-0.443417	0.346835	-0.82649
0.750567	0.0888338	-0.654796
-0.901278	-0.410312	0.139073
0.434427	-0.141261	-0.889561
-0.0318772	0.954132	0.297685
0.540721	0.838318	-0.0696005
0.591027	-0.369412	-0.717093
-0.97299	-0.0175446	-0.230179
0.079539	0.114762	0.990204
-0.772746	-0.00963722	0.634642
0.562614	-0.709231	0.424801
-0.54187	-0.790061	0.286672
0.913567	0.21512	-0.345135
-0.604374	-0.506413	-0.615042
0.00474899	-0.766877	-0.641776
0.87571	-0.481484	0.036117
0.26116	-0.131852	-0.956248
-0.95026	-0.0553386	-0.306501
-0.488365	0.721172	-0.491336
0.277978	-0.0405058	0.959733
-0.328321	0.104416	0.938777
-0.244118	-0.339862	-0.90824
-0.873881	-0.450057	-0.183794
0.165979	-0.818079	-0.550634
0.96968	-0.222543	0.100968
0.362509	-0.30736	0.879839
0.367703	0.538168	-0.7584
0.739966	0.0659643	-0.669402
0.958889	0.270647	0.0853338
0.087632	0.708316	0.700435
-0.691173	-0.651167	-0.313467
-0.625186	-0.359428	0.692788
0.431613	0.880962	-0.193947
-0.00980899	0.744363	-0.667704
0.193314	0.976973	-0.0903008
0.65475	0.230131	-0.71996
-0.165303	0.0312306	0.985748
0.204329	0.794007	0.57254
0.356461	-0.881163	-0.310623
0.305563	0.272295	-0.912407
-0.309633	0.91574	-0.256024
0.130644	0.460347	-0.878073
0.80897	-0.51788	-0.278152
-0.347558	-0.937324	0.0250362
0.143838	0.695862	-0.703624
-0.733229	0.534773	0.419992
0.826262	0.0827286	0.557177
-0.164113	-0.667131	-0.726638
-0.215741	0.783765	0.582381
-0.591043	-0.304795	-0.746839
-0.817376	-0.0157526	0.575889
0.00652831	-0.851797	-0.523832
-0.266572	-0.0193817	0.96362
0.226528	-0.0664634	0.971734
-0.78354	0.576834	0.230928
-0.751384	0.586065	0.303232
0.909131	0.404981	0.0973173
-0.242409	-0.0537339	-0.968685
-0.697523	0.549137	0.460337
-0.37923	-0.582752	-0.718738
0.545031	0.514783	0.66177
-0.801831	0.309481	-0.511164
0.490323	0.658233	0.571238
0.354216	-0.298433	-0.886267
-0.589671	-0.562562	0.579494
-0.819594	-0.444369	-0.361666
-0.14413	0.891912	-0.428625
-0.602286	0.797198	-0.041556
0.558306	-0.50991	-0.654436
-0.707639	-0.674667	0.209933
0.713407	0.658218	-0.240414
-0.331044	-0.474856	-0.815427
-0.649031	0.508531	-0.565823
0.114127	0.264311	0.957661
-0.147789	0.806483	0.572488
-0.308025	0.491136	0.814804
0.499315	-0.829011	-0.251843
-0.990099	-0.129416	-0.054367
-0.323415	-0.6077	0.725329
-0.457337	-0.886852	-0.0658492
-0.962336	0.0244891	-0.270758
-0.477107	-0.846383	-0.236653
0.0561108	0.79559	-0.603231
-0.865206	-0.126414	-0.48522
0.48244	-0.871199	-0.0909083
-0.074427	-0.310171	-0.947763
0.425287	0.549432	0.719205
-0.0524865	-0.0365968	-0.997951
0.552911	0.83315	0.0122931
-0.080369	0.744942	-0.66227
0.729631	-0.546979	-0.410431
-0.20271	-0.957459	0.20538
-0.773899	0.55545	-0.304229
0.321908	-0.288193	0.901843
0.821022	-0.0871689	0.564203
0.966658	-0.251099	0.050211
-0.300146	0.288549	0.909204
0.195692	-0.780475	-0.59377
0.797415	-0.441043	0.411837
-0.0272622	0.212951	-0.976682
-0.829274	-0.51618	-0.214154
-0.0382141	-0.684929	0.727607
-0.742974	-0.65233	0.14985
0.0630004	-0.362089	-0.930012
-0.631209	0.757374	-0.16721
-0.0440957	0.208449	0.977039
0.519396	0.366116	0.772131
0.334005	0.854464	-0.397911
0.382149	0.595282	0.706825
0.660827	0.391533	-0.64032
-0.607984	-0.515424	-0.603899
-0.903124	-0.118475	0.412712
0.263248	-0.777037	0.571764
0.414697	0.5119	-0.75232
0.781146	0.40865	-0.472035
-0.187025	0.465575	0.865021
-0.634264	0.289482	-0.716874
-0.473704	0.0540188	0.879026
-0.486622	-0.346856	-0.801804
-0.608935	-0.781975	-0.133092
-0.666893	-0.626471	-0.403469
0.137477	-0.569594	-0.810347
-0.286216	0.93593	-0.205219
-0.307866	-0.185102	0.93325
-0.500591	-0.374888	-0.7803
-0.621371	0.675533	-0.396929
-0.142481	-0.616974	0.773978
-0.010503	0.996262	0.0857387
0.879214	0.273304	-0.390242
-0.325977	-0.579961	0.746582
-0.31128	-0.717165	0.623522
-0.834935	0.382605	0.395598
0.836105	0.321144	-0.444742
-0.233735	-0.311191	-0.921156
0.116353	0.921574	0.370355
0.252039	0.842407	-0.476264
-0.442172	0.376897	-0.8139
-0.570513	-0.791417	-0.219486
0.630548	-0.736605	-0.244584
0.505818	0.688481	-0.519752
-0.041676	-0.756244	-0.652961
0.656304	-0.747292	-0.104019
0.516442	0.652727	-0.554288
0.924984	0.304271	-0.227648
0.692201	-0.110644	-0.713173
0.175439	0.134673	0.975236
-0.635926	0.759807	0.135247
0.5268	-0.152938	0.836117
0.500961	0.337281	-0.797044
0.802053	-0.579711	0.143688
0.156424	0.960475	0.230257
-0.977539	-0.00553139	-0.210684
0.0404194	0.0381501	-0.998454
0.965406	-0.216496	-0.14533
-0.792145	0.398771	0.462048
0.541924	-0.501001	0.674772
-0.894114	-0.419832	0.15589
0.139863	-0.964849	0.222495
0.169788	0.133186	0.976439
0.0387993	-0.062885	0.997266
0.927103	-0.369878	0.0605809
0.310753	-0.309519	0.898683
-0.774767	-0.567461	0.278791
0.831649	-0.552234	-0.0582883
0.976104	0.180342	-0.12123
-0.649677	-0.586804	0.483303
-0.945545	-0.21231	0.246716
-0.403801	-0.705359	0.582592
0.813961	0.330118	0.478007
0.539566	0.626723	-0.562215
-0.0121763	0.310983	0.950337
0.915081	0.402714	-0.021182
-0.359136	-0.686739	-0.631989
0.390014	0.899492	-0.196983
0.474741	-0.454207	-0.753868
-0.371258	-0.815429	-0.444121
0.0858399	0.988217	0.12672
-0.516005	-0.628043	0.582495
-0.272492	-0.710796	-0.648473
0.978754	-0.0712045	-0.192278
-0.750918	0.659988	-0.0232204
-0.383921	0.879155	-0.282298
-0.661746	0.551664	-0.507699
-0.0201985	-0.650586	-0.759164
0.187912	-0.422543	-0.886649
0.144615	0.427649	0.892302
-0.205593	0.541719	-0.815029
-0.373335	0.600847	0.706827
-0.328456	-0.0750271	-0.941535
-0.180438	-0.976119	0.120972
-0.828406	-0.559545	0.025547
-0.543424	-0.0266088	0.839037
0.866695	-0.104457	-0.487779
0.0580893	-0.980718	-0.186593
-0.424796	-0.797063	-0.429231
0.949789	-0.260929	0.172675
-0.786573	0.382669	0.48463
0.307791	0.51965	0.797012
-0.929779	0.353455	-0.102861
0.893853	0.137639	-0.426711
-0.788025	0.517199	0.333949
0.716898	-0.687854	0.113641
0.937307	0.333244	-0.102003
0.55244	0.756205	-0.350662
-0.797824	-0.598887	-0.0693616
-0.631401	-0.750701	0.194373
-0.863434	-0.47625	-0.166337
-0.629312	0.690253	-0.357096
0.594399	-0.590653	0.545728
-0.91586	0.120989	-0.382834
0.315392	0.943732	-0.0994875
-0.813759	-0.0658962	0.577455
0.197048	0.97744	0.0760504
-0.510764	0.0482457	0.858366
-0.269551	0.9328	-0.239221
0.417378	0.37087	0.829609
0.871989	-0.124998	-0.473298
-0.863037	0.119535	0.490794
-0.0825567	-0.851845	0.517247
0.757785	-0.113995	-0.642469
-0.563168	-0.786268	-0.254212
-0.86219	-0.476001	-0.173355
0.0680985	0.957657	0.279743
-0.00978826	-0.99726	0.0733226
0.145433	-0.83336	0.533254
0.374276	0.388466	-0.842028
-0.316063	-0.893207	0.319821
-0.2607	0.929767	-0.259939
-0.35383	0.803925	-0.478026
-0.557256	-0.828567	0.0542418
0.721622	0.654625	0.225227
-0.947926	0.0828572	-0.307525
0.405833	-0.718019	0.565463
0.806469	0.449358	-0.384299
0.721298	0.678743	0.137979
0.218246	0.231523	0.948033
-0.862734	-0.142152	0.485265
-0.655863	-0.621178	-0.428931
0.415028	-0.0731744	-0.906861
0.771617	-0.61716	0.154017
-0.845534	-0.0367611	-0.532654
0.685003	0.533516	-0.496117
-0.0987471	-0.1344	0.985995
0.749745	0.439501	-0.494694
0.794695	-0.346507	0.498391
-0.463107	0.664398	0.586607
-0.670751	-0.616525	0.412298
-0.318701	-0.736825	-0.596253
0.986633	-0.0311139	0.159961
0.600428	0.751194	-0.274214
-0.770709	0.383109	-0.509151
-0.95461	-0.0783766	0.287361
0.254699	-0.950782	-0.176472
0.10491	-0.504896	-0.856781
0.660918	0.749169	0.0439639
-0.511663	-0.422653	0.748041
0.339004	-0.726434	0.597804
0.644505	-0.182217	0.74257
-0.567169	0.349774	0.745639
0.502977	-0.820665	-0.27115
0.305295	-0.389296	0.869048
-0.570992	0.0601068	-0.818752
0.791615	0.606811	-0.0716035
0.497099	-0.0462724	-0.866459
0.900995	-0.248846	0.355363
0.990687	-0.00686674	-0.135988
-0.508572	0.0535752	0.859351
0.347439	0.733151	-0.584616
-0.542239	0.667789	-0.509936
-0.0741747	-0.16065	-0.98422
-0.287149	-0.015538	0.95776
-0.753233	-0.273557	-0.598169
0.713565	-0.108646	0.692113
-0.425013	0.902613	-0.0682218
-0.701215	0.555618	0.446752
-0.65834	-0.519118	-0.545074
0.730949	-0.486209	-0.478867
0.412405	-0.497232	-0.763336
0.609612	-0.659473	0.439851
-0.472084	-0.829514	-0.298401
0.253102	-0.821725	0.510596
-0.314996	0.593226	0.740851
0.185316	-0.977562	-0.100156
0.960349	0.270592	0.067162
-0.648984	-0.754417	0.0983607
-0.357154	0.0856639	0.930109
-0.267866	0.96307	0.0272847
-0.661476	0.205588	0.721237
0.510928	-0.839191	-0.186309
0.89532	0.24965	0.368886
0.867699	-0.0451984	-0.495031
0.664403	-0.0182955	0.74715
-0.18079	0.524395	0.832061
0.431078	-0.894552	-0.118109
-0.113429	-0.174688	-0.978068
-0.295334	-0.578512	0.76033
-0.254527	0.30876	-0.916452
0.745973	0.603077	0.282528
-0.94776	-0.0328131	0.317291
-0.437331	-0.300992	-0.847434
-0.0287961	0.197111	-0.979958
-0.302913	-0.951195	0.0589211
0.733146	0.567035	-0.375457
0.113166	0.987347	-0.111085
0.713927	-0.428344	-0.553922
0.0399438	0.94099	-0.33607
0.348563	0.448673	-0.822919
0.108235	0.839938	0.531779
-0.494034	-0.855602	-0.154515
0.850136	-0.495693	0.177645
-0.166071	0.0532018	0.984678
0.571184	-0.685751	-0.451103
-0.450404	-0.702291	0.551293
0.398979	0.344176	0.849917
0.2344	0.722732	-0.650166
0.316762	-0.0537394	-0.946981
0.466009	0.0663564	0.882288
-0.723144	0.411855	0.554472
0.968757	-0.1665	-0.183816
-0.321932	-0.164	0.93245
-0.204043	0.5765	0.791211
-0.329253	-0.287135	-0.899525
0.0643361	-0.0770341	0.994951
-0.538544	0.22212	0.812793
0.96471	0.119441	0.234665
0.897142	-0.319677	-0.304864
-0.127438	0.460142	0.878651
-0.875892	-0.354137	0.327719
0.276024	0.93869	-0.20657
-0.981897	0.152407	0.11247
0.117806	0.128689	-0.984663
0.0662693	0.801164	0.594764
0.269954	-0.623993	-0.733319
0.469249	-0.407568	-0.783386
0.2959	-0.54368	0.785401
0.405614	-0.843302	0.352589
0.930575	-0.35937	0.0698822
0.0798848	-0.969595	-0.231311
-0.804089	-0.564319	-0.187043
-0.0584163	0.783861	0.618182
-0.926369	-0.352981	0.131318
-0.398791	0.868961	-0.29304
-0.73251	0.289253	-0.616248
-0.164712	-0.780725	0.602775
-0.572477	0.366804	-0.733297
-0.549433	0.618694	0.561552
0.371504	0.0517727	-0.926987
0.230969	0.866776	-0.441987
-0.533579	-0.235102	-0.812416
-0.13223	0.111778	-0.984896
-0.924717	0.113188	0.363438
-0.108618	-0.954114	-0.279051
0.63744	0.409725	0.652531
0.663919	-0.746451	-0.0449713
0.632377	-0.770733	-0.0779099
-0.748858	0.661708	0.0368068
-0.990884	-0.0880717	-0.101942
0.695749	0.682328	0.224415
-0.605856	-0.133984	0.784211
-0.074195	0.656202	-0.750929
0.123136	-0.70244	-0.701011
-0.411257	0.840622	-0.352451
0.100201	0.75047	0.653264
-0.165871	-0.796557	0.581364
0.0917755	-0.360608	0.928191
-0.519546	-0.301514	-0.799475
-0.929548	-0.346449	-0.12615
0.876815	0.458946	-0.143404
-0.525564	-0.0622491	0.848474
-0.621537	0.291508	-0.727127
0.680031	-0.661502	-0.316184
0.82825	0.476552	-0.294789
0.324697	-0.208351	0.922584
0.241936	-0.399193	-0.884371
0.612516	0.29613	0.732892
0.724707	0.248572	0.64266
0.539532	0.13661	0.830809
-0.129651	0.870458	-0.474862
0.857259	0.0785333	0.508861
-0.571655	-0.4604	-0.679148
-0.53277	-0.237102	0.812366
-0.524719	-0.810025	-0.261783
-0.782529	0.38074	0.492631
-0.969374	-0.154575	0.190843
-0.0517947	0.572474	-0.818285
-0.966977	0.254189	0.0185104
-0.0390018	-0.503444	-0.863147
-0.819329	0.563856	0.103761
-0.872658	-0.00607718	-0.488293
0.743981	0.395097	0.538879
0.0977448	-0.0801846	-0.991976
0.913087	-0.397837	-0.0894298
0.314819	-0.177225	0.932459
0.201906	-0.897938	0.391077
0.541269	0.0210896	0.840585
-0.449151	0.524888	0.723018
0.763374	-0.396945	-0.509602
0.519698	-0.300986	0.799576
-0.645461	-0.361801	-0.672666
0.403126	-0.912437	-0.070339
-0.945655	0.324642	-0.0185549
0.189772	-0.617717	-0.76316
0.491175	-0.870546	0.0299593
0.903792	0.427432	0.0214854
-0.0285432	-0.2667	0.963357
-0.175023	0.335982	0.925464
0.239491	-0.102316	0.965492
-0.604988	0.532518	-0.591958
-0.226926	-0.876327	0.424919
-0.800096	-0.448016	0.398909
-0.747751	0.133327	0.650455
-0.363454	-0.891213	0.271367
0.32098	0.655897	-0.683206
0.293586	-0.0442958	-0.954906
-0.774926	0.247232	-0.581693
-0.313259	-0.716693	0.623073
0.45345	0.108706	-0.884628
0.963479	-0.267121	-0.0188364
0.677107	-0.0542274	0.733884
-0.197695	-0.812112	0.548991
0.991153	-0.0808024	-0.105297
0.961697	0.104333	-0.253484
0.90725	0.157946	0.389808
0.0180251	0.883769	-0.467576
-0.582072	0.810342	-0.067372
0.676243	-0.724214	0.134939
-0.892091	-0.155314	-0.424325
0.873714	-0.481999	0.0655847
-0.243215	0.76075	-0.601753
0.0543273	0.822295	-0.566462
0.180526	0.467835	0.865182
-0.655997	-0.0762146	0.750905
0.715861	0.0769297	0.693992
0.185908	0.636474	-0.748558
0.485858	0.706626	-0.514414
-0.982434	-0.182013	-0.041171
0.94166	-0.322731	-0.0955077
0.628955	-0.334344	-0.701876
0.633541	-0.541011	-0.553112
0.82977	-0.55785	-0.0168814
0.548589	0.778978	-0.303716
-0.76487	-0.0744421	0.639869
0.765533	-0.624096	0.156408
-0.677512	-0.435259	0.592897
0.597045	-0.794615	-0.110114
0.262915	-0.919695	0.29161
-0.53563	0.444054	-0.718274
0.134039	0.988794	-0.0657305
0.548364	-0.608191	0.573935
0.116177	0.410122	-0.904601
0.907235	0.0481911	0.417854
0.981686	-0.0911058	-0.167309
-0.550183	0.526999	0.647743
0.0433643	0.672152	0.739143
0.483413	0.75575	0.441762
-0.662447	-0.477803	0.576948
0.699289	-0.483816	-0.526229
-0.224394	-0.164841	0.960456
-0.288886	0.810543	-0.509475
0.985142	0.164014	0.050943
-0.918272	-0.377975	0.117943
-0.799989	0.465577	0.378492
0.17248	0.598693	0.782188
-0.244399	0.747352	-0.617847
0.281979	-0.811702	-0.511495
0.932462	0.0563941	0.35684
-0.545402	0.820222	-0.172546
-0.652598	-0.72939	-0.205197
0.580339	0.551646	-0.599077
-0.24406	0.74894	0.616055
-0.201597	-0.347742	-0.91566
0.830195	0.486788	-0.271688
-0.977657	0.154386	-0.142656
-0.819163	0.531504	0.215583
0.0918738	0.969215	0.228432
-0.327314	0.941391	0.0815358
0.911412	0.397349	0.106969
0.46917	-0.82295	-0.320364
0.866006	-0.401729	-0.297737
-0.981377	-0.0599653	0.182493
-0.295455	-0.882282	-0.366448
-0.454765	-0.771789	-0.444444
-0.379016	-0.328626	-0.865073
-0.263679	-0.55478	-0.789109
-0.449425	-0.388789	-0.804276
-0.15303	0.42802	-0.890719
-0.591348	-0.805715	-0.0336411
-0.74904	0.592484	-0.296481
-0.422884	-0.615806	-0.664795
-0.673942	0.721004	0.161105
0.981562	-0.131329	-0.138884
-0.899467	0.374424	-0.225314
0.817159	-0.569389	0.0897049
0.641823	-0.38333	0.66417
-0.946689	0.193167	0.257809
-0.173768	0.983659	0.0471048
0.675153	0.574101	-0.463224
-0.0719693	0.920854	0.383208
-0.999925	-0.00572862	-0.0108421
-0.434418	0.436482	-0.787887
-0.044884	-0.799062	0.599571
0.969865	0.0632561	0.235288
0.147034	0.987997	-0.0473598
0.543111	-0.35981	0.758662
-0.584176	0.691096	0.425589
0.6441	0.0652617	-0.762153
0.186766	-0.94886	0.254526
0.377839	0.462178	0.802265
-0.297558	0.856251	-0.422249
0.932613	-0.250592	-0.259684
-0.247958	-0.905479	0.344421
0.631056	0.766424	0.119846
-0.179623	0.20852	-0.961382
-0.413368	-0.859886	0.299537
0.670167	-0.741598	-0.0301458
0.492332	-0.633685	-0.596702
-0.258378	0.571283	-0.779023
0.104359	-0.64018	-0.761104
0.409704	-0.892261	0.189772
-0.666865	0.151618	-0.729591
0.567094	-0.237967	-0.788528
-0.981404	0.17104	0.0871344
0.784413	0.487531	0.38342
0.886534	0.0555439	-0.459317
0.315532	-0.757778	0.57115
-0.153953	-0.921394	-0.356834
-0.260195	0.684494	0.681004
-0.324023	0.828135	0.457385
0.550184	0.278702	-0.787161
0.448595	-0.846504	-0.286695
0.914284	-0.218582	0.341038
-0.785868	-0.0656447	0.6149
0.999091	0.0386892	0.0178881
0.590422	-0.550869	-0.589869
0.158351	-0.886223	0.435355
-0.0269749	-0.999158	-0.030903
-0.433052	-0.809752	-0.39594
-0.859065	-0.17292	-0.481773
-0.915229	-0.339002	0.217793
-0.285433	0.0259799	-0.958046
-0.434349	0.759015	0.485012
-0.669409	0.559068	0.489218
0.566868	-0.655082	-0.499528
0.321069	-0.923922	-0.208043
0.241148	0.220628	-0.945077
-0.332958	-0.913875	0.232319
-0.0531338	0.949675	0.308699
-0.995057	-0.0805928	0.0580206
0.867553	-0.100339	0.487118
-0.876916	-0.193491	-0.439976
0.895459	-0.171159	0.410923
-0.48509	-0.620162	-0.616512
-0.115911	0.739465	0.663142
0.237564	-0.334305	0.912033
0.614961	-0.332503	0.715028
-0.662326	0.231593	0.712523
-0.600074	-0.494624	-0.628696
0.813464	0.533329	0.232027
0.961578	-0.274373	-0.00932145
0.707903	0.681523	0.18547
-0.741455	0.629039	-0.233569
0.803999	-0.263466	-0.533076
0.0701864	-0.641046	-0.764286
-0.929775	-0.277502	0.24189
0.621794	0.760534	-0.186977
-0.918728	0.0637085	0.389718
-0.961434	-0.248282	-0.118322
0.518848	-0.602381	0.606576
-0.883946	0.356587	0.302464
-0.27366	0.960751	0.0454752
-0.630611	0.765281	-0.129126
0.162586	-0.812908	0.559238
-0.0100169	-0.166037	-0.986069
0.207533	0.944849	0.253359
0.641126	0.338544	0.688727
0.922464	-0.339229	0.184348
-0.468028	0.752456	0.463423
-0.441602	0.213907	0.871339
0.135826	0.666722	-0.732825
-0.916829	0.399062	0.0131644
0.511277	0.857748	0.0535236
-0.0816906	-0.136546	0.98726
-0.718585	-0.6753	0.166151
-0.838563	0.234388	0.491808
0.287974	0.912112	-0.291758
0.945461	0.0559738	0.32089
-0.933263	0.285779	-0.217602
0.268705	-0.953261	-0.138173
-0.0427328	-0.878821	0.475235
0.487828	0.287561	0.824216
0.888421	-0.457929	0.0317694
0.172634	-0.363358	-0.915516
-0.264682	-0.954543	0.137079
-0.0923044	0.989942	0.107211
0.953684	-0.240439	-0.180762
-0.173235	-0.342079	-0.923565
0.0837598	0.89329	0.441608
-0.243419	-0.917842	-0.313551
0.180682	0.60053	0.778921
-0.756899	-0.232193	-0.610894
-0.10292	0.974153	-0.201083
0.323734	0.864352	0.384826
-0.492249	0.548359	0.676013
0.122043	-0.480018	-0.868728
-0.0241809	-0.944378	-0.327971
0.0484542	0.984233	0.170109
0.652234	0.194744	-0.732575
-0.567603	0.818972	-0.0843313
-0.601942	0.73785	-0.305358
0.897229	-0.154233	0.413755
0.890789	-0.241995	0.384621
-0.913264	-0.199265	0.355305
-0.0948958	-0.464572	0.880436
0.699106	-0.488497	0.522132
0.932783	-0.348897	-0.090484
0.794559	-0.29617	0.530056
0.990662	-0.125052	0.054317
0.485898	0.865651	0.120626
-0.362704	0.373613	0.853732
-0.183956	-0.589478	-0.786559
0.5881	-0.678182	-0.440691
0.959514	-0.252383	-0.125047
-0.215913	0.30684	0.926947
0.180549	-0.952533	-0.24512
-0.172423	-0.379914	0.90881
-0.0441094	0.882166	0.468868
-0.0415969	-0.449883	-0.892118
0.208994	-0.869994	-0.446578
-0.753065	-0.590674	-0.289824
-0.379654	0.7886	-0.483707
0.709918	0.549427	0.440621
0.411108	-0.380538	-0.82836
0.204888	0.20212	-0.957689
0.105269	-0.994443	-0.000839753
-0.380131	0.771127	0.510747
0.741931	0.54004	0.39736
-0.209597	0.840433	0.499742
0.540272	0.761556	0.357964
-0.321228	0.145553	-0.935749
-0.175741	-0.114048	0.977808
-0.962107	0.252186	0.103697
0.380605	-0.505386	-0.774419
-0.488692	-0.766671	-0.416407
-0.213016	-0.937598	0.274835
0.958932	0.222968	-0.175311
-0.488866	-0.871865	0.0293456
-0.8725	0.441794	0.208717
-0.561253	-0.561663	0.607889
0.039199	0.235401	0.971107
-0.902644	-0.365092	-0.227908
0.317268	0.869971	0.37748
-0.734968	0.290973	-0.6125
-0.336465	-0.72338	-0.60292
-0.357501	0.403857	-0.842076
-0.183139	0.866727	0.463944
0.870885	-0.488055	0.0579818
-0.480033	-0.645081	-0.594507
0.312324	0.524926	-0.791774
-0.619406	0.410075	-0.669459
-0.928476	0.366001	0.0630535
-0.397593	-0.891727	0.2162
-0.24179	-0.771092	-0.589028
0.743561	0.634745	0.210276
0.335046	0.424488	-0.841162
-0.889068	-0.213971	-0.404691
0.861354	-0.00722072	-0.507953
-0.229685	0.454202	-0.860782
0.0269468	-0.0191635	0.999453
-0.429892	0.359122	-0.828386
0.967959	-0.0712084	-0.240801
-0.0250152	0.2046	-0.978526
-0.70446	0.525448	-0.477117
0.789153	0.0132288	-0.614054
0.651375	0.0956769	0.7527
0.91754	-0.0450557	0.395083
0.100531	0.954187	-0.281817
-0.107544	0.1997	-0.973938
-0.560714	-0.8071	0.184904
-0.0962003	-0.833971	-0.543359
-0.543211	-0.369608	-0.753864
-0.835647	0.513051	-0.196146
0.521293	-0.125793	0.844055
-0.773464	0.240452	0.586461
-0.432457	-0.787917	0.438369
-0.476861	-0.244774	-0.844209
-0.624652	0.718399	-0.306125
0.854884	-0.143734	0.498512
-0.595245	0.735511	-0.323585
0.964188	-0.254916	-0.0732069
-0.307237	0.670615	0.67519
0.13242	0.876288	-0.463232
0.412353	-0.519352	-0.748491
-0.500449	0.277049	-0.82024
-0.899913	-0.436066	0.00201744
0.171728	0.968429	0.180708
0.419732	-0.618042	0.664717
0.387605	0.895686	0.217964
0.335411	-0.91423	-0.227339
0.377407	0.809854	0.44911
0.196369	0.0111664	-0.980466
0.192677	-0.98119	-0.0118768
0.909114	-0.232528	-0.345604
0.478137	-0.866519	-0.14328
0.540724	-0.784774	-0.302898
-0.0914074	-0.490315	-0.866738
0.400196	-0.904684	-0.146254
0.872677	-0.191059	0.449368
-0.484797	-0.254067	0.836912
0.625531	-0.37484	0.684256
0.912184	-0.0691942	-0.403897
0.193724	-0.976095	0.0985395
-0.0199562	-0.542035	-0.840119
-0.175877	0.455348	-0.872769
-0.744541	0.542494	0.389047
0.985789	-0.103415	-0.132384
0.581693	-0.0792205	-0.809541
0.909121	0.00617152	-0.416486
-0.0831551	0.932648	0.351074
0.840743	0.39246	0.372997
-0.67277	0.16419	0.721403
0.476239	-0.0846355	-0.875233
0.571983	-0.209973	-0.792935
0.836606	0.14016	-0.529572
0.893886	-0.432354	0.118479
0.13227	0.734287	0.665828
0.099888	-0.189912	0.976707
0.538464	-0.61973	-0.570957
-0.711088	0.564491	0.41917
0.31188	-0.279631	-0.90804
0.0782037	0.508634	-0.857424
-0.55385	0.628786	-0.545783
0.567038	0.772394	-0.286137
0.406856	-0.880889	-0.241875
-0.486281	-0.207353	0.848844
0.647147	-0.185881	0.739357
-0.849266	0.0823706	0.5215
0.514331	0.673478	0.530934
0.404202	-0.727146	0.554869
0.457919	0.448569	-0.767526
0.523678	-0.819237	0.233693
-0.612006	-0.164745	-0.773504
0.417769	-0.0595488	-0.9066
0.761546	0.170873	-0.62518
0.590578	0.552249	0.58842
-0.119566	0.833195	0.539899
0.602505	0.247095	-0.758901
-0.131195	0.421289	0.897387
0.250044	0.423067	0.870914
-0.583523	-0.807433	0.0869074
-0.0978629	0.460301	-0.882352
0.299348	-0.698999	-0.649455
-0.0484357	0.920829	0.386946
-0.353841	-0.776715	0.521067
-0.781298	0.604413	-0.155748
-0.249839	-0.923521	-0.291015
0.163741	0.982532	-0.0884255
-0.81828	0.539939	0.19719
-0.550853	0.256734	-0.794134
0.853856	-0.465612	-0.232672
-0.644096	0.500308	-0.578646
0.941777	-0.11888	-0.314521
-0.267662	0.914155	0.30443
-0.944474	-0.322563	0.0626266
-0.838748	-0.0210726	0.544113
-0.439031	-0.692931	0.571925
0.832731	0.157473	0.530812
0.550437	-0.834693	-0.0174818
-0.423378	0.8878	-0.18045
0.32709	0.924615	0.195191
0.0714889	-0.629588	-0.773633
0.412017	0.187277	-0.891723
-0.736571	-0.676341	0.00514802
-0.0517303	-0.497777	0.865761
-0.492968	0.328037	-0.805838
0.814672	-0.0228068	0.579474
-0.486685	0.278754	-0.827909
-0.429712	0.0691741	-0.900313
-0.52396	0.375184	-0.764659
0.822632	0.16953	0.542712
-0.0702073	0.268147	-0.960816
-0.766123	0.568166	-0.300404
0.295176	0.0487078	-0.954201
0.375351	0.924605	0.0649321
0.0122474	0.936992	-0.349135
0.986315	0.00531232	0.164786
0.445482	-0.719955	-0.532175
-0.933648	-0.3516	0.0684048
0.982038	0.0483247	-0.18239
0.391725	0.887681	-0.24202
-0.211903	0.200774	-0.956445
-0.127148	0.035766	-0.991239
-0.640213	-0.393033	-0.660039
0.632383	0.730183	0.2587
-0.488425	-0.510724	-0.707533
-0.0499838	-0.919685	-0.389464
-0.866862	-0.0623399	-0.494635
-0.172287	-0.827081	-0.535027
0.517509	0.29908	0.801708
-0.284621	0.925666	-0.249264
-0.209215	-0.550281	-0.808344
0.801056	-0.57914	0.151351
0.131883	0.558723	-0.818802
-0.413891	0.820749	-0.393783
-0.731134	0.538853	-0.418426
0.49407	0.673646	0.549633
-0.581091	0.342452	0.738282
0.473816	-0.282379	0.834122
-0.732851	-0.567071	0.375978
0.916134	0.0343121	0.399401
-0.691498	0.314107	-0.650513
-0.879518	0.0577971	-0.472343
-0.976421	0.108641	-0.186545
0.991838	0.113133	-0.0588143
0.104276	-0.48568	0.867895
0.165815	0.0165495	0.986018
-0.840581	-0.541208	0.0227321
-0.311358	-0.761047	-0.56909
-0.681828	0.637375	0.358975
-0.789564	0.549258	0.273688
-0.0944316	0.887634	0.450764
0.335796	0.477128	-0.812152
-0.0387757	-0.600578	0.798626
0.534799	0.807011	-0.250446
-0.737256	0.494488	0.460365
-0.139667	-0.0146469	-0.99009
-0.365912	-0.872073	0.324958
0.959247	-0.231736	0.161691
0.587557	-0.301302	0.750995
-0.177082	0.15329	0.972185
0.467984	0.0996802	0.878097
-0.583457	0.21483	0.783216
0.989915	0.136876	0.036507
-0.206753	0.977244	-0.0474059
-0.462304	0.550216	0.695369
-0.217184	-0.0538127	0.974646
-0.916535	0.166743	0.363539
0.944535	-0.134115	0.299777
0.676001	-0.243016	0.695677
-0.174088	-0.763166	-0.622311
-0.377657	-0.803317	0.460496
0.736684	-0.614058	0.283247
0.0943642	0.634448	0.767184
-0.102001	0.985672	-0.134337
-0.918726	0.0269644	0.393974
-0.437905	-0.787818	-0.433108
-0.541329	-0.791243	0.284427
0.977832	0.184415	-0.0991758
-0.400505	-0.851411	0.338667
0.254361	-0.121755	0.959415
-0.605912	-0.774822	0.180336
-0.34668	-0.280596	0.89503
-0.0251835	-0.505622	-0.862388
-0.496683	0.867295	-0.0332487
0.0217091	-0.782838	-0.621847
-0.935117	0.119495	-0.333582
0.243055	0.516029	-0.821364
-0.346347	0.369547	0.862252
-0.0222824	-0.815389	0.578485
-0.737695	-0.357924	0.572448
0.60504	0.630979	-0.485584
0.78309	0.241997	0.572894
0.11813	0.23161	0.96561
0.398057	-0.298964	-0.867278
-0.756335	0.21071	0.619321
-0.261438	0.221906	0.939366
-0.332898	-0.828558	0.450189
0.0200958	0.00157065	0.999797
-0.276747	0.45824	-0.844646
-0.193682	0.273933	0.942045
0.0179379	-0.519399	-0.854344
0.679987	0.632026	0.3717
-0.929539	-0.368723	-0.00115407
0.603086	-0.0500367	-0.796105
-0.405712	-0.300343	0.863245
0.97488	-0.2152	0.0574235
0.970023	0.213122	-0.116766
0.321641	0.518624	-0.792197
-0.992003	0.100657	-0.0761453
0.743003	-0.52882	0.410239
0.764373	0.50807	-0.396988
-0.896419	-0.355234	-0.265031
0.215777	-0.899813	0.37918
0.664185	-0.506752	0.549601
0.043144	-0.0079499	0.999037
-0.17773	-0.772501	-0.609635
0.438595	0.0506229	-0.897258
-0.737949	-0.0780531	-0.670328
0.281818	-0.0604218	-0.957563
0.990781	0.0805719	-0.108909
-0.437575	-0.163908	0.884116
0.49099	0.547605	-0.677538
-0.212796	-0.9205	0.327717
-0.122166	0.19288	-0.973588
-0.976094	-0.0954151	-0.195287
-0.314598	0.233336	0.920099
-0.749735	0.63478	0.186955
-0.737449	0.217581	0.639396
-0.824003	-0.404814	0.396415
-0.372168	-0.184602	-0.909622
-0.638915	-0.659872	0.395419
0.070841	-0.63068	-0.772803
0.818552	0.0546052	-0.571831
0.975068	-0.0176691	0.221201
0.791068	0.608909	-0.0586578
0.215337	-0.587769	-0.779845
0.993443	0.0283728	0.110753
0.997596	-0.0429444	0.0543847
0.451638	-0.795978	0.40304
0.993461	-0.0581648	-0.0982402
-0.707624	-0.706123	-0.0256822
0.107064	0.822463	-0.558652
0.905819	-0.405383	-0.123115
0.679072	-0.242898	-0.69272
0.154033	-0.0333214	-0.987504
0.771864	0.0774872	-0.631048
-0.510078	0.842961	-0.170988
-0.235219	0.445415	-0.863874
-0.109431	-0.711888	0.693714
-0.808503	-0.356763	-0.46802
0.74764	0.0619058	-0.661213
0.191534	0.770495	-0.607991
-0.254913	-0.903154	0.345445
0.741145	-0.662105	0.111003
-0.314856	0.782514	0.537157
-0.238666	-0.884096	-0.401762
0.426789	-0.897435	-0.111635
0.368725	-0.248919	-0.89559
0.610647	-0.781178	0.12989
0.0371395	0.721282	-0.691645
0.578917	-0.814392	0.0402525
0.182723	-0.909986	-0.372208
-0.560542	-0.137953	-0.816555
-0.817563	-0.463084	0.342263
-0.778965	0.330215	-0.533078
0.691055	-0.419395	-0.588685
-0.124025	0.966054	0.226623
0.259097	0.894344	-0.364716
-0.827947	-0.553544	-0.0899612
-0.939619	0.342006	-0.0121274
-0.857255	0.0811764	0.508453
0.526693	0.698026	-0.485132
-0.85257	-0.100922	-0.512776
-0.971317	0.0780475	-0.224617
-0.593798	-0.170226	-0.786401
-0.530056	0.00368672	-0.847955
0.0252978	0.999662	-0.00606665
0.0414952	0.679987	0.732049
0.45301	0.448865	0.770261
0.53706	-0.814378	0.219898
0.899086	-0.0698593	0.432161
-0.857566	0.496958	0.132712
0.393439	-0.500323	-0.771287
0.88011	-0.238392	-0.410579
-0.244644	-0.41034	0.878504
0.208259	-0.953266	0.21889
-0.203887	-0.419731	-0.884452
0.154348	0.972057	0.176867
0.928751	-0.117651	0.35154
0.560116	0.783625	0.268704
0.488923	-0.851138	0.191099
-0.791431	-0.0130317	0.61112
-0.429958	0.89009	0.151249
-0.801062	0.139975	0.581985
0.0252349	-0.444452	-0.895447
-0.945724	0.265432	-0.187488
0.922517	0.281193	0.264374
0.401324	-0.316804	0.859403
-0.278466	0.198398	0.939731
0.689613	-0.0116705	-0.724084
-0.748509	-0.0593571	-0.660462
0.671498	0.329246	0.663843
0.419421	0.128859	0.8986
-0.100018	-0.307208	-0.946372
0.767833	0.534813	0.352714
0.839487	-0.358097	-0.408691
-0.561748	-0.523069	0.640967
0.349543	-0.439483	-0.827451
0.623699	-0.171471	0.762626
-0.20047	-0.646542	-0.736067
-0.528288	-0.31917	0.786792
-0.349411	-0.871829	0.343259
0.165835	0.843963	-0.510122
-0.491311	0.764168	0.417925
0.782626	0.247351	-0.571238
-0.0973519	-0.136692	0.985818
-0.920074	-0.21657	-0.326437
0.503023	0.78391	-0.363941
0.604338	0.19888	0.771507
-0.378232	-0.881953	0.281246
-0.307951	-0.828692	-0.46737
-0.445284	-0.683342	-0.57859
-0.770405	0.573645	-0.278222
-0.716221	-0.538678	0.443682
0.189326	0.975962	-0.107949
-0.526482	-0.595195	-0.607091
0.460368	-0.25525	0.85024
0.455019	-0.403024	0.794059
-0.848562	0.30634	-0.431391
-0.505538	0.362684	0.782874
-0.592844	-0.805137	0.0170661
-0.771207	0.242994	-0.588382
-0.357989	0.430585	0.828517
-0.554604	0.813128	-0.176741
-0.675298	0.603228	0.424367
0.285476	0.40694	0.8677
0.998556	0.00876099	-0.0529993
-0.222145	0.00816068	-0.97498
-0.245193	-0.53343	-0.809527
-0.241666	-0.713066	-0.65813
-0.927081	0.0269616	0.37389
-0.399759	-0.173731	-0.900005
0.357376	0.0349511	0.933306
-0.296759	-0.880954	-0.368583
-0.674768	-0.471444	-0.567828
0.0717427	-0.205712	0.975979
-0.817775	-0.130251	-0.560605
-0.357839	-0.671997	-0.648361
-0.906439	-0.0308118	-0.421211
0.261385	-0.141881	0.95475
-0.0172345	-0.76448	-0.644418
0.280475	-0.0442542	0.958841
-0.603029	0.0840458	-0.79328
0.125728	0.56803	0.813347
0.21621	-0.976215	-0.0160382
-0.252439	0.961972	-0.104334
-0.658498	-0.411741	-0.62996
-0.703594	-0.7008	0.117623
-0.9007	-0.237513	-0.363767
-0.130366	-0.640169	0.757092
-0.275774	-0.645671	0.71208
-0.988922	-0.123333	0.0825976
-0.853947	-0.137809	-0.50178
-0.255687	-0.682274	-0.684928
0.41549	-0.512193	0.751682
-0.84241	-0.51195	0.168088
-0.164035	0.904803	0.392968
-0.59918	-0.29752	0.74328
-0.619752	-0.641858	0.451581
-0.869741	-0.422025	-0.255824
0.220276	-0.0641535	0.973326
0.208692	0.848839	0.485717
-0.913885	-0.405802	0.0118016
0.891466	0.179793	0.415888
0.404837	-0.811455	0.421482
-0.0823399	0.642615	0.761752
-0.8445	-0.524665	-0.107453
0.289891	-0.292614	-0.91123
-0.783106	-0.533084	0.32026
-0.577128	0.73509	0.355759
0.788015	-0.161091	-0.594207
-0.722037	0.691274	0.0283182
0.81222	0.151783	0.56326
-0.220319	-0.877649	-0.425667
0.870829	-0.0287588	0.490744
0.260649	-0.581879	0.770376
-0.354026	0.790365	-0.499988
-0.692684	-0.628681	0.353481
-0.585854	-0.710868	-0.389155
-0.206091	-0.965857	-0.156992
-0.81236	0.0204464	-0.582798
-0.17014	-0.881595	-0.440276
-0.151445	-0.768048	0.622227
-0.588657	0.771323	0.241958
-0.792618	-0.516082	0.324679
0.886305	0.0144346	0.462877
-0.0786496	-0.315515	0.945656
0.144037	0.511598	-0.847066
-0.179594	0.52708	-0.830622
-0.993512	0.013838	-0.112885
0.533885	-0.045572	0.844328
0.577611	-0.67344	-0.46135
-0.712307	-0.632915	0.303378
0.210042	0.955767	0.205892
0.723649	-0.68593	-0.0763616
0.38718	0.894615	0.223061
-0.593213	-0.643954	0.483137
0.784217	0.343067	-0.517019
-0.865384	-0.274475	0.419255
-0.58564	0.725539	-0.361412
-0.14057	-0.0689032	-0.98767
-0.667047	0.726879	-0.163388
-0.68157	0.714701	0.157049
-0.528631	-0.596105	-0.604325
0.118834	0.990774	-0.0651643
0.474705	0.716572	-0.511058
-0.270945	-0.768617	-0.579497
0.779876	0.313692	0.541655
0.123466	0.884973	0.448975
0.668069	-0.00247247	0.744095
0.97304	0.225945	-0.0462752
0.928973	-0.0665334	0.364118
0.981857	-0.160085	-0.101633
0.258404	0.317211	0.912472
-0.0705562	0.0543906	-0.996024
-0.645056	-0.719093	-0.258474
-0.160714	0.935524	-0.314589
0.779349	0.0668301	-0.623016
-0.274161	-0.444736	-0.85267
0.838278	0.0567326	0.542283
-0.351252	0.142683	-0.925345
-0.470419	-0.369988	0.801133
-0.675854	0.593105	-0.437549
0.809965	0.581868	-0.0733881
-0.444531	0.225435	0.866932
0.878711	-0.474104	-0.0556201
-0.121804	0.6186	0.776208
-0.398487	-0.718475	-0.570089
-0.656538	0.753686	0.0302558
0.175	0.862378	-0.475057
-0.673687	0.549883	0.493736
-0.596537	-0.65101	-0.469393
0.952977	0.221396	0.206926
-0.946009	0.152411	-0.286072
-0.0329541	-0.56443	-0.824823
-0.805702	-0.35871	0.471351
0.679494	0.717726	0.152175
-0.661966	0.405507	0.630369
0.262228	-0.944143	0.199576
0.547338	0.0274787	-0.83646
-0.62946	0.769233	0.109826
-0.362617	0.152144	0.919435
0.347349	0.352812	0.868834
-0.46996	-0.137836	-0.871859
0.907375	-0.241583	0.343961
-0.28616	0.574776	-0.766645
0.68937	0.207332	0.694106
-0.141868	-0.0324383	0.989354
0.201521	-0.364062	0.909312
0.158484	-0.4207	-0.893249
-0.0217164	-0.934955	0.354101
-0.758863	-0.594173	-0.266619
-0.887973	0.189865	-0.418874
0.142152	0.270043	-0.952297
0.900082	-0.404219	-0.162662
0.0661528	-0.626969	0.776231
-0.00348109	-0.342777	0.93941
-0.336675	0.47686	-0.811945
-0.439581	0.697467	-0.565958
0.276079	0.946237	0.168569
-0.280098	0.364466	-0.888093
0.893933	0.436679	-0.100977
-0.431073	0.858074	-0.27908
0.316904	0.87373	-0.369009
-0.155425	-0.958651	-0.238392
-0.214288	-0.862264	-0.458891
0.806503	-0.551094	0.214121
-0.684912	0.528877	0.501184
-0.796437	-0.480117	-0.367664
0.21245	-0.214353	0.953372
-0.955219	-0.270436	0.120088
-0.940498	-0.0218527	0.339096
-0.0257859	-0.760841	-0.648426
0.404506	-0.40778	-0.81859
0.691707	0.694973	0.196353
0.739151	0.380159	-0.555999
0.261869	0.947676	0.18258
-0.426759	0.898088	-0.106373
-0.390508	-0.432826	-0.812505
-0.229797	-0.944912	-0.233098
-0.8304	0.548931	-0.0954526
0.635791	-0.418773	-0.648382
-0.0363761	-0.446523	-0.894033
0.391908	-0.364457	0.844736
0.477678	0.353091	0.804456
-0.108082	0.410309	0.905519
0.610419	-0.733586	-0.298732
0.195539	-0.979038	-0.0569956
0.726154	-0.227197	0.648909
-0.434869	0.38504	0.814022
-0.372513	0.393383	-0.840526
0.730844	-0.300787	-0.612694
-0.946681	0.274887	0.168022
-0.758711	0.277888	0.589182
-0.510944	-0.838032	0.191413
0.874028	-0.432893	0.220633
0.874629	0.34845	-0.337056
0.911892	-0.278172	-0.301784
-0.704955	0.424998	-0.567817
0.502262	-0.816875	0.283632
-0.849606	0.321534	0.418074
0.601812	-0.110484	0.790959
0.636516	-0.755452	0.155367
0.720898	-0.189049	-0.666758
0.873366	0.456338	0.170256
-0.222838	-0.973444	-0.0524399
0.0375652	0.588667	0.807502
-0.0242946	-0.998804	-0.0424247
-0.0345876	-0.911697	0.409405
-0.497568	-0.151305	0.854127
-0.72997	0.158865	-0.66476
-0.576592	-0.111301	-0.809416
-0.219489	0.964817	0.144751
0.298006	0.55648	-0.775579
0.172698	-0.703381	0.689514
-0.787931	-0.440991	-0.429758
0.554791	-0.43792	-0.707413
0.271303	-0.295193	0.916109
-0.373138	-0.645922	0.665998
0.70092	0.70904	-0.0772873
0.269283	0.646972	-0.713382
-0.905388	-0.0117787	-0.424422
0.822074	-0.51881	0.234584
-0.486806	-0.510837	0.708566
0.213654	0.328714	-0.919945
-0.639888	0.434805	0.63363
-0.0462295	-0.169492	-0.984447
0.923913	0.380953	-0.0354899
-0.324216	0.779373	0.536156
0.708646	-0.668528	0.22559
0.400218	0.599582	-0.693056
0.432946	-0.617483	0.656714
-0.375375	-0.675386	-0.634781
0.462713	0.881272	0.0962104
0.0308833	0.630552	-0.775532
-0.824641	-0.553533	-0.116486
0.905545	0.324918	0.272793
-0.886002	0.138008	-0.442666
-0.07859	-0.946637	-0.312572
-0.722976	0.329083	-0.607462
0.611777	-0.761336	-0.214701
-0.902238	0.302094	-0.307742
-0.618646	0.0225699	-0.785346
-0.968517	-0.162095	0.188942
0.185896	0.961559	0.202108
-0.651118	-0.382889	0.655318
-0.095109	0.67001	-0.736234
0.956961	-0.209279	-0.201068
0.748674	-0.653486	0.11155
-0.589073	0.438073	-0.679032
0.329046	0.181176	-0.926771
-0.831437	0.27984	-0.480002
-0.700143	-0.262179	0.664125
0.738607	0.617177	-0.271204
-0.0672745	-0.0741446	-0.994976
-0.380257	-0.741629	0.552622
-0.171942	-0.984933	0.0185189
-0.678534	-0.427841	0.597113
-0.0827504	-0.225787	-0.970656
0.627431	-0.670059	0.396676
-0.726497	0.619014	-0.298368
-0.3899	0.596076	-0.701906
-0.429309	-0.769974	0.472053
0.899378	-0.359032	-0.24943
0.147126	-0.765057	0.62693
-0.120615	0.809409	0.574726
0.987222	0.0941375	0.128573
0.31007	0.375213	-0.87354
-0.521457	-0.476654	0.707731
-0.778958	-0.587597	0.218984
0.86953	-0.22439	0.439962
-0.167328	0.813597	0.556832
-0.769663	-0.616162	-0.167223
0.327121	0.94478	0.0195853
0.278933	0.48495	-0.828867
0.794857	0.350344	0.495441
0.865725	-0.469786	-0.172687
0.846285	-0.305623	0.436344
0.162184	-0.386507	0.907915
-0.950951	-0.309342	0.000352248
0.62729	0.103796	-0.771838
-0.79166	-0.0184324	-0.610684
0.553371	-0.824684	0.116947
-0.614315	-0.582228	0.532567
-0.450312	-0.727544	0.517589
-0.887508	-0.415001	-0.200259
-0.175189	-0.735675	-0.654286
0.832178	-0.172912	0.526859
-0.353227	0.931447	0.0873939
0.813032	0.13574	-0.566175
0.368361	-0.869999	-0.327738
0.954861	0.286319	-0.0791328
-0.0148064	0.627683	0.778328
0.529863	0.532561	-0.660019
0.534821	0.662784	-0.524102
0.0845549	0.0642277	-0.994347
-0.824939	0.00695616	-0.565179
0.664628	-0.239665	0.707694
0.458262	-0.288396	-0.840728
0.841408	0.0283633	0.539656
0.784678	0.299314	0.542855
-0.883958	0.457375	0.097094
-0.152144	0.59955	-0.785743
-0.665846	-0.638937	-0.385239
0.402659	-0.665138	0.628854
-0.58749	0.3884	-0.70993
0.650202	-0.759091	0.0319038
0.191011	0.968968	0.156895
-0.365979	-0.730633	0.576398
-0.404754	0.119422	0.906594
-0.908848	-0.0815764	-0.409073
0.71954	-0.303877	-0.624436
-0.532536	0.824902	0.189587
-0.0212139	0.770996	0.636487
-0.360848	0.762063	0.537632
-0.0491626	0.834391	-0.548976
-0.979488	-0.197246	-0.0412101
0.474069	-0.729998	0.492302
-0.551803	-0.628294	0.548416
-0.842832	-0.532095	0.0806811
0.715821	0.657699	-0.234589
-0.964802	0.0453139	-0.259045
-0.335355	0.941368	0.0369369
0.319219	-0.666945	-0.673263
0.551717	-0.000124621	0.834031
0.480925	0.399628	0.78039
0.64726	0.6062	0.462144
-0.301706	0.95241	-0.04346
-0.229213	-0.519689	-0.823034
-0.858978	-0.387719	-0.33441
0.745261	-0.242044	-0.62129
0.353823	-0.256881	0.899345
0.802195	0.0936613	0.58967
-0.0244173	0.88796	-0.459272
0.949638	0.308782	0.0532975
0.293725	0.723505	0.624713
-0.268951	-0.749238	-0.605233
0.721438	-0.692478	-0.00108167
0.67385	-0.551556	0.491641
0.494748	-0.747951	-0.442485
0.144598	0.0998396	0.984441
0.196737	0.663363	-0.721972
-0.737947	0.671909	0.0630234
-0.128159	-0.965606	-0.226231
0.290254	-0.324578	-0.900223
-0.0466254	0.996658	-0.067072
0.858423	-0.512811	-0.0116504
0.271914	0.946401	0.17432
0.214324	-0.0850612	0.973052
0.292152	-0.919402	-0.26334
-0.880748	0.297083	-0.368815
-0.458285	0.678638	-0.573956
-0.488092	-0.171434	-0.85579
-0.623345	0.504824	-0.597155
-0.761362	-0.641949	0.0907144
0.0706687	-0.565496	0.821718
-0.392238	-0.0659615	-0.917496
0.424063	-0.71908	-0.550541
0.510167	-0.378828	0.772152
-0.944697	-0.244434	-0.218629
-0.969385	-0.0930681	-0.227226
-0.489491	0.864721	0.112498
-0.505336	-0.74908	-0.428386
0.588441	-0.311099	-0.746294
-0.690936	0.701472	0.17477
-0.485853	-0.681077	-0.547796
-0.599748	0.72636	-0.335713
-0.194381	-0.727949	-0.6575
-0.485549	-0.866286	-0.117431
-0.609579	0.744579	0.272058
0.872877	0.359394	-0.330033
0.725243	-0.687246	-0.0414226
0.958137	-0.00977747	0.286145
-0.854895	-0.332674	-0.398099
0.892118	-0.307545	-0.330971
-0.76098	-0.172445	-0.625438
-0.488543	0.865928	-0.107212
-0.855701	-0.117973	0.503843
-0.157877	0.339437	-0.927285
0.945312	-0.198039	-0.259165
0.809698	0.585745	-0.0359545
0.215604	0.426591	0.878371
-0.969024	0.236928	0.0696884
0.494612	0.4814	0.723611
-0.67162	0.73999	-0.0366232
0.521635	0.766721	-0.374214
-0.732951	-0.676765	0.0690839
-0.442708	0.685082	0.578508
0.330738	-0.359674	-0.872495
-0.881601	0.273151	-0.384927
-0.658898	-0.587908	0.469273
-0.845267	-0.372515	-0.383088
0.690717	-0.305863	-0.655254
-0.744248	-0.660533	-0.098946
-0.433026	-0.238719	0.869196
0.779182	0.620554	-0.0882529
0.286211	-0.0135008	0.958072
0.397964	-0.894544	-0.203508
0.83084	-0.397883	-0.389093
0.315763	-0.903328	0.290332
0.617692	0.55355	0.558605
-0.505555	0.848983	-0.153757
0.263049	-0.47311	0.840816
0.526142	-0.645415	0.553728
-0.642565	0.346724	0.683295
-0.728354	0.282663	-0.624182
0.357395	0.180263	-0.916392
0.933916	0.330694	0.135805
-0.763653	-0.638294	-0.0970302
0.472538	0.324371	0.819446
-0.867734	-0.494006	0.0547316
0.273759	0.26378	-0.92492
-0.0312073	-0.755384	-0.654538
0.488248	0.872667	0.00807591
-0.24342	0.193589	0.950405
0.698099	0.544061	-0.465463
0.408863	-0.722398	-0.557649
0.388647	0.666129	-0.636573
0.950287	-0.308667	0.0409884
0.500677	0.335008	0.798181
0.381552	0.535149	0.75368
0.636958	0.397971	0.66023
0.94525	0.245523	-0.214992
0.776197	0.517083	-0.360753
-0.316033	0.489197	-0.812902
-0.512194	-0.551967	0.65802
0.161604	0.248443	-0.955071
-0.757199	0.348917	-0.552183
-0.727275	0.655925	-0.202073
0.58561	0.770674	0.251241
0.311038	-0.947625	-0.0725468
0.0305261	0.416576	-0.908588
-0.363739	0.833377	-0.416146
0.450013	-0.695444	-0.56022
0.94212	0.0326151	0.333686
-0.729522	-0.682792	0.0398992
0.138584	-0.977489	0.159091
-0.609907	-0.0408633	0.791419
0.988322	-0.149063	-0.0316353
0.0019003	0.119179	-0.992871
0.84741	-0.458357	-0.267967
-0.773818	0.107873	-0.624155
0.968586	-0.0632385	0.240504
-0.276991	-0.600608	0.75003
-0.492168	-0.290949	-0.820439
-0.333282	-0.838114	0.431844
0.804964	-0.232903	0.545701
0.26784	-0.799345	0.537875
0.856962	-0.50732	-0.0907907
0.252701	0.958384	0.132821
-0.509377	0.784362	-0.353993
-0.438353	-0.549733	-0.711083
0.280505	0.61653	-0.735668
-0.647574	-0.47105	-0.598966
0.828158	0.277358	0.48706
-0.221024	-0.35056	0.910086
-0.932099	-0.360852	0.0312695
-0.394169	0.545654	-0.739522
0.622849	-0.616072	0.482198
-0.216781	0.935726	-0.278249
0.125821	0.73787	0.663111
0.0651903	-0.0297705	0.997429
0.959323	0.236055	0.154848
-0.997499	-0.00864794	0.07015
0.802769	0.0780819	0.591156
-0.242302	0.839631	-0.486116
0.900712	0.184587	-0.39325
0.0664237	0.707223	0.703863
0.763848	0.625082	-0.16065
0.0155371	0.782325	0.622677
-0.771656	0.45032	-0.449175
-0.335588	-0.246966	0.909059
0.185334	-0.788079	-0.587011
0.248716	-0.732724	-0.633447
0.138218	-0.98989	0.0318275
-0.832454	0.501826	-0.234926
0.258552	0.434825	0.8626
-0.0666887	0.957056	0.282128
0.742487	-0.593407	0.310775
0.774802	-0.403862	-0.486392
-0.942455	0.246079	0.226325
-0.58377	0.229138	-0.778914
0.863899	0.503653	0.00341109
-0.350902	0.750237	0.560369
-0.454942	-0.811804	0.366063
-0.162348	-0.985693	0.0453143
0.230041	-0.506876	-0.830757
0.946565	0.322316	-0.0112934
0.890505	0.231447	-0.391704
-0.317501	-0.92635	0.202656
0.076438	-0.979539	-0.186175
-0.335748	0.225194	0.914637
0.111635	-0.905989	-0.408314
0.264067	0.899005	-0.349368
-0.623557	0.75537	-0.201477
-0.0818718	-0.464112	-0.881985
-0.671765	0.00998534	-0.740697
-0.554815	0.71544	0.424648
0.492837	-0.717763	0.491862
0.126414	0.179509	-0.9756
-0.942872	-0.317977	-0.0994097
0.585902	-0.294857	0.754836
0.771549	0.62371	0.125289
-0.836351	0.1667	-0.522233
0.0228692	-0.490818	0.870962
0.181418	-0.629675	-0.755379
-0.633468	-0.690921	-0.348347
0.507545	0.55341	-0.660406
0.455952	0.239667	0.857128
-0.628183	-0.26748	-0.730644
-0.695939	0.170697	-0.697518
0.747081	0.524251	-0.408694
-0.112651	0.113807	-0.987096
0.520324	-0.463397	-0.717305
-0.95585	-0.208668	-0.2069
-0.87159	-0.228654	0.433646
0.708118	0.371772	0.600295
-0.648772	-0.731967	-0.208133
-0.42389	-0.778263	0.463275
-0.376886	0.873015	0.309518
-0.499619	0.713008	-0.491935
0.514866	0.0817182	0.853367
0.193201	0.61246	-0.766528
-0.0447419	0.81324	0.580205
0.407119	0.590607	0.696734
-0.0911185	-0.938538	0.332931
-0.22458	-0.951958	0.208182
0.877426	-0.446653	-0.174999
0.448054	0.575648	0.684015
0.340816	-0.939503	-0.034344
-0.247083	0.887668	-0.388581
-0.59053	-0.164378	0.790098
0.480586	-0.876591	0.0249852
-0.763219	0.0115307	-0.646036
-0.335361	0.782624	-0.524436
-0.905105	-0.0232114	-0.424554
0.549083	-0.484668	0.680885
-0.565247	-0.0228948	-0.824604
0.713044	0.445453	0.541423
0.889757	-0.362139	-0.277827
-0.768082	-0.433651	0.471165
-0.54555	-0.610522	0.574141
-0.122616	0.156949	-0.979965
-0.815915	0.527996	-0.235591
0.462795	-0.82048	-0.335608
-0.89807	0.293739	0.327396
-0.273972	-0.826603	-0.491595
0.756035	-0.632889	0.166922
0.545127	0.492642	-0.678337
0.778426	-0.623785	0.0703242
-0.467569	-0.866972	0.172451
-0.575537	0.750314	0.325249
0.536773	-0.519847	-0.664555
0.541331	-0.741764	-0.395913
0.788822	0.325935	-0.521082
0.565608	-0.416367	0.711847
-0.581576	-0.227524	-0.781026
0.21345	0.412857	0.885431
0.313287	-0.941974	-0.120564
-0.3547	-0.324884	0.87672
-0.885858	-0.0945665	-0.454216
-0.920426	0.249185	0.301202
0.700841	0.712559	-0.0328932
0.448857	-0.511436	0.732776
0.888349	-0.221525	0.402197
-0.474747	0.562237	0.67713
-0.650988	-0.72664	0.219564
0.398292	0.808256	-0.433688
0.462258	-0.124659	-0.877939
0.322211	-0.715306	-0.620095
-0.494607	-0.65635	-0.56971
-0.914139	0.405108	0.0154213
-0.77788	-0.543328	-0.31575
-0.286458	-0.950563	-0.119883
0.66222	0.340315	0.667571
0.204197	-0.921679	-0.329867
-0.547948	0.0937478	-0.831243
-0.982047	0.16073	0.0987445
0.757451	-0.641914	-0.119226
0.820756	-0.56304	0.096673
0.640031	-0.735191	0.223282
0.226624	-0.783678	-0.578352
0.668222	-0.668158	0.327176
0.660601	0.6251	0.415759
0.60768	-0.777215	0.163284
0.297368	-0.296221	0.907648
0.500305	0.715767	0.487208
-0.106847	0.554562	0.825254
-0.173223	0.911209	-0.373753
-0.573257	0.788893	0.221412
-0.541113	-0.174318	-0.822685
-0.137905	-0.683163	0.717127
0.348986	-0.147774	-0.925404
0.832621	0.47176	0.290146
-0.875392	-0.379478	-0.299475
-0.501389	-0.539363	0.676533
0.637567	0.268958	-0.721921
0.851096	0.219806	-0.476783
0.994751	-0.0687521	0.0757926
-0.550021	0.534423	-0.641771
-0.882058	0.0264891	-0.470395
-0.204861	-0.906626	0.368865
0.0781816	-0.37481	-0.923799
0.134145	-0.120809	-0.98357
0.178599	0.0917646	-0.979633
-0.302441	-0.83886	-0.452597
-0.00892402	-0.544664	0.838607
0.175701	0.752261	0.635006
-0.503063	-0.478565	0.719654
0.127085	-0.522243	0.843275
-0.811471	0.338563	0.47633
-0.520292	-0.313062	0.794537
-0.910138	-0.066759	0.408891
0.716001	0.697833	0.0192471
-0.243326	0.956254	0.162391
-0.604424	0.56417	0.56248
-0.614011	-0.328463	-0.717707
-0.0991336	0.601839	-0.792441
0.958878	-0.0556171	-0.278316
0.32636	0.060426	-0.943312
-0.335506	-0.556795	0.759878
-0.268698	-0.946276	-0.179898
-0.868465	-0.117385	0.481653
0.330473	-0.785564	-0.523142
-0.514299	-0.277332	0.811532
-0.373293	0.470405	-0.799607
-0.908098	0.417971	0.0256768
-0.777057	0.595995	0.202416
-0.096229	0.29789	-0.949738
0.00661342	-0.945915	0.324347
0.114016	-0.29618	-0.948303
0.782277	0.586479	0.209963
-0.997741	0.0351581	-0.0572405
-0.201882	0.298899	-0.932686
0.00102511	-0.947032	-0.321138
-0.218187	0.304614	-0.927149
0.0741011	-0.843333	-0.532258
-0.641172	0.763887	-0.0733111
-0.685208	0.622798	-0.377641
0.0485382	-0.159403	0.98602
-0.991921	-0.0101173	0.126455
-0.290182	0.833442	0.470286
-0.885627	-0.00950446	0.4643
-0.753453	-0.603824	-0.260203
0.00755017	-0.153456	-0.988127
-0.239816	0.955946	-0.169279
-0.179642	-0.0340674	-0.983142
0.552282	0.270714	0.788478
0.844697	-0.474431	0.247795
-0.0962774	0.965476	-0.242046
0.784432	-0.596211	0.170877
-0.294709	-0.624682	-0.723131
0.925318	-0.378163	0.0279155
0.597685	-0.484309	-0.638919
-0.15348	0.95713	-0.245653
0.0503464	-0.984635	0.167207
0.494584	0.248765	-0.832768
0.558168	-0.80861	-0.186008
0.566359	-0.753737	0.333343
0.93274	-0.317271	-0.171275
0.396498	-0.116563	0.910605
0.344475	-0.332507	0.877938
-0.731806	0.515222	-0.446102
0.0987623	0.947522	0.304052
0.291658	-0.112241	-0.949915
0.291719	-0.475615	0.829874
0.0638914	0.255936	0.96458
0.0508086	-0.293514	0.954604
-0.501531	0.741605	0.445521
