0 432.297 465.899
1 413.709 445.672
2 406.826 430.238
3 400.134 418.704
4 382.563 407.435
5 373.09 395.704
6 365.136 383.243
7 346.251 373.683
8 340.141 363.881
9 337.353 350.26
10 322.28 341.119
11 316.229 334.332
12 312.139 325.095
13 303.777 318.416
14 301.506 312.259
15 294.419 306.369
16 285.058 299.857
17 272.956 292.629
18 265.764 283.903
19 261.575 273.671
20 259.49 267.204
21 253.727 263.429
22 250.117 259.619
23 241.985 255.925
24 241.076 250.785
25 235.597 246.135
26 232.906 242.527
27 228.093 239.001
28 227.183 234.796
29 225.716 231.385
30 223.597 228.428
31 222.403 226.119
32 216.458 224.577
33 214.313 222.153
34 212.225 218.831
35 203.812 215.848
36 202.709 212.72
37 200.836 208.621
38 198.004 204.975
39 195.723 202.525
40 193.133 199.466
41 192.332 197.464
42 190.442 195.66
43 188.773 193.885
44 187.791 191.473
45 182.033 190.109
46 181.327 188.132
47 179.576 185.347
48 177.902 182.901
49 176.669 181.089
50 174.34 179.14
51 174.34 179.036
52 173.09 178.983
53 173.09 177.256
54 170.186 175.617
55 170.019 174.862
56 168.928 172.723
57 168.761 171.289
58 165.694 170.327
59 160.055 168.639
60 158.073 166.383
61 153.342 163.044
62 152.451 158.415
63 151.712 155.433
64 150.981 153.58
65 150.242 152.4
66 148.275 151.246
67 147.544 150.212
68 146.05 149.254
69 145.522 147.791
70 144.072 146.622
71 142.421 145.707
72 142.421 144.451
73 141.358 143.22
74 141.074 142.68
75 139.211 142.055
76 137.59 141.172
77 136.527 140.198
78 135.151 138.952
79 135.151 138.782
80 134.43 137.05
81 132.932 136.121
82 132.932 135.046
83 132.819 134.504
84 131.527 134.101
85 130.765 133.749
86 130.765 132.803
87 130.186 131.618
88 129.355 131.161
89 128.593 130.611
90 127.047 129.578
91 127.047 128.661
92 125.893 127.837
93 125.635 127.068
94 124.792 126.402
95 123.6 125.915
96 123.121 125.264
97 122.618 124.485
98 121.975 123.837
99 121.472 123.634
100 115.464 123.12
101 114.684 122.509
102 114.684 119.839
103 114.281 117.417
104 114.281 115.805
105 113.485 114.84
106 113.081 114.584
107 113.081 113.912
108 112.042 113.43
109 112.042 113.022
110 110.035 112.724
111 110.035 112.082
112 108.741 111.161
113 108.741 110.093
114 108.741 109.352
115 108.198 108.911
116 108.198 108.925
117 107.477 108.603
118 107.436 108.746
119 107.139 108.71
120 105.983 108.116
121 105.983 107.785
122 104.299 107.151
123 104.038 106.092
124 103.685 105.095
125 103.638 104.225
126 103.061 104.017
127 101.924 103.633
128 101.794 103.153
129 100.966 102.454
130 100.966 102.046
131 100.518 101.615
132 100.165 101.112
133 99.7127 100.778
134 99.7127 100.489
135 99.08 100.285
136 98.9509 99.963
137 98.9509 99.5071
138 98.7085 99.1737
139 98.6036 99.068
140 98.3612 98.8567
141 98.2053 98.6722
142 98.2053 98.6192
143 97.6551 98.5603
144 95.0986 98.2387
145 95.0986 97.565
146 95.0557 96.5975
147 94.5961 95.7546
148 94.4085 95.0837
149 94.1144 94.7621
150 93.7019 94.6437
151 93.659 94.4266
152 93.396 94.2095
153 92.7938 94.1436
154 92.7938 93.7639
155 92.7938 93.1475
156 92.4635 92.9273
157 92.4635 92.7798
158 91.7585 92.6053
159 91.7585 92.6359
160 91.6956 92.7345
161 91.2945 92.6916
162 91.1523 92.5039
163 90.8447 91.701
164 90.7817 91.7192
165 90.7817 91.1698
166 90.7817 90.9913
167 90.3158 90.8882
168 90.0761 90.8856
169 90.0761 90.77
170 89.9447 90.6914
171 89.9447 90.3929
172 89.2971 90.2017
173 88.9642 89.942
174 88.7344 89.6718
175 88.4015 89.2699
176 88.4015 89.0374
177 88.0351 88.811
178 87.7379 88.644
179 87.3132 88.7762
180 87.3132 88.4219
181 87.3132 87.7926
182 87.3132 87.6026
183 87.3132 87.3644
184 87.3132 87.3137
185 87.0457 87.3691
186 87.0457 87.3829
187 87.0457 87.2382
188 87.0457 87.2369
189 86.5748 87.0947
190 86.5748 86.982
191 86.5748 86.9766
192 86.5748 86.6903
193 86.4791 86.6398
194 86.2078 86.6761
195 85.9808 86.5231
196 85.9808 86.3484
197 85.959 86.2335
198 85.7321 86.1894
199 83.8709 86.0972
200 83.8709 86.31
201 83.6385 86.3903
202 83.6385 85.9676
203 83.6385 85.5361
204 83.6385 84.4872
205 83.4806 83.9624
206 83.0986 83.9076
207 82.52 83.7134
208 82.52 83.5325
209 82.1645 83.1905
210 81.8703 82.6679
211 81.7549 82.4982
212 81.7549 82.1912
213 81.7549 81.9792
214 81.611 82.0289
215 81.4791 81.9827
216 81.4791 81.7882
217 81.0482 81.7066
218 81.0482 81.4662
219 81.0482 81.2658
220 81.0482 81.2792
221 80.811 81.241
222 80.811 81.2053
223 80.4985 80.9172
224 80.4985 80.8795
225 80.4985 80.6667
226 80.4985 80.5708
227 80.4985 80.5779
228 80.4985 80.5376
229 80.4985 80.5463
230 80.4985 80.5436
231 80.3817 80.5036
232 80.3633 80.5255
233 80.3633 80.4276
234 80.3633 80.4111
235 80.3633 80.3885
236 79.9939 80.3734
237 79.9939 80.3178
238 79.9939 80.1827
239 79.7025 80.0783
240 79.7025 80.0398
241 79.2925 79.9034
242 79.0011 79.7045
243 79.0011 79.4383
244 79.0011 79.3863
245 79.0011 79.1004
246 79.0011 79.0111
247 79.0011 79.0011
248 79.0011 79.0221
249 79.0011 79.002
250 79.0011 79.0453
251 79.0011 79.0478
252 78.7445 79.0449
253 78.7445 79.1238
254 78.7445 78.8711
255 78.6413 78.8517
256 78.6413 78.8058
257 78.6413 78.804
258 76.1863 78.6834
259 76.1863 78.3143
260 76.1863 77.3221
261 76.0693 76.5614
262 76.0693 76.2079
263 76.0693 76.1392
264 76.0693 76.094
265 76.0693 76.0827
266 76.0693 76.0957
267 76.0693 76.1189
268 76.0693 76.071
269 76.0693 76.1876
270 76.0693 76.4218
271 76.0693 76.2985
272 76.0693 76.1131
273 76.0693 76.1874
274 76.0223 76.1415
275 76.0223 76.0634
276 76.0223 76.0523
277 76.0223 76.031
278 76.0223 76.0303
279 76.0223 76.035
280 76.0223 76.0653
281 76.0223 76.1369
282 76.0223 76.0985
283 76.0223 76.029
284 76.0223 76.0223
285 76.0223 76.0223
286 76.0223 76.0223
287 76.0223 76.0223
288 76.0223 76.0223
289 75.3872 76.0221
290 75.3872 75.9521
291 75.3872 75.705
292 75.3872 75.509
293 75.3872 75.4576
294 75.3872 75.4361
295 75.3872 75.3947
296 75.3872 75.5875
297 75.3872 75.3961
298 75.3872 75.4588
299 75.3872 75.3878
300 75.379 75.3975
301 75.379 75.3861
302 75.379 75.4766
303 75.379 75.3818
304 75.379 75.4805
305 75.1631 75.4225
306 75.1631 75.4038
307 75.1631 75.3129
308 75.1631 75.3077
309 75.1631 75.2012
310 75.1631 75.1738
311 75.1631 75.4524
312 75.1631 75.2334
313 74.9148 75.3126
314 74.9148 75.2687
315 74.9148 75.0881
316 74.9148 74.983
317 74.8334 74.9774
318 74.8334 75.0283
319 74.8334 75.0523
320 74.8334 74.9541
321 74.8334 75.0519
322 74.8334 74.991
323 74.8334 74.8489
324 74.8334 74.8334
325 74.6235 74.8552
326 74.6235 74.8855
327 74.6235 74.9238
328 74.6235 75.2269
329 74.6235 75.0033
330 74.6235 74.6241
331 74.6235 74.64
332 74.6235 74.6982
333 74.4909 74.6441
334 74.4909 74.6019
335 74.4909 74.5959
336 74.4909 74.5286
337 74.4909 74.7535
338 74.4909 74.5261
339 74.4909 74.5006
340 74.4909 74.5111
341 74.4909 74.5598
342 74.4909 74.5109
343 74.4909 74.5112
344 74.4909 74.5659
345 74.4909 74.5854
346 74.4909 74.4947
347 74.4909 74.5162
348 74.3188 74.631
349 73.3119 74.5484
350 73.3119 74.3237
351 73.3119 73.8511
352 73.3119 73.4708
353 73.3119 73.5415
354 73.3119 73.3294
355 73.3119 73.3119
356 73.3119 73.3408
357 73.3119 73.3155
358 73.0826 73.3264
359 73.0826 73.3837
360 73.0826 73.4419
361 73.0826 73.1795
362 73.0826 73.2911
363 73.0826 73.2286
364 73.0826 73.1988
365 73.0826 73.1039
366 73.0826 73.1718
367 73.0826 73.4076
368 73.0826 73.2893
369 73.0309 73.1932
370 73.0309 73.2783
371 73.0309 73.0552
372 73.0309 73.0512
373 72.9204 73.216
374 72.4243 73.238
375 72.4243 72.9728
376 72.4243 72.8884
377 72.4243 72.5417
378 72.4243 72.5209
379 72.4243 72.4641
380 72.4243 72.4721
381 72.4243 72.4243
382 72.4243 72.4706
383 72.4243 72.4822
384 72.4243 72.5693
385 72.4243 72.43
386 72.4243 72.4243
387 72.4243 72.4243
388 72.4243 72.4368
389 72.4243 72.4243
390 72.4243 72.4407
391 72.4243 72.4723
392 72.4243 72.4709
393 72.3975 72.4845
394 72.3975 72.421
395 72.3975 72.5776
396 72.3975 72.4221
397 72.3975 72.4447
398 72.1365 72.5363
399 72.1365 72.3563
400 71.3389 73.0062
401 71.3389 73.5514
402 71.3389 73.3681
403 71.3389 73.2586
404 71.3389 72.7708
405 71.3389 71.9153
406 71.3389 71.5961
407 71.3389 71.3389
408 71.3389 71.3389
409 71.3389 71.3526
410 71.3389 71.4095
411 71.3389 71.5888
412 71.3389 71.4224
413 71.3389 71.3955
414 71.3389 71.5298
415 71.3389 71.4446
416 71.3389 71.5971
417 71.3389 71.5629
418 71.3389 71.4584
419 71.3389 71.4428
420 71.3389 71.3428
421 71.3389 71.3849
422 71.3389 71.7998
423 71.3389 71.4339
424 71.3389 71.3488
425 71.3389 71.475
426 71.2759 71.3958
427 71.2759 71.3661
428 71.2759 71.3517
429 71.2759 71.3523
430 71.2759 71.3111
431 71.2759 71.278
432 71.2759 71.3258
433 71.2759 71.2857
434 71.2759 71.3746
435 71.2759 71.2759
436 71.2759 71.2759
437 71.2759 71.2759
438 71.2759 71.2759
439 71.2759 71.2759
440 71.113 71.2754
441 71.113 71.3908
442 71.113 71.7501
443 71.113 71.2819
444 71.113 71.1552
445 71.113 71.2987
446 71.113 71.117
447 71.113 71.2742
448 71.113 71.1656
449 71.113 71.1616
450 70.6565 71.6451
451 70.6177 72.9528
452 70.6177 72.1504
453 70.6177 72.1871
454 70.3978 71.5626
455 70.3978 71.7543
456 70.3978 72.7638
457 70.3978 72.3806
458 70.3978 71.8589
459 70.3978 71.1387
460 70.3978 70.9168
461 70.3978 70.8606
462 70.3978 70.5634
463 70.3978 70.4311
464 70.3978 70.4072
465 70.3978 70.4748
466 70.3978 70.7023
467 70.3809 70.491
468 70.3809 70.3952
469 70.3809 70.4333
470 70.3809 70.3913
471 70.3809 70.3951
472 70.3809 70.3956
473 70.3809 70.4807
474 70.3809 70.461
475 70.3809 70.6051
476 70.3809 70.4839
477 70.3809 70.3809
478 70.3809 70.3809
479 70.3809 70.436
480 70.3809 70.4519
481 70.3809 70.4467
482 70.3809 70.4215
483 70.3809 70.3815
484 70.3809 70.3809
485 70.3809 70.395
486 70.3809 70.3828
487 70.3809 70.3809
488 70.3809 70.4192
489 70.3809 70.5232
490 70.3809 70.4167
491 70.3809 70.3894
492 70.3008 70.3807
493 70.3008 70.3692
494 70.3008 70.4783
495 70.3008 70.3134
496 70.3008 70.3122
497 70.3008 70.4033
498 70.3008 70.4643
499 70.3008 70.4055
500 69.451 70.9484
501 69.451 72.5739
502 69.451 72.5453
503 69.451 71.4582
504 69.451 70.2453
505 69.451 69.7577
506 69.451 69.4772
507 69.451 69.4546
508 69.451 69.6253
509 69.451 69.6832
510 69.451 69.5428
511 69.451 69.6362
512 69.451 69.5797
513 69.451 69.6144
514 69.451 69.6275
515 69.451 69.4916
516 69.451 69.4624
517 69.451 69.5207
518 69.451 69.666
519 69.451 69.5449
520 69.451 69.6883
521 69.451 69.6078
522 69.451 69.4986
523 69.451 69.7209
524 69.451 69.4698
525 69.451 69.57
526 69.451 69.7784
527 69.451 69.9957
528 69.451 69.5203
529 69.451 69.6128
530 69.451 69.4751
531 69.451 69.5949
532 69.451 69.4725
533 69.451 69.4523
534 69.451 69.451
535 69.451 69.4539
536 69.451 69.4676
537 69.451 69.4999
538 69.451 69.5296
539 69.451 69.4566
540 69.451 69.451
541 69.451 69.456
542 69.451 69.5174
543 69.451 69.451
544 69.451 69.451
545 69.451 69.451
546 69.451 69.4547
547 69.451 69.451
548 69.451 69.4909
549 69.451 69.4526
550 69.451 69.451
551 69.451 69.4612
552 69.451 69.4835
553 69.451 69.6158
554 69.451 69.4655
555 69.451 69.5127
556 69.451 69.5168
557 69.451 69.4998
558 69.451 69.451
559 69.451 69.458
560 69.451 69.4591
561 69.451 69.5264
562 69.451 69.4607
563 69.451 69.5103
564 69.451 69.4761
565 69.451 69.4635
566 69.451 69.4814
567 69.451 69.8106
568 69.451 69.5048
569 69.451 69.4542
570 69.451 69.5705
571 69.451 69.5298
572 69.451 69.451
573 69.451 69.4608
574 69.451 69.4773
575 69.451 69.4616
576 69.451 69.4528
577 69.451 69.4515
578 69.451 69.451
579 69.451 69.452
580 69.451 69.4593
581 69.451 69.4526
582 69.451 69.4831
583 69.451 69.4572
584 69.451 69.4641
585 69.451 69.4581
586 69.451 69.4746
587 69.451 69.451
588 69.451 69.4599
589 69.451 69.4546
590 69.451 69.4628
591 69.451 69.4597
592 69.451 69.5045
593 69.451 69.5504
594 69.451 69.6079
595 69.451 69.4595
596 69.451 69.5584
597 69.451 69.5758
598 69.451 69.451
599 69.451 69.451
600 69.451 69.451
601 69.451 69.5046
602 69.451 69.4686
603 69.451 69.4843
604 69.451 69.4555
605 69.451 69.7343
606 69.451 69.7786
607 69.451 69.6081
608 69.451 69.5499
609 69.451 69.5492
610 69.451 69.4586
611 69.451 69.5361
612 69.451 69.4715
613 69.451 69.6151
614 69.451 69.4842
615 69.451 69.4532
616 69.451 69.451
617 69.451 69.451
618 69.451 69.451
619 69.451 69.4688
620 69.451 69.5011
621 69.451 69.451
622 69.451 69.6827
623 69.451 69.4816
624 69.451 69.4692
625 69.451 69.5233
626 69.451 69.5505
627 69.451 69.7337
628 69.451 69.4934
629 69.451 69.451
630 69.451 69.451
631 69.451 69.4816
632 69.451 69.554
633 69.451 69.5681
634 69.451 69.4968
635 69.451 69.4666
636 69.451 69.451
637 69.451 69.4615
638 69.451 69.4565
639 69.451 69.4692
640 69.451 69.4614
641 69.451 69.5758
642 69.451 69.8831
643 69.451 69.4989
644 69.451 69.5445
645 69.451 69.4935
646 69.451 69.5348
647 69.451 69.5396
648 69.451 69.6211
649 69.451 69.7062
650 69.388 69.5735
651 69.388 69.421
652 69.388 69.4311
653 69.388 69.6743
654 69.388 69.7194
655 69.388 69.4274
656 69.388 69.4828
657 69.388 69.4166
658 69.388 69.4973
659 69.388 69.473
660 69.388 69.4837
661 69.388 69.3938
662 69.388 69.4016
663 69.388 69.4311
664 69.388 69.4386
665 69.388 69.5654
666 69.388 69.4985
667 69.388 69.4138
668 69.388 69.564
669 69.388 69.4085
670 69.388 69.388
671 69.388 69.3917
672 69.388 69.4418
673 69.388 69.4051
674 69.388 69.388
675 69.388 69.388
676 69.388 69.4086
677 69.388 69.388
678 69.388 69.3926
679 69.388 69.3963
680 69.388 69.388
681 69.388 69.388
682 69.388 69.6129
683 69.388 69.4127
684 69.388 69.3993
685 69.388 69.4061
686 69.388 69.4123
687 69.388 69.3922
688 69.388 69.4557
689 69.388 69.5157
690 69.388 69.4889
691 69.388 69.4612
692 69.388 69.4933
693 69.388 69.3896
694 69.388 69.4519
695 69.388 69.3895
696 69.388 69.388
697 69.388 69.4253
698 69.388 69.388
699 69.388 69.4624
700 69.388 69.388
701 69.388 69.4227
702 69.388 69.5882
703 69.388 69.4012
704 69.388 69.388
705 69.388 69.3894
706 69.388 69.388
707 69.388 69.388
708 69.388 69.3978
709 69.388 69.3903
710 69.388 69.388
711 69.388 69.388
712 69.388 69.388
713 69.388 69.388
714 69.388 69.3904
715 69.388 69.4252
716 69.388 69.4072
717 69.388 69.4108
718 69.388 69.571
719 69.388 69.4882
720 69.388 69.6998
721 69.388 69.4271
722 69.388 69.4596
723 69.388 69.4325
724 69.388 69.388
725 69.388 69.3958
726 69.388 69.3925
727 69.388 69.388
728 69.388 69.3999
729 69.388 69.3884
730 69.388 69.4329
731 69.388 69.4415
732 69.388 69.3927
733 69.388 69.394
734 69.388 69.388
735 69.388 69.3974
736 69.388 69.3882
737 69.388 69.388
738 69.388 69.388
739 69.388 69.4239
740 69.388 69.388
741 69.388 69.4346
742 69.388 69.4775
743 69.388 69.6977
744 69.388 69.5648
745 69.388 69.4883
746 69.388 69.433
747 69.388 69.388
748 69.388 69.4915
749 69.388 69.3889
750 67.3957 69.4423
751 67.3957 69.6537
752 67.3957 68.6869
753 67.3957 67.704
754 67.3957 67.4591
755 67.3957 67.6454
756 67.3957 67.3957
757 67.3957 67.4811
758 67.3957 67.3978
759 67.3957 67.3957
760 67.3957 67.3968
761 67.3957 67.3957
762 67.3957 67.3957
763 67.3957 67.4295
764 67.3957 67.5218
765 67.3957 67.5029
766 67.3957 67.4069
767 67.3957 67.4271
768 67.3957 67.4887
769 67.3957 67.5259
770 67.3957 67.5619
771 67.3957 67.5135
772 67.3957 67.4427
773 67.3957 67.4132
774 67.3957 67.4841
775 67.3957 67.4181
776 67.3957 67.4897
777 67.3957 67.4657
778 67.3957 67.7208
779 67.3957 67.8164
780 67.3957 67.5566
781 67.3957 67.4098
782 67.3957 67.3957
783 67.3957 67.5325
784 67.3957 67.6373
785 67.3957 67.6103
786 67.3957 67.3957
787 67.3957 67.3957
788 67.3957 67.4303
789 67.3957 67.442
790 67.3957 67.4463
791 67.3957 67.3957
792 67.3957 67.3957
793 67.3957 67.454
794 67.3957 67.4381
795 67.3957 67.4471
796 67.3957 67.6671
797 67.3957 67.6115
798 67.3957 67.6802
799 67.3957 67.6367
800 66.9713 67.4102
801 66.9713 67.5794
802 66.9713 67.191
803 66.9713 67.0777
804 66.9713 67.0438
805 66.9713 67.0051
806 66.9713 67.0584
807 66.9713 66.9713
808 66.9713 66.9722
809 66.9713 67.0001
810 66.9713 66.998
811 66.9713 67.0312
812 66.9713 67.0205
813 66.9713 67.1072
814 66.9713 67.0834
815 66.9713 67.195
816 66.9713 67.1102
817 66.9713 67.0742
818 66.9713 66.9713
819 66.9713 67.0186
820 66.9713 66.9992
821 66.9713 67.1211
822 66.9713 67.1884
823 66.9713 67.515
824 66.9713 67.2788
825 66.9713 66.9762
826 66.9713 67.1406
827 66.9713 67.0426
828 66.9713 66.9713
829 66.9713 66.9713
830 66.9713 67.0699
831 66.9713 66.9713
832 66.9713 67.0113
833 66.9713 66.9713
834 66.9713 66.9713
835 66.9713 66.9713
836 66.9713 66.9713
837 66.9713 67.0478
838 66.9713 67.2099
839 66.9713 66.9785
840 66.9713 66.9789
841 66.9713 66.9713
842 66.9713 67.0108
843 66.9713 67.0048
844 66.9713 67.0478
845 66.9713 67.0545
846 66.9713 67.0279
847 66.9713 66.9719
848 66.9713 67.0214
849 66.9713 67.075
850 66.9713 67.0471
851 66.9713 66.9713
852 66.9713 66.996
853 66.9713 67.0113
854 66.9713 66.9713
855 66.9713 66.9713
856 66.9713 66.9713
857 66.9713 66.9713
858 66.9713 66.9713
859 66.9713 67.0053
860 66.9713 67.06
861 66.9713 67.0892
862 66.9713 66.9733
863 66.9713 66.9713
864 66.9713 66.9944
865 66.9713 67.0175
866 66.9713 67.078
867 66.9713 67.1921
868 66.9713 67.0499
869 66.9713 67.1192
870 66.9713 67.1878
871 66.9713 67.0568
872 66.9713 67.0027
873 66.9713 67.031
874 66.9713 67.1401
875 66.9713 66.9914
876 66.9713 67.0119
877 66.9713 67.1379
878 66.9713 66.9744
879 66.9713 66.9809
880 66.9713 66.977
881 66.9713 67.0545
882 66.9713 66.9772
883 66.9713 67.2557
884 66.9713 67.1947
885 66.9713 66.9713
886 66.9713 66.9713
887 66.9713 67.0419
888 66.9713 67.1446
889 66.9713 67.0428
890 66.9713 67.1471
891 66.9713 67.0849
892 66.9713 67.051
893 66.9713 67.138
894 66.9713 67.0046
895 66.9713 67.0416
896 66.9713 66.9713
897 66.9713 66.9884
898 66.9713 66.9713
899 66.9713 66.9713
900 66.9713 66.9713
901 66.9713 67.0245
902 66.9713 67.2513
903 66.9713 66.9888
904 66.9713 67.0546
905 66.9713 66.9955
906 66.9713 67.0998
907 66.9713 67.0723
908 66.9713 67.004
909 66.9713 67.0375
910 66.9713 67.2845
911 66.9713 67.2714
912 66.9713 67.0723
913 66.9713 67.2681
914 66.9713 67.0151
915 66.9713 66.9863
916 66.9713 67.011
917 66.9713 67.0499
918 66.9713 66.9744
919 66.9713 67.1622
920 66.9713 67.22
921 66.9713 67.0028
922 66.9713 67.0098
923 66.9713 66.9756
924 66.9713 67.0701
925 66.9713 66.9867
926 66.9713 67.0865
927 66.9713 66.9713
928 66.9713 67.1674
929 66.9713 67.0596
930 66.9713 66.9713
931 66.9713 67.0089
932 66.9713 66.986
933 66.9713 67.0565
934 66.9713 66.9993
935 66.9713 66.9713
936 66.9713 66.9892
937 66.9713 66.9713
938 66.9713 66.9825
939 66.9713 67.0926
940 66.9713 67.0157
941 66.9713 66.9961
942 66.9713 67.0036
943 66.9713 66.9713
944 66.9713 66.9713
945 66.9713 66.9897
946 66.9713 66.9713
947 66.9713 66.9761
948 66.9713 66.972
949 66.9713 66.9715
950 66.9713 66.9713
951 66.9713 67.0049
952 66.9713 67.075
953 66.9713 67.0026
954 66.9713 66.9713
955 66.9713 67.0301
956 66.9713 67.0144
957 66.9713 67.035
958 66.9713 67.1045
959 66.9713 66.9713
960 66.9713 66.9724
961 66.9713 66.9713
962 66.9713 67.0461
963 66.9713 66.9841
964 66.9713 66.9817
965 66.9713 67.0732
966 66.9713 67.0086
967 66.9713 66.9713
968 66.9713 66.9713
969 66.9713 66.9713
970 66.9713 66.9713
971 66.9713 66.9713
972 66.9713 67.0302
973 66.9713 67.1734
974 66.9713 67.0154
975 66.9713 67.0177
976 66.9713 66.972
977 66.9713 67.0323
978 66.9713 66.9899
979 66.9713 67.0063
980 66.9713 67.0058
981 66.9713 67.3162
982 66.9713 67.2136
983 66.9713 67.1167
984 66.9713 67.1003
985 66.9713 67.0276
986 66.9713 67.0528
987 66.9713 67.0361
988 66.9713 67.0772
989 66.9713 66.9713
990 66.9713 67.0243
991 66.9713 66.9713
992 66.9713 66.9713
993 66.9713 66.9713
994 66.9713 66.9713
995 66.9713 66.9721
996 66.9713 66.9722
997 66.9713 67.256
998 66.9713 67.1878
999 66.9713 67.1403
1000 66.9713 67.0172
1001 66.9713 66.9903
1002 66.9713 67.1165
1003 66.9713 67.2043
1004 66.9713 67.0535
1005 66.9713 67.0341
1006 66.9713 66.9829
1007 66.9713 67.0622
1008 66.9713 66.9827
1009 66.9713 67.0216
1010 66.9713 67.14
1011 66.9713 67.0614
1012 66.9713 66.9997
1013 66.9713 67.0887
1014 66.9713 66.9897
1015 66.9713 67.0662
1016 66.9713 67.1258
1017 66.9713 67.0516
1018 66.9713 67.128
1019 66.9713 67.4614
1020 66.9713 67.0958
1021 66.9713 67.0728
1022 66.9713 67.0716
1023 66.9713 66.9713
1024 66.9713 67.0044
1025 66.9713 66.9733
1026 66.9713 66.9713
1027 66.9713 66.9713
1028 66.9713 66.9811
1029 66.9713 67.0095
1030 66.9713 67.0186
1031 66.9713 67.0304
1032 66.9713 67.083
1033 66.9713 67.005
1034 66.9713 67.1614
1035 66.9713 67.0535
1036 66.9713 67.0226
1037 66.9713 67.2824
1038 66.9713 67.1549
1039 66.9713 67.0692
1040 66.9713 66.9828
1041 66.9713 67.0319
1042 66.9713 66.973
1043 66.9713 66.9713
1044 66.9713 67.1265
1045 66.9713 67.2779
1046 66.9713 67.0031
1047 66.9713 66.9713
1048 66.9713 66.9713
1049 66.9713 66.9713
1050 66.9713 67.004
1051 66.9713 67.0082
1052 66.9713 67.0537
1053 66.9713 67.1287
1054 66.9713 67.0522
1055 66.9713 67.1941
1056 66.9713 67.0115
1057 66.9713 67.0815
1058 66.9713 67.0037
1059 66.9713 67.038
1060 66.9713 67.1849
1061 66.9713 67.0061
1062 66.9713 66.9807
1063 66.9713 67.0299
1064 66.9713 67.0898
1065 66.9713 67.202
1066 66.9713 67.069
1067 66.9713 66.9994
1068 66.9713 67.0297
1069 66.9713 67.2803
1070 66.9713 66.9937
1071 66.9713 67.0905
1072 66.9713 67.3653
1073 66.9713 67.0549
1074 66.9713 67.124
1075 66.9713 66.9963
1076 66.9713 67.0141
1077 66.9713 66.9734
1078 66.9713 66.9713
1079 66.9713 66.9713
1080 66.9713 66.9713
1081 66.9713 66.9713
1082 66.9713 67.013
1083 66.9713 67.1053
1084 66.9713 66.9854
1085 66.9713 67.0226
1086 66.9713 67.1169
1087 66.9713 67.207
1088 66.9713 67.007
1089 66.9713 67.1898
1090 66.9713 67.0646
1091 66.9713 67.052
1092 66.9713 66.9728
1093 66.9713 67.1078
1094 66.9713 66.9713
1095 66.9713 66.9728
1096 66.9713 66.9713
1097 66.9713 67.011
1098 66.9713 67.0592
1099 66.9713 67.0556
1100 66.9713 67.0346
1101 66.9713 67.0943
1102 66.9713 66.9735
1103 66.9713 66.9713
1104 66.9713 67.0039
1105 66.9713 66.9791
1106 66.9713 67.0807
1107 66.9713 67.221
1108 66.9713 67.3966
1109 66.9713 67.1354
1110 66.9713 67.0247
1111 66.9713 66.9713
1112 66.9713 67.0441
1113 66.9713 67.2667
1114 66.9713 66.9808
1115 66.9713 66.9713
1116 66.9713 67.0582
1117 66.9713 66.9713
1118 66.9713 66.9713
1119 66.9713 66.9713
1120 66.9713 66.9799
1121 66.9713 66.9906
1122 66.9713 66.9713
1123 66.9713 66.9713
1124 66.9713 67.0234
1125 66.9713 66.9781
1126 66.9713 67.1156
1127 66.9713 66.9747
1128 66.9713 67.0067
1129 66.9713 67.097
1130 66.9713 67.0254
1131 66.9713 66.9863
1132 66.9713 67.0455
1133 66.9713 66.9713
1134 66.9713 66.9713
1135 66.9713 67.0486
1136 66.9713 67.0629
1137 66.9713 66.9807
1138 66.9713 66.9713
1139 66.9713 66.9713
1140 66.9713 66.9838
1141 66.9713 66.9713
1142 66.9713 66.9713
1143 66.9713 66.9713
1144 66.9713 66.9757
1145 66.9713 66.9713
1146 66.9713 66.9713
1147 66.9713 67.0487
1148 66.9713 66.9713
1149 66.9713 66.9981
1150 66.9713 67.0072
1151 66.9713 67.0042
1152 66.9713 67.0879
1153 66.9713 67.0819
1154 66.9713 66.9713
1155 66.9713 66.9713
1156 66.9713 66.9713
1157 66.9713 67.054
1158 66.9713 66.9946
1159 66.9713 66.9841
1160 66.9713 67.036
1161 66.9713 66.9854
1162 66.9713 66.9713
1163 66.9713 66.9713
1164 66.9713 66.9713
1165 66.9713 66.9713
1166 66.9713 66.9713
1167 66.9713 67.0353
1168 66.9713 66.9713
1169 66.9713 66.9769
1170 66.9713 67.0003
1171 66.9713 67.0214
1172 66.9713 66.9952
1173 66.9713 67.1146
1174 66.9713 66.9754
1175 66.9713 67.1115
1176 66.9713 67.1641
1177 66.9713 67.0286
1178 66.9713 66.9923
1179 66.9713 67.0481
1180 66.9713 67.3042
1181 66.9713 67.3981
1182 66.9713 67.2199
1183 66.9713 67.0221
1184 66.9713 67.0229
1185 66.9713 67.1624
1186 66.9713 67.2075
1187 66.9713 67.1848
1188 66.9713 67.1656
1189 66.9713 67.0884
1190 66.9713 66.9713
1191 66.9713 67.0506
1192 66.9713 67.1308
1193 66.9713 67.0735
1194 66.9713 66.9713
1195 66.9713 67.0962
1196 66.9713 67.0744
1197 66.9713 67.0777
1198 66.9713 67.2495
1199 66.9713 67.0577
1200 66.9713 67.0742
1201 66.9713 66.9715
1202 66.9713 66.9715
1203 66.9713 67.1209
1204 66.9713 66.9848
1205 66.9713 67.0091
1206 66.9713 66.9926
1207 66.9713 67.1256
1208 66.9713 67.031
1209 66.9713 66.9817
1210 66.9713 66.9967
1211 66.9713 67.1233
1212 66.9713 67.0292
1213 66.9713 66.9713
1214 66.9713 67.1606
1215 66.9713 66.9913
1216 66.9713 66.9713
1217 66.9713 66.9713
1218 66.9713 66.9766
1219 66.9713 66.9713
1220 66.9713 66.9713
1221 66.9713 67.0677
1222 66.9713 67.0932
1223 66.9713 67.0509
1224 66.9713 67.3669
1225 66.9713 66.9713
1226 66.9713 66.9713
1227 66.9713 66.9713
1228 66.9713 66.985
1229 66.9713 67.0683
1230 66.9713 67.0048
1231 66.9713 67.0253
1232 66.9713 67.0212
1233 66.9713 67.4226
1234 66.9713 67.1827
1235 66.9713 66.9915
1236 66.9713 67.1433
1237 66.9713 66.9713
1238 66.9713 67.0015
1239 66.9713 67.0284
1240 66.9713 66.9908
1241 66.9713 66.9766
1242 66.9713 66.9713
1243 66.9713 66.9713
1244 66.9713 66.9725
1245 66.9713 67.0887
1246 66.9713 67.1637
1247 66.9713 67.0732
1248 66.9713 67.0887
1249 66.9713 67.013
1250 66.9713 66.9802
1251 66.9713 66.9713
1252 66.9713 66.9938
1253 66.9713 66.9725
1254 66.9713 67.029
1255 66.9713 67.0158
1256 66.9713 67.0062
1257 66.9713 66.9838
1258 66.9713 67.0936
1259 66.9713 67.1308
1260 66.9713 67.1442
1261 66.9713 67.1108
1262 66.9713 66.9749
1263 66.9713 66.9713
1264 66.9713 66.9713
1265 66.9713 67.036
1266 66.9713 67.189
1267 66.9713 66.9737
1268 66.9713 67.0852
1269 66.9713 67.2225
1270 66.9713 67.1626
1271 66.9713 67.2464
1272 66.9713 66.9815
1273 66.9713 66.9855
1274 66.9713 66.9713
1275 66.9713 66.9859
1276 66.9713 67.0049
1277 66.9713 67.0022
1278 66.9713 66.974
1279 66.9713 66.9971
1280 66.9713 67.0339
1281 66.9713 66.984
1282 66.9713 66.9713
1283 66.9713 67.0033
1284 66.9713 67.0082
1285 66.9713 67.028
1286 66.9713 67.1445
1287 66.9713 67.052
1288 66.9713 67.1078
1289 66.9713 67.2813
1290 66.9713 67.0444
1291 66.9713 67.0296
1292 66.9713 66.9882
1293 66.9713 67.0146
1294 66.9713 66.9713
1295 66.9713 67.0144
1296 66.9713 66.9805
1297 66.9713 66.9713
1298 66.9713 66.9767
1299 66.9713 66.9774
1300 66.9713 66.9928
1301 66.9713 67.0166
1302 66.9713 67.1327
1303 66.9713 67.0413
1304 66.9713 66.9991
1305 66.9713 66.9713
1306 66.9713 66.9713
1307 66.9713 66.986
1308 66.9713 66.9713
1309 66.9713 66.986
1310 66.9713 66.9713
1311 66.9713 67.0468
1312 66.9713 66.9713
1313 66.9713 66.9877
1314 66.9713 67.0157
1315 66.9713 67.0797
1316 66.9713 67.1245
1317 66.9713 67.0677
1318 66.9713 67.1164
1319 66.9713 67.1845
1320 66.9713 67.0684
1321 66.9713 67.1898
1322 66.9713 67.2283
1323 66.9713 67.232
1324 66.9713 66.9713
1325 66.9713 66.9713
1326 66.9713 67.0153
1327 66.9713 66.9713
1328 66.9713 66.9845
1329 66.9713 66.9899
1330 66.9713 67.0808
1331 66.9713 66.9936
1332 66.9713 67.0949
1333 66.9713 67.2236
1334 66.9713 67.0364
1335 66.9713 67.0701
1336 66.9713 66.9713
1337 66.9713 66.9713
1338 66.9713 67.0004
1339 66.9713 67.0207
1340 66.9713 66.9713
1341 66.9713 66.9713
1342 66.9713 66.9713
1343 66.9713 66.9713
1344 66.9713 66.9713
1345 66.9713 66.9713
1346 66.9713 66.9713
1347 66.9713 66.9713
1348 66.9713 66.9713
1349 66.9713 66.9713
1350 66.9713 66.9963
1351 66.9713 67.1021
1352 66.9713 67.0115
1353 66.9713 67.2665
1354 66.9713 66.9929
1355 66.9713 67.1017
1356 66.9713 66.976
1357 66.9713 67.2097
1358 66.9713 67.1507
1359 66.9713 67.0828
1360 66.9713 67.1302
1361 66.9713 67.0597
1362 66.9713 67.1323
1363 66.9713 66.9716
1364 66.9713 66.9782
1365 66.9713 67.0068
1366 66.9713 66.9713
1367 66.9713 67.0162
1368 66.9713 66.9837
1369 66.9713 66.9713
1370 66.9713 67.0201
1371 66.9713 66.9771
1372 66.9713 67.0203
1373 66.9713 67.0064
1374 66.9713 67.1778
1375 66.9713 67.0021
1376 66.9713 67.0317
1377 66.9713 66.9722
1378 66.9713 66.9713
1379 66.9713 66.9713
1380 66.9713 67.0013
1381 66.9713 67.0676
1382 66.9713 67.1184
1383 66.9713 67.0528
1384 66.9713 66.9889
1385 66.9713 67.1053
1386 66.9713 67
1387 66.9713 67.1159
1388 66.9713 67.2575
1389 66.9713 67.1643
1390 66.9713 67.0611
1391 66.9713 67.4478
1392 66.9713 67.1345
1393 66.9713 67.0811
1394 66.9713 67.2704
1395 66.9713 67.0404
1396 66.9713 66.9713
1397 66.9713 67.031
1398 66.9713 67.1767
1399 66.9713 67.169
1400 66.8256 66.9484
1401 66.8256 66.9697
1402 66.8256 66.85
1403 66.8256 66.8572
1404 66.8256 66.8256
1405 66.8256 66.8256
1406 66.8256 66.8575
1407 66.8256 66.8779
1408 66.8256 66.8359
1409 66.8256 66.933
1410 66.8256 66.8256
1411 66.8256 66.8256
1412 66.8256 66.8756
1413 66.8256 66.8325
1414 66.8256 66.8893
1415 66.8256 66.9517
1416 66.8256 66.9141
1417 66.8256 67.0695
1418 66.8256 66.9162
1419 66.8256 66.9554
1420 66.8256 66.8256
1421 66.8256 66.8256
1422 66.8256 66.827
1423 66.8256 67.1879
1424 66.8256 67.4117
1425 66.8256 66.9717
1426 66.8256 67.2606
1427 66.8256 66.8367
1428 66.8256 66.8256
1429 66.8256 66.8256
1430 66.8256 66.8965
1431 66.8256 66.8952
1432 66.8256 66.9477
1433 66.8256 66.9453
1434 66.8256 66.9641
1435 66.8256 67.029
1436 66.8256 66.8568
1437 66.8256 67.0271
1438 66.8256 66.9562
1439 66.8256 66.9854
1440 66.8256 66.8332
1441 66.8256 66.8287
1442 66.8256 66.8256
1443 66.8256 66.9584
1444 66.8256 66.8505
1445 66.8256 66.8263
1446 66.8256 66.8356
1447 66.8256 66.8256
1448 66.8256 67.2474
1449 66.8256 66.9141
1450 66.8256 67.0246
1451 66.8256 66.8256
1452 66.8256 66.8294
1453 66.8256 66.972
1454 66.8256 67.0497
1455 66.8256 66.9086
1456 66.8256 66.898
1457 66.8256 66.8567
1458 66.8256 66.9889
1459 66.8256 66.9776
1460 66.8256 66.9475
1461 66.8256 66.8256
1462 66.8256 66.8994
1463 66.8256 66.8698
1464 66.8256 66.8256
1465 66.8256 66.8313
1466 66.8256 66.8384
1467 66.8256 66.9131
1468 66.8256 66.8577
1469 66.8256 66.8256
1470 66.8256 66.8438
1471 66.8256 66.8717
1472 66.8256 66.8636
1473 66.8256 66.8312
1474 66.8256 66.8256
1475 66.8256 66.9453
1476 66.8256 66.8291
1477 66.8256 66.8256
1478 66.8256 66.8256
1479 66.8256 66.856
1480 66.8256 66.8518
1481 66.8256 66.8256
1482 66.8256 66.8256
1483 66.8256 66.8256
1484 66.8256 66.8256
1485 66.8256 66.8795
1486 66.8256 66.8539
1487 66.8256 66.8377
1488 66.8256 66.9719
1489 66.8256 67.0015
1490 66.8256 67.0374
1491 66.8256 66.8329
1492 66.8256 67.0649
1493 66.8256 67.0241
1494 66.8256 66.8843
1495 66.8256 67.0454
1496 66.8256 67.1963
1497 66.8256 67.2743
1498 66.8256 66.9057
1499 66.8256 66.8321
1500 66.8256 67.061
1501 66.8256 67.1144
1502 66.8256 66.9475
1503 66.8256 66.9047
1504 66.8256 67.0521
1505 66.8256 66.8369
1506 66.8256 66.952
1507 66.8256 66.9123
1508 66.8256 66.8459
1509 66.8256 66.8271
1510 66.8256 66.9147
1511 66.8256 66.8376
1512 66.8256 67.0346
1513 66.8256 66.9624
1514 66.8256 66.8256
1515 66.8256 67.0036
1516 66.8256 66.86
1517 66.8256 66.8256
1518 66.8256 66.833
1519 66.8256 66.8256
1520 66.8256 66.8256
1521 66.8256 66.8256
1522 66.8256 66.8344
1523 66.8256 66.8997
1524 66.8256 67.1149
1525 66.8256 66.9467
1526 66.8256 66.9068
1527 66.8256 66.989
1528 66.8256 66.8517
1529 66.8256 66.9463
1530 66.8256 66.9294
1531 66.8256 66.9717
1532 66.8256 66.9976
1533 66.8256 66.8549
1534 66.8256 66.9153
1535 66.8256 66.8891
1536 66.8256 66.8256
1537 66.8256 66.8318
1538 66.8256 66.8477
1539 66.8256 66.9112
1540 66.8256 66.8275
1541 66.8256 66.8954
1542 66.8256 66.8679
1543 66.8256 67.2011
1544 66.8256 66.9737
1545 66.8256 66.8475
1546 66.8256 66.827
1547 66.8256 66.8259
1548 66.8256 66.8274
1549 66.8256 66.8449
1550 66.8256 66.8256
1551 66.8256 66.8256
1552 66.8256 66.8259
1553 66.8256 66.8382
1554 66.8256 66.964
1555 66.8256 66.8256
1556 66.8256 66.8256
1557 66.8256 66.8345
1558 66.8256 66.894
1559 66.8256 66.8406
1560 66.8256 66.8256
1561 66.8256 66.8256
1562 66.8256 66.8256
1563 66.8256 66.9003
1564 66.8256 66.8653
1565 66.8256 66.8256
1566 66.8256 66.9575
1567 66.8256 66.8709
1568 66.8256 66.9231
1569 66.8256 66.9839
1570 66.8256 66.8825
1571 66.8256 66.8256
1572 66.8256 66.8561
1573 66.8256 66.8337
1574 66.8256 66.8256
1575 66.8256 66.8256
1576 66.8256 66.8256
1577 66.8256 66.9482
1578 66.8256 66.9302
1579 66.8256 66.9493
1580 66.8256 66.8536
1581 66.8256 66.8256
1582 66.8256 66.8256
1583 66.8256 66.9133
1584 66.8256 66.9737
1585 66.8256 67.0406
1586 66.8256 66.831
1587 66.8256 66.8307
1588 66.8256 67.0909
1589 66.8256 66.8841
1590 66.8256 66.9817
1591 66.8256 67.0127
1592 66.8256 66.8906
1593 66.8256 67.0286
1594 66.8256 66.9109
1595 66.8256 66.8256
1596 66.8256 66.8256
1597 66.8256 66.8256
1598 66.8256 66.8344
1599 66.8256 66.8256
1600 66.8256 67.1407
1601 66.8256 66.8473
1602 66.8256 66.9942
1603 66.8256 66.9548
1604 66.8256 67.0981
1605 66.8256 67.0982
1606 66.8256 66.8256
1607 66.8256 66.8256
1608 66.8256 66.8416
1609 66.8256 66.8903
1610 66.8256 66.8256
1611 66.8256 66.8395
1612 66.8256 66.9526
1613 66.8256 66.9547
1614 66.8256 66.8373
1615 66.8256 66.9074
1616 66.8256 66.9204
1617 66.8256 67.0199
1618 66.8256 66.879
1619 66.8256 66.9082
1620 66.8256 66.9329
1621 66.8256 66.946
1622 66.8256 66.9855
1623 66.8256 66.8454
1624 66.8256 67.0559
1625 66.8256 66.8568
1626 66.8256 66.8755
1627 66.8256 67.0067
1628 66.8256 67.0266
1629 66.8256 66.9285
1630 66.8256 66.8847
1631 66.8256 66.8526
1632 66.8256 66.8307
1633 66.8256 66.8531
1634 66.8256 66.86
1635 66.8256 66.8419
1636 66.8256 66.8277
1637 66.8256 66.8534
1638 66.8256 66.8665
1639 66.8256 66.8259
1640 66.8256 66.8543
1641 66.8256 66.8446
1642 66.8256 66.8256
1643 66.8256 66.8256
1644 66.8256 66.8313
1645 66.8256 66.8576
1646 66.8256 66.8256
1647 66.8256 66.8256
1648 66.8256 67.1394
1649 66.8256 66.8483
1650 66.8256 66.8704
1651 66.8256 66.8385
1652 66.8256 66.8711
1653 66.8256 66.8638
1654 66.8256 66.8377
1655 66.8256 66.8614
1656 66.8256 66.9016
1657 66.8256 67.0883
1658 66.8256 66.884
1659 66.8256 66.8256
1660 66.8256 66.8256
1661 66.8256 66.8256
1662 66.8256 66.8712
1663 66.8256 66.8484
1664 66.8256 66.9173
1665 66.8256 66.9135
1666 66.8256 66.8256
1667 66.8256 66.8996
1668 66.8256 66.8256
1669 66.8256 66.8286
1670 66.8256 66.8745
1671 66.8256 66.8593
1672 66.8256 66.8527
1673 66.8256 66.8594
1674 66.8256 66.994
1675 66.8256 67.0262
1676 66.8256 66.8983
1677 66.8256 66.8768
1678 66.8256 66.8257
1679 66.8256 66.8714
1680 66.8256 66.9619
1681 66.8256 66.9032
1682 66.8256 66.8793
1683 66.8256 66.8256
1684 66.8256 66.826
1685 66.8256 66.8633
1686 66.8256 66.8775
1687 66.8256 66.8365
1688 66.8256 66.8256
1689 66.8256 66.8358
1690 66.8256 66.8256
1691 66.8256 66.8256
1692 66.8256 66.8256
1693 66.8256 66.9174
1694 66.8256 66.8993
1695 66.8256 66.9514
1696 66.8256 67.0394
1697 66.8256 67.045
1698 66.8256 67.025
1699 66.8256 66.8524
1700 66.8256 66.8721
1701 66.8256 66.8355
1702 66.8256 66.8821
1703 66.8256 66.8698
1704 66.8256 67.0071
1705 66.8256 66.8903
1706 66.8256 67.0333
1707 66.8256 66.9037
1708 66.8256 66.91
1709 66.8256 66.923
1710 66.8256 66.8264
1711 66.8256 66.8256
1712 66.8256 66.8761
1713 66.8256 66.909
1714 66.8256 66.95
1715 66.8256 66.8715
1716 66.8256 66.8616
1717 66.8256 66.9727
1718 66.8256 66.8291
1719 66.8256 66.8335
1720 66.8256 66.8804
1721 66.8256 66.903
1722 66.8256 67.2082
1723 66.8256 67.0263
1724 66.8256 66.9573
1725 66.8256 66.9022
1726 66.8256 66.9436
1727 66.8256 66.8787
1728 66.8256 66.8256
1729 66.8256 66.8427
1730 66.8256 66.8842
1731 66.8256 66.8687
1732 66.8256 66.9857
1733 66.8256 66.8804
1734 66.8256 66.8256
1735 66.8256 66.8953
1736 66.8256 66.9602
1737 66.8256 67.0031
1738 66.8256 66.9613
1739 66.8256 66.8256
1740 66.8256 66.8256
1741 66.8256 67.0309
1742 66.8256 66.8433
1743 66.8256 66.976
1744 66.8256 66.8617
1745 66.8256 66.8256
1746 66.8256 66.8599
1747 66.8256 66.8707
1748 66.8256 66.8991
1749 66.8256 66.9919
1750 66.8256 66.8309
1751 66.8256 66.8602
1752 66.8256 66.8432
1753 66.8256 66.8256
1754 66.8256 66.9183
1755 66.8256 66.9372
1756 66.8256 66.8256
1757 66.8256 66.8262
1758 66.8256 66.834
1759 66.8256 66.8256
1760 66.8256 66.9617
1761 66.8256 66.909
1762 66.8256 66.9014
1763 66.8256 66.9019
1764 66.8256 67.1525
1765 66.8256 66.8753
1766 66.8256 66.8256
1767 66.8256 66.8256
1768 66.8256 66.8256
1769 66.8256 66.8256
1770 66.8256 66.9317
1771 66.8256 67.3113
1772 66.8256 67.0677
1773 66.8256 66.8518
1774 66.8256 66.864
1775 66.8256 66.9127
1776 66.8256 66.9871
1777 66.8256 66.868
1778 66.8256 66.8256
1779 66.8256 66.8256
1780 66.8256 66.8256
1781 66.8256 66.9285
1782 66.8256 66.8378
1783 66.8256 66.8454
1784 66.8256 66.8435
1785 66.8256 66.8357
1786 66.8256 66.9348
1787 66.8256 67.0726
1788 66.8256 66.9112
1789 66.8256 66.8458
1790 66.8256 66.8599
1791 66.8256 66.8803
1792 66.8256 66.8256
1793 66.8256 66.9058
1794 66.8256 66.8256
1795 66.8256 66.8389
1796 66.8256 66.901
1797 66.8256 66.9279
1798 66.8256 66.8256
1799 66.8256 66.8256
1800 66.8256 66.8334
1801 66.8256 66.8256
1802 66.8256 66.8844
1803 66.8256 66.8498
1804 66.8256 66.8482
1805 66.8256 66.8745
1806 66.8256 66.9638
1807 66.8256 66.892
1808 66.8256 66.9058
1809 66.8256 67.0376
1810 66.8256 66.9434
1811 66.8256 67.264
1812 66.8256 67.1561
1813 66.8256 66.9782
1814 66.8256 66.972
1815 66.8256 66.9284
1816 66.8256 66.8256
1817 66.8256 66.846
1818 66.8256 66.8256
1819 66.8256 66.8462
1820 66.8256 66.8418
1821 66.8256 66.8403
1822 66.8256 66.8701
1823 66.8256 66.8596
1824 66.8256 66.8547
1825 66.8256 66.8258
1826 66.8256 66.9358
1827 66.8256 66.8383
1828 66.8256 66.8256
1829 66.8256 66.9451
1830 66.8256 66.9707
1831 66.8256 66.8256
1832 66.8256 66.8256
1833 66.8256 66.8738
1834 66.8256 66.8276
1835 66.8256 66.8871
1836 66.8256 66.9396
1837 66.8256 66.8271
1838 66.8256 66.8429
1839 66.8256 66.9097
1840 66.8256 66.9233
1841 66.8256 66.9779
1842 66.8256 66.8256
1843 66.8256 66.838
1844 66.8256 66.8659
1845 66.8256 66.8748
1846 66.8256 66.9161
1847 66.8256 66.8354
1848 66.8256 66.8381
1849 66.8256 66.8256
1850 66.8256 66.9347
1851 66.8256 67.0124
1852 66.8256 67.0316
1853 66.8256 66.8576
1854 66.8256 66.9058
1855 66.8256 67.1141
1856 66.8256 67.0864
1857 66.8256 67.2592
1858 66.8256 66.9612
1859 66.8256 66.9006
1860 66.8256 66.8256
1861 66.8256 66.8379
1862 66.8256 66.8352
1863 66.8256 66.9208
1864 66.8256 66.9224
1865 66.8256 66.8272
1866 66.8256 66.8537
1867 66.8256 66.9349
1868 66.8256 67.162
1869 66.8256 66.8256
1870 66.8256 66.9248
1871 66.8256 66.9458
1872 66.8256 66.8479
1873 66.8256 66.8701
1874 66.8256 66.8409
1875 66.8256 66.9045
1876 66.8256 66.8256
1877 66.8256 66.8256
1878 66.8256 66.9146
1879 66.8256 66.8307
1880 66.8256 66.8256
1881 66.8256 66.8309
1882 66.8256 66.8256
1883 66.8256 66.8308
1884 66.8256 66.8631
1885 66.8256 66.9704
1886 66.8256 66.8332
1887 66.8256 66.8494
1888 66.8256 66.8522
1889 66.8256 66.8256
1890 66.8256 66.8256
1891 66.8256 66.8871
1892 66.8256 66.9097
1893 66.8256 67.0734
1894 66.8256 66.8256
1895 66.8256 66.8256
1896 66.8256 66.8256
1897 66.8256 66.8417
1898 66.8256 67.0865
1899 66.8256 66.9642
1900 66.8256 67.0353
1901 66.8256 66.8974
1902 66.8256 66.8382
1903 66.8256 66.84
1904 66.8256 66.8256
1905 66.8256 66.9078
1906 66.8256 66.9692
1907 66.8256 66.8658
1908 66.8256 66.9925
1909 66.8256 66.8282
1910 66.8256 66.8256
1911 66.8256 66.8256
1912 66.8256 66.8309
1913 66.8256 66.8256
1914 66.8256 66.8256
1915 66.8256 66.8652
1916 66.8256 66.8732
1917 66.8256 67.0447
1918 66.8256 66.8431
1919 66.8256 66.8256
1920 66.8256 66.833
1921 66.8256 66.8637
1922 66.8256 66.8589
1923 66.8256 66.8256
1924 66.8256 66.8256
1925 66.8256 66.9171
1926 66.8256 67.1248
1927 66.8256 67.0777
1928 66.8256 66.8259
1929 66.8256 66.8256
1930 66.8256 66.8817
1931 66.8256 67.0305
1932 66.8256 66.9861
1933 66.8256 66.885
1934 66.8256 66.9545
1935 66.8256 66.8493
1936 66.8256 66.8612
1937 66.8256 66.8663
1938 66.8256 66.8262
1939 66.8256 66.8256
1940 66.8256 66.9018
1941 66.8256 66.9295
1942 66.8256 66.8945
1943 66.8256 66.9034
1944 66.8256 66.858
1945 66.8256 66.8303
1946 66.8256 66.836
1947 66.8256 66.8724
1948 66.8256 66.8299
1949 66.8256 66.8256
1950 66.8256 66.8434
1951 66.8256 66.8975
1952 66.8256 66.8391
1953 66.8256 67.1077
1954 66.8256 67.0631
1955 66.8256 66.917
1956 66.8256 67.0925
1957 66.8256 66.8713
1958 66.8256 66.8264
1959 66.8256 66.8256
1960 66.8256 66.8256
1961 66.8256 66.8263
1962 66.8256 66.8256
1963 66.8256 66.8256
1964 66.8256 66.8407
1965 66.8256 66.8433
1966 66.8256 66.8333
1967 66.8256 66.8256
1968 66.8256 66.8959
1969 66.8256 66.8375
1970 66.8256 67.0357
1971 66.8256 66.8256
1972 66.8256 66.8256
1973 66.8256 66.8558
1974 66.8256 66.8533
1975 66.8256 66.9783
1976 66.8256 66.9273
1977 66.8256 66.9239
1978 66.8256 66.8625
1979 66.8256 66.9398
1980 66.8256 66.9675
1981 66.8256 67.0953
1982 66.8256 67.0977
1983 66.8256 66.8498
1984 66.8256 66.8256
1985 66.8256 66.8256
1986 66.8256 66.8778
1987 66.8256 66.8262
1988 66.8256 66.8464
1989 66.8256 66.8785
1990 66.8256 66.8895
1991 66.8256 66.9089
1992 66.8256 67.0219
1993 66.8256 66.9494
1994 66.8256 66.8305
1995 66.8256 66.8757
1996 66.8256 66.8256
1997 66.8256 66.8313
1998 66.8256 66.8531
1999 66.8256 66.8452
2000 66.8256 66.8256
2001 66.8256 66.8256
2002 66.8256 66.8631
2003 66.8256 66.8362
2004 66.8256 66.9145
2005 66.8256 66.8779
2006 66.8256 67.0805
2007 66.8256 67.3447
2008 66.8256 67.0734
2009 66.8256 67.0162
2010 66.8256 67.0503
2011 66.8256 66.8819
2012 66.8256 66.9945
2013 66.8256 67.0298
2014 66.8256 66.8742
2015 66.8256 66.9336
2016 66.8256 66.985
2017 66.8256 66.9201
2018 66.8256 66.8347
2019 66.8256 66.8256
2020 66.8256 66.8267
2021 66.8256 66.8822
2022 66.8256 66.8278
2023 66.8256 66.8359
2024 66.8256 67.0388
2025 66.8256 66.9436
2026 66.8256 66.8526
2027 66.8256 66.8256
2028 66.8256 66.8286
2029 66.8256 66.8332
2030 66.8256 66.8256
2031 66.8256 66.848
2032 66.8256 66.9021
2033 66.8256 67.2362
2034 66.8256 67.2118
2035 66.8256 66.8421
2036 66.8256 66.9351
2037 66.8256 67.075
2038 66.8256 66.8477
2039 66.8256 66.8571
2040 66.8256 66.8414
2041 66.8256 66.9072
2042 66.8256 67.1146
2043 66.8256 66.8754
2044 66.8256 66.9891
2045 66.8256 66.8284
2046 66.8256 66.8256
2047 66.8256 66.8256
2048 66.8256 66.8256
2049 66.8256 66.857
2050 66.8256 66.8854
2051 66.8256 66.8256
2052 66.8256 66.8256
2053 66.8256 66.9576
2054 66.8256 66.8596
2055 66.8256 67.0087
2056 66.8256 66.8403
2057 66.8256 66.8271
2058 66.8256 66.8854
2059 66.8256 66.8629
2060 66.8256 66.8349
2061 66.8256 66.9482
2062 66.8256 67.0479
2063 66.8256 66.9319
2064 66.8256 66.995
2065 66.8256 67.0416
2066 66.8256 66.8827
2067 66.8256 66.8343
2068 66.8256 66.9742
2069 66.8256 66.9877
2070 66.8256 66.8464
2071 66.8256 66.853
2072 66.8256 66.8293
2073 66.8256 66.8767
2074 66.8256 66.8289
2075 66.8256 66.8256
2076 66.8256 66.9988
2077 66.8256 66.8266
2078 66.8256 66.8397
2079 66.8256 66.8291
2080 66.8256 67.0068
2081 66.8256 66.8877
2082 66.8256 66.8303
2083 66.8256 66.8465
2084 66.8256 67.0061
2085 66.8256 66.9114
2086 66.8256 66.8393
2087 66.8256 66.8426
2088 66.8256 66.8669
2089 66.8256 66.9721
2090 66.8256 66.8881
2091 66.8256 66.9146
2092 66.8256 66.8476
2093 66.8256 66.8256
2094 66.8256 66.8719
2095 66.8256 66.8256
2096 66.8256 66.8256
2097 66.8256 66.8256
2098 66.8256 66.8256
2099 66.8256 66.8888
2100 66.6123 66.8816
2101 66.6123 66.7087
2102 66.6123 67.0952
2103 66.6123 66.8062
2104 66.6123 66.7003
2105 66.6123 66.7161
2106 66.6123 66.765
2107 66.6123 66.6123
2108 66.6123 66.8743
2109 66.6123 66.6697
2110 66.6123 66.6123
2111 66.6123 66.6123
2112 66.6123 66.6751
2113 66.6123 66.687
2114 66.6123 66.6855
2115 66.6123 66.9185
2116 66.6123 66.7874
2117 66.6123 66.7798
2118 66.6123 66.6389
2119 66.6123 66.6123
2120 66.6123 66.6123
2121 66.6123 66.6123
2122 66.6123 66.6822
2123 66.6123 66.6123
2124 66.6123 66.6123
2125 66.6123 66.6123
2126 66.6123 66.6123
2127 66.6123 66.6123
2128 66.6123 66.6123
2129 66.6123 66.674
2130 66.6123 66.6802
2131 66.6123 66.7077
2132 66.6123 66.6211
2133 66.6123 66.6338
2134 66.6123 66.6127
2135 66.6123 66.6778
2136 66.6123 66.6323
2137 66.6123 66.6187
2138 66.6123 66.6347
2139 66.6123 66.6561
2140 66.6123 66.7926
2141 66.6123 66.6123
2142 66.6123 66.6205
2143 66.6123 66.9187
2144 66.6123 66.9343
2145 66.6123 66.6123
2146 66.6123 66.9919
2147 66.6123 66.7289
2148 66.6123 66.685
2149 66.6123 66.7176
2150 66.6123 66.6123
2151 66.6123 66.6199
2152 66.6123 66.6123
2153 66.6123 66.6759
2154 66.6123 66.7097
2155 66.6123 66.6263
2156 66.6123 66.6123
2157 66.6123 66.6221
2158 66.6123 66.6123
2159 66.6123 66.6653
2160 66.6123 66.6123
2161 66.6123 66.6273
2162 66.6123 66.6543
2163 66.6123 66.773
2164 66.6123 66.6149
2165 66.6123 66.6179
2166 66.6123 66.6748
2167 66.6123 66.6703
2168 66.6123 66.633
2169 66.6123 66.7066
2170 66.6123 66.6282
2171 66.6123 66.6503
2172 66.6123 66.6568
2173 66.6123 66.6445
2174 66.6123 66.6123
2175 66.6123 66.6123
2176 66.6123 66.6241
2177 66.6123 66.6135
2178 66.6123 66.6123
2179 66.6123 66.6668
2180 66.6123 66.6406
2181 66.6123 66.6724
2182 66.6123 66.7413
2183 66.6123 66.6448
2184 66.6123 66.6619
2185 66.6123 66.6426
2186 66.6123 66.6479
2187 66.6123 66.7721
2188 66.6123 67.1011
2189 66.6123 66.6331
2190 66.6123 66.6123
2191 66.6123 66.6123
2192 66.6123 66.6564
2193 66.6123 66.7859
2194 66.6123 66.6563
2195 66.6123 66.7607
2196 66.6123 66.6508
2197 66.6123 66.6163
2198 66.6123 66.6123
2199 66.6123 66.6289
2200 66.6123 66.7064
2201 66.6123 66.7105
2202 66.6123 66.6733
2203 66.6123 66.6742
2204 66.6123 66.6732
2205 66.6123 66.6131
2206 66.6123 66.629
2207 66.6123 66.6714
2208 66.6123 66.6131
2209 66.6123 66.6246
2210 66.6123 66.6123
2211 66.6123 66.6123
2212 66.6123 66.7154
2213 66.6123 66.6257
2214 66.6123 66.7936
2215 66.6123 66.6123
2216 66.6123 66.669
2217 66.6123 66.7226
2218 66.6123 66.6825
2219 66.6123 66.6123
2220 66.6123 66.6123
2221 66.6123 66.6276
2222 66.6123 66.6603
2223 66.6123 66.6123
2224 66.6123 66.6123
2225 66.6123 66.6125
2226 66.6123 66.6123
2227 66.6123 66.6123
2228 66.6123 66.6214
2229 66.6123 66.8014
2230 66.6123 66.7773
2231 66.6123 66.7083
2232 66.6123 66.7836
2233 66.6123 66.9464
2234 66.6123 67.0072
2235 66.6123 66.6267
2236 66.6123 66.6163
2237 66.6123 66.6123
2238 66.6123 66.6857
2239 66.6123 66.7011
2240 66.6123 66.6123
2241 66.6123 66.6355
2242 66.6123 66.6224
2243 66.6123 66.6123
2244 66.6123 66.6391
2245 66.6123 66.628
2246 66.6123 66.7382
2247 66.6123 66.6665
2248 66.6123 66.8531
2249 66.6123 66.7461
2250 66.6123 66.6199
2251 66.6123 66.7645
2252 66.6123 66.6948
2253 66.6123 66.6139
2254 66.6123 66.7555
2255 66.6123 66.7509
2256 66.6123 66.7038
2257 66.6123 66.9063
2258 66.6123 66.742
2259 66.6123 66.6377
2260 66.6123 66.7099
2261 66.6123 66.7751
2262 66.6123 66.614
2263 66.6123 66.6361
2264 66.6123 66.6893
2265 66.6123 66.6169
2266 66.6123 66.7103
2267 66.6123 66.6452
2268 66.6123 66.6584
2269 66.6123 66.6808
2270 66.6123 66.7288
2271 66.6123 66.6123
2272 66.6123 66.6157
2273 66.6123 66.6123
2274 66.6123 66.6123
2275 66.6123 66.6123
2276 66.6123 66.6668
2277 66.6123 66.6294
2278 66.6123 66.7904
2279 66.6123 66.6523
2280 66.6123 66.6734
2281 66.6123 66.6878
2282 66.6123 66.6123
2283 66.6123 66.6123
2284 66.6123 66.6603
2285 66.6123 66.6123
2286 66.6123 66.6123
2287 66.6123 66.9015
2288 66.6123 66.8316
2289 66.6123 66.838
2290 66.6123 66.6389
2291 66.6123 66.6586
2292 66.6123 66.9486
2293 66.6123 66.7659
2294 66.6123 66.6953
2295 66.6123 66.648
2296 66.6123 66.7427
2297 66.6123 66.7293
2298 66.6123 66.6204
2299 66.6123 66.6595
2300 66.6123 66.7943
2301 66.6123 66.8413
2302 66.6123 66.7308
2303 66.6123 66.7218
2304 66.6123 66.6144
2305 66.6123 66.7354
2306 66.6123 66.7515
2307 66.6123 66.6696
2308 66.6123 66.6994
2309 66.6123 66.7338
2310 66.6123 66.8174
2311 66.6123 66.6505
2312 66.6123 66.6196
2313 66.6123 66.6123
2314 66.6123 66.757
2315 66.6123 66.8749
2316 66.6123 66.6756
2317 66.6123 66.6268
2318 66.6123 66.666
2319 66.6123 66.6348
2320 66.6123 66.666
2321 66.6123 66.7055
2322 66.6123 66.7279
2323 66.6123 66.8417
2324 66.6123 66.7148
2325 66.6123 66.6518
2326 66.6123 66.6398
2327 66.6123 66.6462
2328 66.6123 66.8672
2329 66.6123 66.9512
2330 66.6123 66.928
2331 66.6123 66.6123
2332 66.6123 66.6123
2333 66.6123 66.6202
2334 66.6123 66.7071
2335 66.6123 66.7102
2336 66.6123 66.7597
2337 66.6123 66.7755
2338 66.6123 66.6315
2339 66.6123 66.8546
2340 66.6123 66.8208
2341 66.6123 66.7137
2342 66.6123 66.6662
2343 66.6123 66.618
2344 66.6123 66.6301
2345 66.6123 66.7078
2346 66.6123 66.6686
2347 66.6123 66.6123
2348 66.6123 66.6123
2349 66.6123 66.6169
2350 66.6123 66.659
2351 66.6123 66.6973
2352 66.6123 66.8003
2353 66.6123 66.6179
2354 66.6123 66.6563
2355 66.6123 66.6123
2356 66.6123 66.6123
2357 66.6123 66.6294
2358 66.6123 66.7015
2359 66.6123 67.0094
2360 66.6123 66.7321
2361 66.6123 66.6123
2362 66.6123 66.6399
2363 66.6123 66.7732
2364 66.6123 66.6137
2365 66.6123 66.6222
2366 66.6123 66.6876
2367 66.6123 66.7113
2368 66.6123 66.7139
2369 66.6123 66.7084
2370 66.6123 66.6276
2371 66.6123 66.6123
2372 66.6123 66.6263
2373 66.6123 66.6724
2374 66.6123 66.7118
2375 66.6123 66.6879
2376 66.6123 66.6557
2377 66.6123 66.6412
2378 66.6123 66.6123
2379 66.6123 66.6141
2380 66.6123 66.6364
2381 66.6123 66.6973
2382 66.6123 66.6123
2383 66.6123 66.6335
2384 66.6123 66.6134
2385 66.6123 66.7092
2386 66.6123 66.8081
2387 66.6123 66.7109
2388 66.6123 66.8735
2389 66.6123 66.816
2390 66.6123 66.6123
2391 66.6123 66.6286
2392 66.6123 66.6123
2393 66.6123 66.6123
2394 66.6123 66.6123
2395 66.6123 66.7465
2396 66.6123 66.8952
2397 66.6123 66.7027
2398 66.6123 66.6944
2399 66.6123 66.6791
2400 66.4952 66.6078
2401 66.4952 66.5512
2402 66.4952 66.5284
2403 66.4952 66.5005
2404 66.4952 66.5569
2405 66.4952 66.5558
2406 66.4952 66.5027
2407 66.4952 66.4952
2408 66.4952 66.4952
2409 66.4952 66.4998
2410 66.4952 66.549
2411 66.4952 66.5206
2412 66.4952 66.6007
2413 66.4952 66.4952
2414 66.4952 66.6131
2415 66.4952 66.5167
2416 66.4952 66.4952
2417 66.4952 66.4952
2418 66.4952 66.4952
2419 66.4952 66.499
2420 66.4952 66.6575
2421 66.4952 66.7193
2422 66.4952 66.5894
2423 66.4952 66.5513
2424 66.4952 66.6942
2425 66.4952 66.5716
2426 66.4952 66.9343
2427 66.4952 66.6216
2428 66.4952 66.8023
2429 66.4952 66.5224
2430 66.4952 66.5639
2431 66.4952 66.5473
2432 66.4952 66.4952
2433 66.4952 66.4952
2434 66.4952 66.4952
2435 66.4952 66.5478
2436 66.4952 66.8188
2437 66.4952 66.5153
2438 66.4952 66.6266
2439 66.4952 66.7341
2440 66.4952 66.5217
2441 66.4952 66.496
2442 66.4952 66.4952
2443 66.4952 66.4952
2444 66.4952 66.4952
2445 66.4952 66.5434
2446 66.4952 66.5486
2447 66.4952 66.4952
2448 66.4952 66.5268
2449 66.4952 66.5811
2450 66.4952 66.5021
2451 66.4952 66.4952
2452 66.4952 66.4984
2453 66.4952 66.4952
2454 66.4952 66.4952
2455 66.4952 66.4952
2456 66.4952 66.4962
2457 66.4952 66.5523
2458 66.4952 66.6087
2459 66.4952 66.6372
2460 66.4952 66.518
2461 66.4952 66.5013
2462 66.4952 66.5212
2463 66.4952 66.5492
2464 66.4952 66.4979
2465 66.4952 66.5071
2466 66.4952 66.541
2467 66.4952 66.5336
2468 66.4952 66.5126
2469 66.4952 66.5758
2470 66.4952 66.5347
2471 66.4952 66.6866
2472 66.4952 66.7186
2473 66.4952 66.4962
2474 66.4952 66.5401
2475 66.4952 66.6267
2476 66.4952 66.7106
2477 66.4952 66.847
2478 66.4952 67.2104
2479 66.4952 66.4952
2480 66.4952 66.5139
2481 66.4952 66.7775
2482 66.4952 66.6104
2483 66.4952 66.5403
2484 66.4952 66.6627
2485 66.4952 66.4954
2486 66.4952 66.4971
2487 66.4952 66.5673
2488 66.4952 66.4952
2489 66.4952 66.4952
2490 66.4952 66.4952
2491 66.4952 66.6754
2492 66.4952 66.7086
2493 66.4952 66.5596
2494 66.4952 66.4952
2495 66.4952 66.4952
2496 66.4952 66.5542
2497 66.4952 66.496
2498 66.4952 66.5555
2499 66.4952 66.5459
2500 66.4952 66.5267
2501 66.4952 66.5797
2502 66.4952 66.6907
2503 66.4952 66.4952
2504 66.4952 66.5284
2505 66.4952 66.5577
2506 66.4952 66.5137
2507 66.4952 66.5414
2508 66.4952 66.4985
2509 66.4952 66.5907
2510 66.4952 66.6111
2511 66.4952 66.5937
2512 66.4952 66.4968
2513 66.4952 66.4952
2514 66.4952 66.4985
2515 66.4952 66.5223
2516 66.4952 66.5173
2517 66.4952 66.4952
2518 66.4952 66.5073
2519 66.4952 66.6683
2520 66.4952 66.7231
2521 66.4952 66.5029
2522 66.4952 66.4973
2523 66.4952 66.6658
2524 66.4952 66.4952
2525 66.4952 66.4952
2526 66.4952 66.4952
2527 66.4952 66.5003
2528 66.4952 66.5291
2529 66.4952 66.5464
2530 66.4952 66.5429
2531 66.4952 66.6325
2532 66.4952 66.6251
2533 66.4952 66.626
2534 66.4952 66.5241
2535 66.4952 66.579
2536 66.4952 66.5979
2537 66.4952 66.53
2538 66.4952 66.5118
2539 66.4952 66.5747
2540 66.4952 66.6222
2541 66.4952 66.5788
2542 66.4952 66.602
2543 66.4952 66.5769
2544 66.4952 66.5361
2545 66.4952 66.4974
2546 66.4952 66.4952
2547 66.4952 66.4952
2548 66.4952 66.5013
2549 66.4952 66.4952
2550 66.4952 66.4952
2551 66.4952 66.5305
2552 66.4952 66.5374
2553 66.4952 66.4952
2554 66.4952 66.5104
2555 66.4952 66.4952
2556 66.4952 66.5293
2557 66.4952 66.5395
2558 66.4952 66.4952
2559 66.4952 66.4952
2560 66.4952 66.4952
2561 66.4952 66.5004
2562 66.4952 66.5043
2563 66.4952 66.518
2564 66.4952 66.5604
2565 66.4952 66.5285
2566 66.4952 66.8511
2567 66.4952 66.538
2568 66.4952 66.5582
2569 66.4952 66.4978
2570 66.4952 66.5645
2571 66.4952 66.5258
2572 66.4952 66.6629
2573 66.4952 66.8463
2574 66.4952 66.5319
2575 66.4952 66.6474
2576 66.4952 66.5642
2577 66.4952 66.7244
2578 66.4952 66.7498
2579 66.4952 66.5136
2580 66.4952 66.5401
2581 66.4952 66.5262
2582 66.4952 66.5826
2583 66.4952 66.539
2584 66.4952 66.5008
2585 66.4952 66.4952
2586 66.4952 66.4959
2587 66.4952 66.5842
2588 66.4952 66.5273
2589 66.4952 66.4952
2590 66.4952 66.611
2591 66.4952 66.6473
2592 66.4952 66.6146
2593 66.4952 66.5778
2594 66.4952 66.6137
2595 66.4952 66.4952
2596 66.4952 66.4952
2597 66.4952 66.5087
2598 66.4952 66.4952
2599 66.4952 66.4952
2600 66.4952 66.5303
2601 66.4952 66.5087
2602 66.4952 66.4952
2603 66.4952 66.4952
2604 66.4952 66.5279
2605 66.4952 66.5023
2606 66.4952 66.4952
2607 66.4952 66.4952
2608 66.4952 66.4952
2609 66.4952 66.4952
2610 66.4952 66.5989
2611 66.4952 66.7266
2612 66.4952 66.5566
2613 66.4952 66.607
2614 66.4952 66.6221
2615 66.4952 66.5466
2616 66.4952 66.5303
2617 66.4952 66.4958
2618 66.4952 66.6152
2619 66.4952 66.5596
2620 66.4952 66.4952
2621 66.4952 66.5169
2622 66.4952 66.4997
2623 66.4952 66.4954
2624 66.4952 66.4973
2625 66.4952 66.4952
2626 66.4952 66.7098
2627 66.4952 66.5173
2628 66.4952 66.6062
2629 66.4952 66.6325
2630 66.4952 66.4952
2631 66.4952 66.5063
2632 66.4952 66.7266
2633 66.4952 66.5114
2634 66.4952 66.5441
2635 66.4952 66.5323
2636 66.4952 66.5109
2637 66.4952 66.4962
2638 66.4952 66.5007
2639 66.4952 66.5032
2640 66.4952 66.5544
2641 66.4952 66.5046
2642 66.4952 66.5043
2643 66.4952 66.4952
2644 66.4952 66.5096
2645 66.4952 66.8468
2646 66.4952 66.5903
2647 66.4952 66.6139
2648 66.4952 66.677
2649 66.4952 66.6739
2650 66.4952 66.6596
2651 66.4952 66.563
2652 66.4952 66.6865
2653 66.4952 66.4952
2654 66.4952 66.5002
2655 66.4952 66.5072
2656 66.4952 66.5015
2657 66.4952 66.4964
2658 66.4952 66.5168
2659 66.4952 66.4952
2660 66.4952 66.7813
2661 66.4952 66.6002
2662 66.4952 66.5994
2663 66.4952 66.5087
2664 66.4952 66.5227
2665 66.4952 66.5328
2666 66.4952 66.6747
2667 66.4952 66.5824
2668 66.4952 66.5317
2669 66.4952 66.5747
2670 66.4952 66.5487
2671 66.4952 66.8375
2672 66.4952 66.7905
2673 66.4952 66.6508
2674 66.4952 66.5451
2675 66.4952 66.4952
2676 66.4952 66.4952
2677 66.4952 66.4995
2678 66.4952 66.4952
2679 66.4952 66.4983
2680 66.4952 66.5131
2681 66.4952 66.4952
2682 66.4952 66.5414
2683 66.4952 66.5095
2684 66.4952 66.4952
2685 66.4952 66.5426
2686 66.4952 66.5273
2687 66.4952 66.5517
2688 66.4952 66.5189
2689 66.4952 66.5098
2690 66.4952 66.4952
2691 66.4952 66.5861
2692 66.4952 66.7659
2693 66.4952 66.6794
2694 66.4952 66.5633
2695 66.4952 66.603
2696 66.4952 66.5518
2697 66.4952 66.5326
2698 66.4952 66.5381
2699 66.4952 66.625
2700 66.4952 66.5351
2701 66.4952 66.501
2702 66.4952 66.5823
2703 66.4952 66.5301
2704 66.4952 67.0661
2705 66.4952 66.7644
2706 66.4952 66.67
2707 66.4952 66.6499
2708 66.4952 66.5999
2709 66.4952 66.5639
2710 66.4952 66.4952
2711 66.4952 66.4965
2712 66.4952 66.496
2713 66.4952 66.5024
2714 66.4952 66.4952
2715 66.4952 66.5334
2716 66.4952 66.5124
2717 66.4952 66.5634
2718 66.4952 66.4952
2719 66.4952 66.4962
2720 66.4952 66.5252
2721 66.4952 66.5967
2722 66.4952 66.6236
2723 66.4952 66.638
2724 66.4952 66.5548
2725 66.4952 66.4978
2726 66.4952 66.4952
2727 66.4952 66.5745
2728 66.4952 66.5068
2729 66.4952 66.5479
2730 66.4952 66.5149
2731 66.4952 66.5361
2732 66.4952 66.7343
2733 66.4952 66.6388
2734 66.4952 66.5142
2735 66.4952 66.5016
2736 66.4952 66.7033
2737 66.4952 66.7833
2738 66.4952 66.4952
2739 66.4952 66.5052
2740 66.4952 66.4952
2741 66.4952 66.5043
2742 66.4952 66.4952
2743 66.4952 66.4952
2744 66.4952 66.5285
2745 66.4952 66.4964
2746 66.4952 66.4952
2747 66.4952 66.4952
2748 66.4952 66.4952
2749 66.4952 66.4952
2750 66.4952 66.4952
2751 66.4952 66.5952
2752 66.4952 66.5515
2753 66.4952 66.5696
2754 66.4952 66.5115
2755 66.4952 66.6111
2756 66.4952 66.5089
2757 66.4952 66.4962
2758 66.4952 66.4952
2759 66.4952 66.4952
2760 66.4952 66.5142
2761 66.4952 66.5463
2762 66.4952 66.5229
2763 66.4952 66.6978
2764 66.4952 66.5518
2765 66.4952 66.5822
2766 66.4952 66.507
2767 66.4952 66.611
2768 66.4952 66.4975
2769 66.4952 66.4952
2770 66.4952 66.4952
2771 66.4952 66.5517
2772 66.4952 66.508
2773 66.4952 66.5017
2774 66.4952 66.5313
2775 66.4952 66.6211
2776 66.4952 66.4952
2777 66.4952 66.4952
2778 66.4952 66.4952
2779 66.4952 66.5212
2780 66.4952 66.5136
2781 66.4952 66.7736
2782 66.4952 66.5554
2783 66.4952 66.5163
2784 66.4952 66.5403
2785 66.4952 66.5101
2786 66.4952 66.541
2787 66.4952 66.5246
2788 66.4952 66.5013
2789 66.4952 66.6087
2790 66.4952 66.5028
2791 66.4952 66.4952
2792 66.4952 66.4952
2793 66.4952 66.4952
2794 66.4952 66.5766
2795 66.4952 66.5016
2796 66.4952 66.5212
2797 66.4952 66.5001
2798 66.4952 66.5635
2799 66.4952 66.4952
2800 65.9145 66.4992
2801 65.9145 66.4198
2802 65.9145 66.3259
2803 65.9145 65.9969
2804 65.9145 65.9314
2805 65.9145 65.9224
2806 65.9145 66.0715
2807 65.9145 65.9273
2808 65.9145 65.9705
2809 65.9145 66.0192
2810 65.9145 65.9145
2811 65.9145 65.9194
2812 65.9145 65.9991
2813 65.9145 65.9714
2814 65.9145 65.9325
2815 65.9145 65.9415
2816 65.9145 65.9145
2817 65.9145 65.9508
2818 65.9145 65.9145
2819 65.9145 65.9238
2820 65.9145 66.0999
2821 65.9145 65.9825
2822 65.9145 65.9305
2823 65.9145 66.1117
2824 65.9145 65.9681
2825 65.9145 66.043
2826 65.9145 66.0861
2827 65.9145 66.0607
2828 65.9145 65.9744
2829 65.9145 65.9411
2830 65.9145 65.9758
2831 65.9145 66.0336
2832 65.9145 66.067
2833 65.9145 65.9311
2834 65.9145 65.9145
2835 65.9145 65.9182
2836 65.9145 66.0429
2837 65.9145 65.9861
2838 65.9145 65.9553
2839 65.9145 65.9145
2840 65.9145 65.9145
2841 65.9145 65.9145
2842 65.9145 65.9145
2843 65.9145 65.9145
2844 65.9145 66.0636
2845 65.9145 66.0543
2846 65.9145 65.9924
2847 65.9145 65.9932
2848 65.9145 66.0067
2849 65.9145 65.9499
2850 65.9145 66.0732
2851 65.9145 66.0422
2852 65.9145 66.0953
2853 65.9145 66.0722
2854 65.9145 65.9198
2855 65.9145 65.9184
2856 65.9145 65.9488
2857 65.9145 66.1357
2858 65.9145 66.0836
2859 65.9145 65.9312
2860 65.9145 65.9324
2861 65.9145 65.9145
2862 65.9145 65.9916
2863 65.9145 66.1588
2864 65.9145 66.1198
2865 65.9145 66.0971
2866 65.9145 65.9878
2867 65.9145 65.9556
2868 65.9145 65.9145
2869 65.9145 65.917
2870 65.9145 66.081
2871 65.9145 66.1994
2872 65.9145 65.9691
2873 65.9145 65.9482
2874 65.9145 65.9566
2875 65.9145 66.0296
2876 65.9145 66.1834
2877 65.9145 66.1377
2878 65.9145 65.9653
2879 65.9145 66.0544
2880 65.9145 66.0186
2881 65.9145 65.9665
2882 65.9145 65.9607
2883 65.9145 66.1835
2884 65.9145 66.324
2885 65.9145 66.0117
2886 65.9145 65.9145
2887 65.9145 65.9173
2888 65.9145 65.9181
2889 65.9145 65.9508
2890 65.9145 65.9329
2891 65.9145 65.9145
2892 65.9145 65.932
2893 65.9145 65.9145
2894 65.9145 66.0845
2895 65.9145 65.9307
2896 65.9145 66.0286
2897 65.9145 65.9149
2898 65.9145 66.0369
2899 65.9145 66.0058
2900 65.9145 65.9145
2901 65.9145 65.9202
2902 65.9145 65.9145
2903 65.9145 65.941
2904 65.9145 65.9145
2905 65.9145 66.0217
2906 65.9145 65.9145
2907 65.9145 65.957
2908 65.9145 65.9293
2909 65.9145 65.9145
2910 65.9145 65.9681
2911 65.9145 65.9219
2912 65.9145 65.994
2913 65.9145 65.9782
2914 65.9145 65.9368
2915 65.9145 65.9441
2916 65.9145 65.9998
2917 65.9145 65.9145
2918 65.9145 65.9155
2919 65.9145 65.9462
2920 65.9145 66.1211
2921 65.9145 66.0087
2922 65.9145 65.9386
2923 65.9145 65.9382
2924 65.9145 65.9933
2925 65.9145 65.9791
2926 65.9145 65.9145
2927 65.9145 65.9145
2928 65.9145 65.9227
2929 65.9145 65.9157
2930 65.9145 65.9946
2931 65.9145 65.9239
2932 65.9145 65.9229
2933 65.9145 65.9145
2934 65.9145 65.9145
2935 65.9145 65.9237
2936 65.9145 65.9169
2937 65.9145 65.9346
2938 65.9145 66.0071
2939 65.9145 66.0674
2940 65.9145 65.9434
2941 65.9145 66.0209
2942 65.9145 66.0049
2943 65.9145 65.9669
2944 65.9145 65.9151
2945 65.9145 65.9712
2946 65.9145 65.9145
2947 65.9145 65.9145
2948 65.9145 65.9145
2949 65.9145 65.9871
2950 65.9145 66.0573
2951 65.9145 66.0833
2952 65.9145 65.9699
2953 65.9145 65.9545
2954 65.9145 65.97
2955 65.9145 65.9613
2956 65.9145 66.0461
2957 65.9145 65.9194
2958 65.9145 65.945
2959 65.9145 66.1006
2960 65.9145 66.1383
2961 65.9145 66.0578
2962 65.9145 65.9464
2963 65.9145 66.0881
2964 65.9145 66.2934
2965 65.9145 66.0112
2966 65.9145 65.9794
2967 65.9145 65.9199
2968 65.9145 65.9176
2969 65.9145 65.9771
2970 65.9145 65.9785
2971 65.9145 65.9145
2972 65.9145 65.9145
2973 65.9145 65.9822
2974 65.9145 65.9647
2975 65.9145 66.0631
2976 65.9145 65.9565
2977 65.9145 65.96
2978 65.9145 65.9507
2979 65.9145 66.031
2980 65.9145 65.9208
2981 65.9145 66.0571
2982 65.9145 66.0103
2983 65.9145 66.1164
2984 65.9145 65.9672
2985 65.9145 65.9373
2986 65.9145 65.9689
2987 65.9145 65.9358
2988 65.9145 65.9145
2989 65.9145 65.9145
2990 65.9145 65.9447
2991 65.9145 66.0945
2992 65.9145 66.0649
2993 65.9145 65.9993
2994 65.9145 66.0093
2995 65.9145 66.1095
2996 65.9145 65.9352
2997 65.9145 65.9145
2998 65.9145 66.1284
2999 65.9145 66.1679
3000 65.9145 65.9542
3001 65.9145 66.0753
3002 65.9145 65.9685
3003 65.9145 65.9409
3004 65.9145 65.9285
3005 65.9145 65.9674
3006 65.9145 66.0159
3007 65.9145 66.0338
3008 65.9145 66.0632
3009 65.9145 65.9145
3010 65.9145 65.9271
3011 65.9145 65.9145
3012 65.9145 65.9793
3013 65.9145 66.0067
3014 65.9145 66.1623
3015 65.9145 65.9565
3016 65.9145 66.108
3017 65.9145 66.0671
3018 65.9145 65.9488
3019 65.9145 65.9921
3020 65.9145 65.9357
3021 65.9145 65.9145
3022 65.9145 65.9235
3023 65.9145 65.9579
3024 65.9145 65.9145
3025 65.9145 65.9145
3026 65.9145 65.9145
3027 65.9145 65.9145
3028 65.9145 66.0019
3029 65.9145 66.0405
3030 65.9145 66.0353
3031 65.9145 65.9874
3032 65.9145 65.977
3033 65.9145 65.9145
3034 65.9145 65.9168
3035 65.9145 65.9717
3036 65.9145 65.9904
3037 65.9145 66.0343
3038 65.9145 65.9444
3039 65.9145 65.9145
3040 65.9145 66.1267
3041 65.9145 65.917
3042 65.9145 65.9145
3043 65.9145 65.9145
3044 65.9145 65.9828
3045 65.9145 65.977
3046 65.9145 65.9625
3047 65.9145 65.9602
3048 65.9145 66.0221
3049 65.9145 65.9813
3050 65.9145 66.2075
3051 65.9145 65.9839
3052 65.9145 66.1171
3053 65.9145 65.9678
3054 65.9145 65.9145
3055 65.9145 65.9145
3056 65.9145 65.9145
3057 65.9145 66.0141
3058 65.9145 65.9145
3059 65.9145 65.9182
3060 65.9145 66.0462
3061 65.9145 65.944
3062 65.9145 65.9195
3063 65.9145 65.9145
3064 65.9145 65.926
3065 65.9145 65.9402
3066 65.9145 65.9145
3067 65.9145 65.9145
3068 65.9145 65.9163
3069 65.9145 65.9417
3070 65.9145 65.9245
3071 65.9145 65.9975
3072 65.9145 65.9145
3073 65.9145 65.9145
3074 65.9145 65.9562
3075 65.9145 65.936
3076 65.9145 65.921
3077 65.9145 65.9334
3078 65.9145 65.9234
3079 65.9145 65.9538
3080 65.9145 65.9894
3081 65.9145 65.9552
3082 65.9145 65.9145
3083 65.9145 65.9145
3084 65.9145 65.9145
3085 65.9145 65.9539
3086 65.9145 65.9145
3087 65.9145 65.9145
3088 65.9145 65.9605
3089 65.9145 65.9145
3090 65.9145 66.1955
3091 65.9145 66.0355
3092 65.9145 65.9285
3093 65.9145 65.9623
3094 65.9145 65.9285
3095 65.9145 66.0282
3096 65.9145 66.1059
3097 65.9145 65.9406
3098 65.9145 66.0145
3099 65.9145 65.927
3100 65.9145 65.9145
3101 65.9145 66.0368
3102 65.9145 65.9422
3103 65.9145 65.9145
3104 65.9145 65.9145
3105 65.9145 65.9232
3106 65.9145 65.944
3107 65.9145 65.9395
3108 65.9145 65.9171
3109 65.9145 66.0265
3110 65.9145 65.9626
3111 65.9145 65.9987
3112 65.9145 66.0634
3113 65.9145 66.0039
3114 65.9145 66.1947
3115 65.9145 66.079
3116 65.9145 66.082
3117 65.9145 65.9238
3118 65.9145 65.9541
3119 65.9145 66.0064
3120 65.9145 65.9145
3121 65.9145 65.9145
3122 65.9145 65.9392
3123 65.9145 66.0915
3124 65.9145 65.9214
3125 65.9145 65.9992
3126 65.9145 66.2753
3127 65.9145 66.1436
3128 65.9145 66.1789
3129 65.9145 65.9145
3130 65.9145 65.9145
3131 65.9145 65.9145
3132 65.9145 66.0091
3133 65.9145 65.978
3134 65.9145 66.166
3135 65.9145 66.0527
3136 65.9145 65.9603
3137 65.9145 66.168
3138 65.9145 65.9475
3139 65.9145 66.1189
3140 65.9145 66.0979
3141 65.9145 66.0263
3142 65.9145 66.1911
3143 65.9145 65.9302
3144 65.9145 66.0761
3145 65.9145 65.9155
3146 65.9145 66.0643
3147 65.9145 65.9623
3148 65.9145 66.0235
3149 65.9145 66.0198
3150 65.9145 66.0032
3151 65.9145 66.0394
3152 65.9145 66.067
3153 65.9145 66.0048
3154 65.9145 66.1877
3155 65.9145 65.9818
3156 65.9145 65.9632
3157 65.9145 65.9796
3158 65.9145 66.2692
3159 65.9145 66.0886
3160 65.9145 65.987
3161 65.9145 66.1482
3162 65.9145 66.0791
3163 65.9145 66.098
3164 65.9145 65.9234
3165 65.9145 65.9145
3166 65.9145 65.9408
3167 65.9145 65.9315
3168 65.9145 65.9674
3169 65.9145 65.9408
3170 65.9145 65.9226
3171 65.9145 65.9841
3172 65.9145 65.938
3173 65.9145 65.9886
3174 65.9145 65.9456
3175 65.9145 65.9589
3176 65.9145 65.9145
3177 65.9145 65.9145
3178 65.9145 65.9376
3179 65.9145 65.9145
3180 65.9145 65.9145
3181 65.9145 66.0274
3182 65.9145 65.9254
3183 65.9145 66.0971
3184 65.9145 65.9292
3185 65.9145 65.9703
3186 65.9145 66.1331
3187 65.9145 65.9567
3188 65.9145 66.0034
3189 65.9145 65.9276
3190 65.9145 65.9696
3191 65.9145 66.1675
3192 65.9145 65.9539
3193 65.9145 66.044
3194 65.9145 65.9432
3195 65.9145 66.0583
3196 65.9145 65.9304
3197 65.9145 65.9551
3198 65.9145 65.9744
3199 65.9145 65.9733
3200 65.9145 65.9663
3201 65.9145 65.9926
3202 65.9145 65.9145
3203 65.9145 65.9145
3204 65.9145 65.9223
3205 65.9145 65.9637
3206 65.9145 66.2559
3207 65.9145 65.9772
3208 65.9145 65.9329
3209 65.9145 65.9162
3210 65.9145 65.9145
3211 65.9145 65.9453
3212 65.9145 65.943
3213 65.9145 65.9159
3214 65.9145 65.9145
3215 65.9145 65.9145
3216 65.9145 66.0266
3217 65.9145 65.9145
3218 65.9145 65.9145
3219 65.9145 65.9145
3220 65.9145 66.0158
3221 65.9145 66.172
3222 65.9145 65.9298
3223 65.9145 65.9145
3224 65.9145 65.9145
3225 65.9145 65.9431
3226 65.9145 65.9302
3227 65.9145 65.9145
3228 65.9145 65.9298
3229 65.9145 65.9145
3230 65.9145 65.9145
3231 65.9145 65.9145
3232 65.9145 65.9233
3233 65.9145 66.1282
3234 65.9145 65.9503
3235 65.9145 66.1048
3236 65.9145 66.1787
3237 65.9145 65.9337
3238 65.9145 65.9145
3239 65.9145 65.9407
3240 65.9145 66.1182
3241 65.9145 66.1224
3242 65.9145 66.1866
3243 65.9145 66.3386
3244 65.9145 66.0143
3245 65.9145 66.266
3246 65.9145 66.1792
3247 65.9145 66.1764
3248 65.9145 66.0092
3249 65.9145 65.9378
3250 65.9145 65.968
3251 65.9145 65.9656
3252 65.9145 65.9154
3253 65.9145 65.9816
3254 65.9145 65.9145
3255 65.9145 65.9145
3256 65.9145 65.9145
3257 65.9145 66.0109
3258 65.9145 65.9654
3259 65.9145 65.9821
3260 65.9145 65.9876
3261 65.9145 65.9927
3262 65.9145 65.9145
3263 65.9145 66.1243
3264 65.9145 65.9145
3265 65.9145 65.9145
3266 65.9145 66.1981
3267 65.9145 65.9145
3268 65.9145 66.0621
3269 65.9145 66.0307
3270 65.9145 65.9513
3271 65.9145 65.9145
3272 65.9145 65.9145
3273 65.9145 65.9145
3274 65.9145 65.9145
3275 65.9145 65.9145
3276 65.9145 65.9145
3277 65.9145 65.9195
3278 65.9145 65.9288
3279 65.9145 65.9145
3280 65.9145 66.0334
3281 65.9145 66.0167
3282 65.9145 65.9145
3283 65.9145 65.9145
3284 65.9145 65.9165
3285 65.9145 65.9192
3286 65.9145 65.9667
3287 65.9145 66.0957
3288 65.9145 65.9145
3289 65.9145 65.957
3290 65.9145 65.9787
3291 65.9145 65.9638
3292 65.9145 65.9404
3293 65.9145 66.0034
3294 65.9145 66.1693
3295 65.9145 66.0222
3296 65.9145 65.9588
3297 65.9145 65.9371
3298 65.9145 65.9854
3299 65.9145 65.9604
3300 65.9145 65.9331
3301 65.9145 66.1755
3302 65.9145 66.2079
3303 65.9145 66.4607
3304 65.9145 65.9802
3305 65.9145 66.1412
3306 65.9145 66.0143
3307 65.9145 65.9326
3308 65.9145 65.9145
3309 65.9145 65.9964
3310 65.9145 66.246
3311 65.9145 66.0959
3312 65.9145 66.1216
3313 65.9145 66.0469
3314 65.9145 65.9482
3315 65.9145 65.9625
3316 65.9145 65.9271
3317 65.9145 65.9487
3318 65.9145 66.244
3319 65.9145 65.9686
3320 65.9145 65.9319
3321 65.9145 65.9151
3322 65.9145 65.9145
3323 65.9145 65.9316
3324 65.9145 65.9241
3325 65.9145 65.9341
3326 65.9145 65.9311
3327 65.9145 65.9537
3328 65.9145 65.9209
3329 65.9145 65.9165
3330 65.9145 65.9735
3331 65.9145 65.9145
3332 65.9145 65.9145
3333 65.9145 65.9145
3334 65.9145 65.9145
3335 65.9145 65.9479
3336 65.9145 65.9815
3337 65.9145 66.0309
3338 65.9145 66.0885
3339 65.9145 65.9838
3340 65.9145 65.9853
3341 65.9145 65.9903
3342 65.9145 65.9421
3343 65.9145 66.0637
3344 65.9145 65.9145
3345 65.9145 65.9485
3346 65.9145 65.9791
3347 65.9145 65.9993
3348 65.9145 66.1495
3349 65.9145 66.0051
3350 65.9145 65.9145
3351 65.9145 65.9623
3352 65.9145 65.9648
3353 65.9145 66.0039
3354 65.9145 65.9431
3355 65.9145 66.1158
3356 65.9145 65.9508
3357 65.9145 66.1097
3358 65.9145 66.0452
3359 65.9145 65.9945
3360 65.9145 65.9192
3361 65.9145 65.9283
3362 65.9145 65.9728
3363 65.9145 65.9145
3364 65.9145 65.9306
3365 65.9145 65.9145
3366 65.9145 65.9212
3367 65.9145 65.9816
3368 65.9145 66.0768
3369 65.9145 65.9432
3370 65.9145 65.916
3371 65.9145 65.9145
3372 65.9145 65.9853
3373 65.9145 66.095
3374 65.9145 66.0784
3375 65.9145 65.9154
3376 65.9145 65.937
3377 65.9145 65.996
3378 65.9145 65.9753
3379 65.9145 65.9149
3380 65.9145 65.9215
3381 65.9145 65.9263
3382 65.9145 65.9145
3383 65.9145 65.9145
3384 65.9145 66.2086
3385 65.9145 66.1466
3386 65.9145 66.0526
3387 65.9145 65.9749
3388 65.9145 65.9145
3389 65.9145 65.9745
3390 65.9145 65.9923
3391 65.9145 65.9488
3392 65.9145 66.0455
3393 65.9145 66.108
3394 65.9145 65.9215
3395 65.9145 66.2343
3396 65.9145 66.0426
3397 65.9145 66.026
3398 65.9145 65.9429
3399 65.9145 65.9269
3400 65.9145 65.9145
3401 65.9145 65.9145
3402 65.9145 65.9145
3403 65.9145 65.9572
3404 65.9145 65.995
3405 65.9145 65.9544
3406 65.9145 65.9811
3407 65.9145 65.9145
3408 65.9145 65.9145
3409 65.9145 65.9321
3410 65.9145 66.0928
3411 65.9145 66.2216
3412 65.9145 66.1848
3413 65.9145 66.0374
3414 65.9145 65.9514
3415 65.9145 66.0001
3416 65.9145 66.0622
3417 65.9145 66.0403
3418 65.9145 66.2077
3419 65.9145 66.0581
3420 65.9145 65.9165
3421 65.9145 65.9145
3422 65.9145 65.9359
3423 65.9145 65.9572
3424 65.9145 65.991
3425 65.9145 66.2009
3426 65.9145 65.9379
3427 65.9145 66.0012
3428 65.9145 65.9908
3429 65.9145 65.9145
3430 65.9145 65.9145
3431 65.9145 65.9172
3432 65.9145 65.9382
3433 65.9145 65.9234
3434 65.9145 65.9917
3435 65.9145 65.9155
3436 65.9145 66.0109
3437 65.9145 65.9929
3438 65.9145 65.9238
3439 65.9145 65.9629
3440 65.9145 65.9678
3441 65.9145 65.9161
3442 65.9145 65.9145
3443 65.9145 65.9145
3444 65.9145 65.9145
3445 65.9145 65.9153
3446 65.9145 66.0071
3447 65.9145 65.9636
3448 65.9145 65.9762
3449 65.9145 65.963
3450 65.9145 66.0876
3451 65.9145 66.093
3452 65.9145 66.279
3453 65.9145 66.1591
3454 65.9145 66.0985
3455 65.9145 65.9216
3456 65.9145 65.9145
3457 65.9145 65.9145
3458 65.9145 65.9145
3459 65.9145 65.9145
3460 65.9145 65.9145
3461 65.9145 65.9656
3462 65.9145 66.0533
3463 65.9145 66.0047
3464 65.9145 66.004
3465 65.9145 66.0656
3466 65.9145 66.1131
3467 65.9145 66.1298
3468 65.9145 66.068
3469 65.9145 66.211
3470 65.9145 66.0368
3471 65.9145 65.9516
3472 65.9145 65.9346
3473 65.9145 65.9275
3474 65.9145 66.0182
3475 65.9145 65.978
3476 65.9145 65.9145
3477 65.9145 65.9959
3478 65.9145 65.9983
3479 65.9145 66.1034
3480 65.9145 66.0141
3481 65.9145 66.1156
3482 65.9145 66.0998
3483 65.9145 66.0592
3484 65.9145 66.0437
3485 65.9145 65.9274
3486 65.9145 66.0431
3487 65.9145 65.9145
3488 65.9145 65.9167
3489 65.9145 65.9596
3490 65.9145 65.9732
3491 65.9145 65.9328
3492 65.9145 66.2189
3493 65.9145 65.9145
3494 65.9145 65.9696
3495 65.9145 65.9966
3496 65.9145 65.9145
3497 65.9145 65.9145
3498 65.9145 65.9145
3499 65.9145 65.9145
3500 65.9145 65.9454
3501 65.9145 65.9703
3502 65.9145 65.9322
3503 65.9145 65.9575
3504 65.9145 65.9479
3505 65.9145 65.9673
3506 65.9145 65.9789
3507 65.9145 66.0549
3508 65.9145 66.0602
3509 65.9145 66.0611
3510 65.9145 65.9828
3511 65.9145 65.9604
3512 65.9145 65.9573
3513 65.9145 66.0944
3514 65.9145 66.0537
3515 65.9145 65.9333
3516 65.9145 65.9682
3517 65.9145 65.9856
3518 65.9145 65.9252
3519 65.9145 65.921
3520 65.9145 65.9145
3521 65.9145 65.9145
3522 65.9145 65.9145
3523 65.9145 65.9145
3524 65.9145 65.9145
3525 65.9145 65.9145
3526 65.9145 65.9145
3527 65.9145 66.0034
3528 65.9145 65.9408
3529 65.9145 65.9417
3530 65.9145 66.0804
3531 65.9145 66.0486
3532 65.9145 66.1206
3533 65.9145 66.1114
3534 65.9145 65.9708
3535 65.9145 66.1074
3536 65.9145 66.1783
3537 65.9145 65.9643
3538 65.9145 66.0794
3539 65.9145 65.9145
3540 65.9145 65.9145
3541 65.9145 65.9145
3542 65.9145 65.9391
3543 65.9145 65.9244
3544 65.9145 65.9492
3545 65.9145 65.9463
3546 65.9145 65.9145
3547 65.9145 65.9145
3548 65.9145 65.9145
3549 65.9145 65.9216
3550 65.9145 65.9145
3551 65.9145 66.0094
3552 65.9145 65.9419
3553 65.9145 65.9204
3554 65.9145 65.9145
3555 65.9145 65.9359
3556 65.9145 65.9249
3557 65.9145 65.9145
3558 65.9145 65.921
3559 65.9145 65.94
3560 65.9145 65.9145
3561 65.9145 65.9147
3562 65.9145 65.9145
3563 65.9145 65.9156
3564 65.9145 66.0324
3565 65.9145 66.0172
3566 65.9145 65.9546
3567 65.9145 66.0051
3568 65.9145 66.1836
3569 65.9145 66.1416
3570 65.9145 66.0446
3571 65.9145 65.9408
3572 65.9145 65.9667
3573 65.9145 66.0451
3574 65.9145 66.2725
3575 65.9145 66.2464
3576 65.9145 66.0153
3577 65.9145 66.0412
3578 65.9145 66.034
3579 65.9145 65.9613
3580 65.9145 65.9688
3581 65.9145 65.9477
3582 65.9145 65.935
3583 65.9145 66.0987
3584 65.9145 66.3613
3585 65.9145 66.134
3586 65.9145 66.0564
3587 65.9145 66.091
3588 65.9145 65.9452
3589 65.9145 65.9467
3590 65.9145 65.9162
3591 65.9145 65.9414
3592 65.9145 65.9629
3593 65.9145 66.1539
3594 65.9145 66.1286
3595 65.9145 65.952
3596 65.9145 65.9266
3597 65.9145 65.9925
3598 65.9145 65.9763
3599 65.9145 66.0163
3600 65.9145 65.9201
3601 65.9145 65.9223
3602 65.9145 65.9381
3603 65.9145 66.0312
3604 65.9145 66.0295
3605 65.9145 65.9755
3606 65.9145 66.0076
3607 65.9145 66.0999
3608 65.9145 65.9145
3609 65.9145 66.1138
3610 65.9145 66.0184
3611 65.9145 65.9785
3612 65.9145 65.9914
3613 65.9145 66.081
3614 65.9145 66.0035
3615 65.9145 65.9831
3616 65.9145 65.9196
3617 65.9145 65.9145
3618 65.9145 65.9206
3619 65.9145 65.9156
3620 65.9145 66.1175
3621 65.9145 66.2184
3622 65.9145 66.0591
3623 65.9145 65.9145
3624 65.9145 65.9145
3625 65.9145 65.9145
3626 65.9145 65.9145
3627 65.9145 66.0076
3628 65.9145 65.9348
3629 65.9145 65.9943
3630 65.9145 65.935
3631 65.9145 65.9257
3632 65.9145 65.9145
3633 65.9145 65.9789
3634 65.9145 65.9156
3635 65.9145 65.9267
3636 65.9145 65.958
3637 65.9145 65.9145
3638 65.9145 65.9164
3639 65.9145 65.9423
3640 65.9145 65.9667
3641 65.9145 65.9347
3642 65.9145 65.9709
3643 65.9145 65.9145
3644 65.9145 65.9632
3645 65.9145 66.1735
3646 65.9145 66.2059
3647 65.9145 65.9306
3648 65.9145 65.926
3649 65.9145 65.9857
3650 65.9145 65.9714
3651 65.9145 65.9145
3652 65.9145 65.9657
3653 65.9145 65.9145
3654 65.9145 65.9412
3655 65.9145 65.9836
3656 65.9145 66.0854
3657 65.9145 65.9395
3658 65.9145 65.9263
3659 65.9145 66.208
3660 65.9145 65.9695
3661 65.9145 65.9145
3662 65.9145 65.9145
3663 65.9145 65.9145
3664 65.9145 65.9292
3665 65.9145 65.9145
3666 65.9145 65.9282
3667 65.9145 66.0263
3668 65.9145 66.1385
3669 65.9145 66.1216
3670 65.9145 65.9992
3671 65.9145 65.9838
3672 65.9145 65.9145
3673 65.9145 65.9512
3674 65.9145 66.0494
3675 65.9145 65.963
3676 65.9145 66.1373
3677 65.9145 65.9943
3678 65.9145 66.076
3679 65.9145 66.016
3680 65.9145 66.2316
3681 65.9145 66.0451
3682 65.9145 65.9311
3683 65.9145 66.0568
3684 65.9145 65.932
3685 65.9145 66.1902
3686 65.9145 66.1664
3687 65.9145 65.938
3688 65.9145 65.9145
3689 65.9145 65.9671
3690 65.9145 65.9159
3691 65.9145 65.9255
3692 65.9145 65.9145
3693 65.9145 65.9145
3694 65.9145 65.9328
3695 65.9145 65.9298
3696 65.9145 65.9565
3697 65.9145 65.9145
3698 65.9145 66.0243
3699 65.9145 66.0645
3700 65.9145 65.9333
3701 65.9145 66.1455
3702 65.9145 66.2092
3703 65.9145 66.0695
3704 65.9145 65.9373
3705 65.9145 65.9145
3706 65.9145 65.9145
3707 65.9145 65.9147
3708 65.9145 65.9145
3709 65.9145 66.0035
3710 65.9145 65.9735
3711 65.9145 66.0459
3712 65.9145 65.9237
3713 65.9145 65.9576
3714 65.9145 65.9703
3715 65.9145 66.1932
3716 65.9145 66.2057
3717 65.9145 66.1932
3718 65.9145 65.9213
3719 65.9145 66.0941
3720 65.9145 65.9489
3721 65.9145 65.9627
3722 65.9145 65.958
3723 65.9145 65.9288
3724 65.9145 66.0432
3725 65.9145 66.0566
3726 65.9145 65.9184
3727 65.9145 65.95
3728 65.9145 66.0272
3729 65.9145 66.014
3730 65.9145 65.934
3731 65.9145 65.9219
3732 65.9145 65.9169
3733 65.9145 65.9167
3734 65.9145 65.9426
3735 65.9145 65.9643
3736 65.9145 65.9145
3737 65.9145 65.9751
3738 65.9145 65.9788
3739 65.9145 65.9176
3740 65.9145 66.0159
3741 65.9145 65.9457
3742 65.9145 65.9145
3743 65.9145 65.9474
3744 65.9145 65.9162
3745 65.9145 65.9297
3746 65.9145 66.0154
3747 65.9145 65.9634
3748 65.9145 65.9561
3749 65.9145 65.9568
3750 65.9145 65.9656
3751 65.9145 65.9145
3752 65.9145 65.9145
3753 65.9145 65.9145
3754 65.9145 65.9184
3755 65.9145 65.9398
3756 65.9145 65.9145
3757 65.9145 65.9697
3758 65.9145 65.9767
3759 65.9145 66.1235
3760 65.9145 66.3868
3761 65.9145 65.9381
3762 65.9145 65.9145
3763 65.9145 65.9378
3764 65.9145 65.9182
3765 65.9145 66.1233
3766 65.9145 65.9662
3767 65.9145 65.9145
3768 65.9145 65.9399
3769 65.9145 65.9269
3770 65.9145 66.072
3771 65.9145 66.0606
3772 65.9145 65.9145
3773 65.9145 65.9432
3774 65.9145 65.9161
3775 65.9145 65.9504
3776 65.9145 65.9174
3777 65.9145 65.9185
3778 65.9145 65.9145
3779 65.9145 65.9145
3780 65.9145 65.9548
3781 65.9145 66.0008
3782 65.9145 65.9328
3783 65.9145 65.9145
3784 65.9145 65.9969
3785 65.9145 65.9403
3786 65.9145 65.9145
3787 65.9145 65.9145
3788 65.9145 65.9361
3789 65.9145 66.0371
3790 65.9145 65.9821
3791 65.9145 65.9229
3792 65.9145 65.934
3793 65.9145 65.9157
3794 65.9145 66.0015
3795 65.9145 66.0445
3796 65.9145 65.9743
3797 65.9145 66.0279
3798 65.9145 66.2008
3799 65.9145 66.1072
3800 65.9145 65.9386
3801 65.9145 65.9172
3802 65.9145 65.9188
3803 65.9145 65.9145
3804 65.9145 66.1375
3805 65.9145 66.0321
3806 65.9145 66.1142
3807 65.9145 65.9894
3808 65.9145 66.0564
3809 65.9145 65.9679
3810 65.9145 66.0136
3811 65.9145 65.9155
3812 65.9145 65.9145
3813 65.9145 65.9381
3814 65.9145 66.0718
3815 65.9145 65.9145
3816 65.9145 65.9181
3817 65.9145 65.9145
3818 65.9145 66.0177
3819 65.9145 65.9145
3820 65.9145 65.9145
3821 65.9145 65.9206
3822 65.9145 66.016
3823 65.9145 65.9213
3824 65.9145 66.1057
3825 65.9145 65.9152
3826 65.9145 65.9894
3827 65.9145 65.9177
3828 65.9145 65.9145
3829 65.9145 65.994
3830 65.9145 66.1254
3831 65.9145 65.9927
3832 65.9145 66.0084
3833 65.9145 66.0983
3834 65.9145 66.2218
3835 65.9145 65.9145
3836 65.9145 65.9145
3837 65.9145 65.9828
3838 65.9145 65.9145
3839 65.9145 65.9145
3840 65.9145 65.9145
3841 65.9145 65.9166
3842 65.9145 66.0099
3843 65.9145 65.9929
3844 65.9145 66.1069
3845 65.9145 66.0835
3846 65.9145 65.9145
3847 65.9145 65.9145
3848 65.9145 65.9145
3849 65.9145 65.9145
3850 65.9145 65.9387
3851 65.9145 66.0657
3852 65.9145 65.9408
3853 65.9145 65.9752
3854 65.9145 66.0169
3855 65.9145 66.1068
3856 65.9145 65.936
3857 65.9145 65.9295
3858 65.9145 65.9294
3859 65.9145 66.0301
3860 65.9145 65.9806
3861 65.9145 66.0676
3862 65.9145 66.0197
3863 65.9145 65.9907
3864 65.9145 66.2057
3865 65.9145 66.2764
3866 65.9145 65.99
3867 65.9145 66.0959
3868 65.9145 65.9458
3869 65.9145 66.0541
3870 65.9145 65.9237
3871 65.9145 66.046
3872 65.9145 66.0976
3873 65.9145 65.9145
3874 65.9145 65.9145
3875 65.9145 65.9145
3876 65.9145 65.9284
3877 65.9145 65.9229
3878 65.9145 65.9454
3879 65.9145 65.9578
3880 65.9145 65.9156
3881 65.9145 65.9466
3882 65.9145 65.9912
3883 65.9145 65.9572
3884 65.9145 65.9176
3885 65.9145 65.9374
3886 65.9145 65.9145
3887 65.9145 65.9145
3888 65.9145 65.9244
3889 65.9145 65.9371
3890 65.9145 66.0081
3891 65.9145 65.9145
3892 65.9145 65.9145
3893 65.9145 65.931
3894 65.9145 66.0013
3895 65.9145 65.9461
3896 65.9145 65.9145
3897 65.9145 65.9153
3898 65.9145 65.9309
3899 65.9145 65.9298
3900 65.9145 66.0804
3901 65.9145 65.9431
3902 65.9145 65.9383
3903 65.9145 66.1563
3904 65.9145 65.9285
3905 65.9145 65.9145
3906 65.9145 66.1206
3907 65.9145 65.9786
3908 65.9145 65.9617
3909 65.9145 65.9145
3910 65.9145 66.0259
3911 65.9145 65.9145
3912 65.9145 65.9229
3913 65.9145 65.9158
3914 65.9145 65.922
3915 65.9145 65.9888
3916 65.9145 65.9197
3917 65.9145 66.0035
3918 65.9145 66.1267
3919 65.9145 65.966
3920 65.9145 65.9853
3921 65.9145 65.9301
3922 65.9145 65.9295
3923 65.9145 66.1589
3924 65.9145 65.9605
3925 65.9145 65.9426
3926 65.9145 65.9159
3927 65.9145 65.9183
3928 65.9145 65.9897
3929 65.9145 66.0781
3930 65.9145 65.9294
3931 65.9145 65.9867
3932 65.9145 65.916
3933 65.9145 65.9984
3934 65.9145 65.9206
3935 65.9145 65.9151
3936 65.9145 65.9184
3937 65.9145 65.9145
3938 65.9145 65.9734
3939 65.9145 65.9145
3940 65.9145 65.9984
3941 65.9145 66.0807
3942 65.9145 66.1588
3943 65.9145 66.1006
3944 65.9145 66.0211
3945 65.9145 65.9268
3946 65.9145 65.9145
3947 65.9145 65.9531
3948 65.9145 66.1252
3949 65.9145 66.0433
3950 65.9145 65.9159
3951 65.9145 65.9821
3952 65.9145 66.049
3953 65.9145 65.923
3954 65.9145 65.9235
3955 65.9145 65.9145
3956 65.9145 65.924
3957 65.9145 65.9145
3958 65.9145 65.9145
3959 65.9145 65.9171
3960 65.9145 65.9899
3961 65.9145 65.9537
3962 65.9145 65.9145
3963 65.9145 65.9557
3964 65.9145 65.922
3965 65.9145 65.9455
3966 65.9145 65.9959
3967 65.9145 65.9145
3968 65.9145 65.9145
3969 65.9145 65.9145
3970 65.9145 65.9471
3971 65.9145 66.2106
3972 65.9145 65.9828
3973 65.9145 65.9152
3974 65.9145 65.9941
3975 65.9145 65.9879
3976 65.9145 65.9508
3977 65.9145 65.9145
3978 65.9145 65.9157
3979 65.9145 65.9421
3980 65.9145 65.9522
3981 65.9145 65.9489
3982 65.9145 65.9941
3983 65.9145 65.9828
3984 65.9145 66.0733
3985 65.9145 66.0788
3986 65.9145 65.9556
3987 65.9145 65.9145
3988 65.9145 65.9145
3989 65.9145 65.9145
3990 65.9145 65.9173
3991 65.9145 65.9145
3992 65.9145 66.0541
3993 65.9145 66.3492
3994 65.9145 65.9803
3995 65.9145 66.0114
3996 65.9145 66.0331
3997 65.9145 66.0769
3998 65.9145 65.9813
3999 65.9145 66.1345
