0 419.923 464.249
1 414.837 445.057
2 399.962 429.037
3 386.251 413.721
4 378.264 402.203
5 367.355 389.739
6 355.302 379.172
7 346.858 366.812
8 332.362 355.722
9 324.617 344.451
10 312.551 334.34
11 308.053 325.108
12 302.265 316.624
13 300.229 309.801
14 295.628 305.311
15 290.795 300.825
16 288.151 296.693
17 284.195 292.393
18 282.224 289.289
19 278.238 286.56
20 277.714 283.793
21 275.142 281.203
22 273.386 277.964
23 269.678 275.879
24 264.764 273.369
25 258.397 269.955
26 253.38 265.257
27 249.207 260.082
28 246.655 255.657
29 238.927 251.758
30 237.768 245.81
31 235.92 241.883
32 233.574 238.423
33 232.416 236.966
34 226.925 234.919
35 223.493 232.655
36 217.892 228.35
37 215.207 223.631
38 213.709 219.842
39 211.52 217.785
40 209.122 215.428
41 207.941 214.114
42 204.949 211.292
43 200.456 208.902
44 199.621 205.661
45 194.778 202.741
46 191.378 199.891
47 191.378 197.105
48 188.841 194.363
49 183.553 192.404
50 161.074 187.749
51 160.074 176.823
52 158.352 166.591
53 155.803 162.419
54 155.51 160.406
55 154.177 158.843
56 153.615 157.169
57 152.977 155.563
58 152.043 154.459
59 149.532 153.515
60 149.141 152.696
61 148.049 151.793
62 147.213 150.184
63 145.73 149.287
64 142.516 147.74
65 142.516 146.523
66 142.308 145.66
67 141.045 143.822
68 140.538 142.884
69 139.818 142.063
70 138.857 141.164
71 138.262 140.291
72 137.448 139.475
73 136.652 138.939
74 136.057 138.397
75 135.278 137.285
76 132.792 136.508
77 132.518 135.437
78 131.148 134.142
79 130.445 133.216
80 129.255 132.186
81 128.661 130.971
82 128.49 130.094
83 127.847 129.163
84 127.762 128.787
85 127.077 128.859
86 123.718 128.282
87 123.718 127.216
88 123.718 126.418
89 121.919 125.128
90 121.919 124.228
91 121.822 123.246
92 121.205 122.603
93 121.033 121.948
94 121.033 121.58
95 120.153 121.529
96 119.372 121.272
97 118.492 120.523
98 118.492 119.716
99 117.693 118.997
100 117.693 118.625
101 116.909 118.418
102 115.763 117.804
103 115.342 117.513
104 115.342 116.735
105 115.201 116.078
106 114.444 115.623
107 114.444 115.27
108 114 114.958
109 113.244 114.569
110 111.649 114.334
111 110.892 113.882
112 110.752 112.644
113 110.342 111.775
114 109.749 111.336
115 108.937 111.198
116 108.491 110.771
117 107.271 110.072
118 106.507 109.031
119 106.367 108.013
120 106.194 107.032
121 105.987 107.01
122 105.327 107.115
123 105.154 107.381
124 104.946 107.289
125 104.257 107.025
126 103.697 107.389
127 103.697 106.726
128 103.002 105.199
129 103.002 104.604
130 103.002 103.719
131 102.682 103.245
132 102.538 103.098
133 102.196 102.951
134 102.052 102.771
135 101.354 102.543
136 100.944 102.282
137 100.944 101.837
138 100.641 101.376
139 100.457 101.077
140 99.7059 100.817
141 99.7059 100.535
142 99.6789 100.217
143 99.472 99.9981
144 99.472 99.7227
145 98.4455 99.7349
146 98.375 99.4034
147 98.1681 98.9124
148 98.017 98.6798
149 98.017 98.3797
150 93.5805 98.958
151 93.5805 99.0147
152 93.287 99.1483
153 92.7487 97.0649
154 92.637 94.4748
155 92.0987 93.7607
156 92.0987 93.1241
157 91.9972 92.4216
158 91.8012 92.1999
159 91.6893 92.3834
160 91.3918 92.0427
161 91.3918 91.9818
162 91.3918 91.7593
163 91.0277 91.5305
164 90.7302 91.6248
165 90.7302 91.2976
166 90.1863 90.9278
167 89.9571 91.0057
168 89.8723 91.761
169 89.594 91.407
170 89.2799 90.5995
171 89.2799 90.1364
172 89.2799 89.4279
173 89.2799 89.3379
174 87.7652 89.297
175 87.1552 89.049
176 87.1552 88.4768
177 87.1552 87.8692
178 86.6522 87.3877
179 86.6522 87.4282
180 86.6522 86.9621
181 86.6522 86.758
182 86.6522 86.8058
183 86.0074 86.6997
184 86.0074 86.6293
185 85.3614 86.3311
186 85.3614 86.4885
187 85.0933 86.7488
188 85.0933 86.3287
189 85.0933 86.4496
190 85.0933 86.0902
191 85.0256 85.8773
192 84.6381 85.3378
193 84.6381 85.5577
194 84.6381 85.7231
195 84.6381 84.8547
196 84.3317 84.9681
197 83.9442 84.6566
198 83.9442 84.6215
199 83.9442 84.3321
200 81.767 84.5081
201 81.767 85.647
202 81.6949 84.3212
203 79.4552 82.2634
204 79.1315 81.7727
205 78.47 81.0893
206 77.7142 79.8967
207 77.6421 78.8093
208 77.4026 78.6875
209 77.4026 77.8865
210 77.4026 77.8326
211 76.9932 77.4675
212 76.9932 77.3412
213 76.7517 77.1825
214 76.7517 77.1543
215 76.7517 77.3795
216 76.7517 77.3158
217 76.6887 76.9053
218 76.6887 76.9259
219 76.6887 76.9899
220 76.6887 76.7032
221 76.6887 76.8821
222 76.6529 76.6886
223 76.5645 76.9408
224 76.5287 77.2544
225 76.5287 77.8035
226 76.5287 77.2816
227 76.5287 76.6423
228 76.5287 76.7653
229 76.5287 76.5823
230 76.483 76.5929
231 76.483 76.5737
232 76.483 76.9326
233 76.483 76.7188
234 76.1281 76.7921
235 76.1281 76.4817
236 75.8246 76.3734
237 75.8246 76.2452
238 75.8246 76.0141
239 75.8246 76
240 75.8246 75.8616
241 75.8246 75.8289
242 75.8246 75.8246
243 75.8246 75.8466
244 75.5976 75.966
245 75.5976 75.8347
246 75.5976 75.7186
247 75.5976 75.7183
248 75.5976 75.8566
249 75.5976 75.8362
250 75.5678 75.6299
251 75.5678 75.6998
252 75.1934 75.5812
253 75.1934 75.5233
254 75.1934 75.3781
255 75.1934 75.2652
256 75.1911 75.3389
257 75.0305 75.2841
258 75.0305 75.2918
259 75.0305 75.3147
260 75.0305 75.1588
261 75.0305 75.036
262 73.9323 75.1427
263 73.9323 75.4213
264 73.9323 75.5294
265 73.9323 75.1895
266 73.9323 74.8362
267 73.5072 74.1669
268 73.5072 74.038
269 73.2584 73.8117
270 73.2584 73.579
271 73.2584 73.502
272 73.2584 73.331
273 73.2584 73.2888
274 73.2584 73.3035
275 73.2584 73.2925
276 73.2584 73.3491
277 73.2584 73.6491
278 73.2584 73.3639
279 73.2584 73.3018
280 73.2584 73.3562
281 73.2584 73.3217
282 73.2584 73.2916
283 73.2584 73.2836
284 73.1558 73.2584
285 73.1558 73.3673
286 73.1558 74.0643
287 73.1558 73.6751
288 73.1558 73.4053
289 73.1175 73.1655
290 72.8572 73.3599
291 72.1676 73.2547
292 72.1676 72.9948
293 72.1676 72.5458
294 72.1676 72.438
295 72.1676 72.2165
296 72.0235 72.1768
297 72.0235 72.1679
298 72.0235 72.0893
299 72.0235 72.0535
300 72.0235 72.1063
301 72.0235 72.1431
302 72.0235 72.0537
303 72.0235 72.1203
304 72.0235 72.1361
305 72.0235 72.0346
306 72.0235 72.054
307 72.0235 72.0608
308 72.0235 72.0389
309 72.0235 72.0701
310 72.0235 72.1849
311 72.0235 72.0235
312 72.0235 72.0401
313 72.0235 72.0272
314 72.0235 72.0285
315 72.0235 72.2342
316 72.0235 72.0235
317 72.0235 72.034
318 72.0235 72.1258
319 72.0235 72.0394
320 72.0235 72.0235
321 72.0235 72.0235
322 72.0235 72.0269
323 72.0235 72.0434
324 72.0235 72.0566
325 72.0235 72.0235
326 72.0235 72.0274
327 72.0235 72.0563
328 72.0235 72.1953
329 72.0235 72.1117
330 72.0235 72.0714
331 72.0235 72.0723
332 72.0235 72.0342
333 72.0235 72.0377
334 72.0235 72.0235
335 72.0235 72.1244
336 72.0235 72.0985
337 72.0235 72.0383
338 72.0235 72.0787
339 72.0235 72.1955
340 72.0235 72.0979
341 72.0235 72.0902
342 72.0235 72.0256
343 72.0235 72.0272
344 72.0235 72.0235
345 72.0235 72.0552
346 72.0235 72.0337
347 72.0235 72.1534
348 72.0235 72.1203
349 72.0235 72.162
350 70.8239 73.0425
351 70.8239 75.2296
352 70.8239 74.5023
353 70.8239 72.5767
354 70.8239 71.5801
355 70.8239 70.848
356 70.8239 70.8913
357 70.8239 70.8775
358 70.8239 70.8736
359 70.8239 70.8252
360 70.8239 70.9784
361 70.8239 70.9624
362 70.8239 70.909
363 70.8239 70.8239
364 70.8239 70.8318
365 70.6208 70.8642
366 70.6208 70.7974
367 70.6208 70.9036
368 70.6208 70.908
369 70.6208 70.7334
370 70.6208 70.7828
371 70.6208 70.8363
372 70.6208 70.7214
373 70.5837 70.7372
374 70.3518 70.6927
375 70.3518 70.9977
376 70.3518 70.7005
377 70.3518 70.4447
378 70.3518 70.4412
379 70.3518 70.3667
380 70.3518 70.3977
381 70.3518 70.3895
382 70.3518 70.3518
383 70.3518 70.3518
384 70.3518 70.3591
385 70.3518 70.3518
386 70.3518 70.3636
387 70.3518 70.4156
388 70.3518 70.5262
389 70.3518 70.3759
390 70.242 70.4425
391 70.242 70.3601
392 70.242 70.2906
393 70.0226 70.257
394 70.0226 70.227
395 70.0226 70.2448
396 70.0226 70.4195
397 70.0226 70.1008
398 70.0226 70.1625
399 70.0226 70.0889
400 70.0226 70.1024
401 70.0226 70.2605
402 70.0226 70.2098
403 70.0226 70.0327
404 70.0226 70.1073
405 70.0226 70.163
406 70.0226 70.1302
407 70.0226 70.0374
408 70.0226 70.0747
409 70.0226 70.0226
410 70.0226 70.0395
411 70.0226 70.0676
412 70.0226 70.0513
413 70.0226 70.0226
414 70.0226 70.0226
415 70.0226 70.0226
416 70.0226 70.2347
417 70.0226 70.067
418 70.0226 70.053
419 70.0226 70.0425
420 70.0226 70.0494
421 70.0226 70.0228
422 70.0226 70.1463
423 70.0226 70.0719
424 70.0226 70.1269
425 70.0226 70.1769
426 70.0226 70.2094
427 70.0226 70.0447
428 70.0226 70.0996
429 70.0226 70.0226
430 70.0226 70.0226
431 69.7545 70.0603
432 69.7545 70.0937
433 69.7545 69.8793
434 69.7545 69.9191
435 69.7545 69.9306
436 69.7545 69.7769
437 69.7545 69.777
438 69.7545 69.9336
439 69.7545 69.8376
440 69.6915 70.0544
441 69.6915 69.9496
442 69.6915 69.773
443 69.6915 69.705
444 69.6915 69.796
445 69.6915 69.7526
446 69.6915 69.8729
447 69.6915 69.7515
448 69.6915 69.8029
449 69.6915 69.6962
450 69.6915 69.6916
451 69.6915 69.7446
452 69.6915 69.7784
453 69.6915 69.9571
454 69.6915 70.469
455 69.6915 69.8229
456 69.6915 69.7891
457 69.6915 69.87
458 69.6915 69.7728
459 69.6915 69.6915
460 69.6915 69.6915
461 69.6915 69.7749
462 69.6915 69.9278
463 69.6915 70.0354
464 69.6915 69.8076
465 69.6915 69.8954
466 69.6915 69.8168
467 69.6915 70.0764
468 69.6915 69.8166
469 69.6915 69.6975
470 69.6915 69.7511
471 69.6915 69.723
472 69.6915 70.0528
473 69.6915 69.7718
474 69.6915 69.7354
475 69.6915 69.7407
476 69.6915 69.7562
477 69.6915 69.8483
478 69.6915 69.7674
479 69.6915 69.708
480 69.6915 69.8196
481 69.6915 69.8869
482 69.6915 69.8417
483 69.6915 69.7372
484 69.6915 69.979
485 69.6915 69.9158
486 69.6915 69.7456
487 69.6915 69.8079
488 69.6915 69.8633
489 69.6915 69.7503
490 69.6915 69.7271
491 69.6915 69.701
492 69.6915 69.7096
493 69.6915 69.7476
494 69.6915 69.7448
495 69.6915 70.0713
496 69.6915 69.963
497 69.6915 69.8856
498 69.6915 70.0696
499 69.6915 69.9452
500 69.6915 69.8889
501 69.6915 70.0397
502 69.6915 69.9295
503 69.6915 69.8038
504 69.6915 69.858
505 69.6915 69.7392
506 69.6915 69.796
507 69.6915 69.7708
508 69.6915 69.9347
509 69.6915 69.8324
510 69.6915 69.9544
511 69.6915 69.7224
512 69.6915 69.7183
513 69.6915 69.6957
514 69.6915 69.6915
515 69.6915 69.6915
516 69.6915 69.6931
517 69.6915 69.6962
518 69.6915 69.6915
519 69.6915 69.7044
520 69.6915 69.6915
521 69.6915 69.7477
522 69.6915 69.7883
523 69.6915 69.99
524 69.6915 69.7954
525 69.6915 69.8038
526 69.6915 69.6915
527 69.6915 69.7684
528 69.6915 70.1102
529 69.6915 69.9046
530 69.6915 69.9363
531 69.6915 69.7792
532 69.6915 69.8022
533 69.6915 70.0173
534 69.6915 69.8137
535 69.6915 69.7387
536 69.6915 69.7576
537 69.6915 69.6941
538 69.6915 69.7784
539 69.6915 69.7489
540 69.6915 69.708
541 69.6915 69.6923
542 69.6915 69.7374
543 69.6915 69.6915
544 69.6915 69.6915
545 69.6915 69.7357
546 69.6915 69.7075
547 69.6915 69.8148
548 69.6915 69.8055
549 69.6915 69.7314
550 69.5286 69.8492
551 69.5286 70.0757
552 69.5286 70.4125
553 69.5286 69.7804
554 69.5286 69.6253
555 69.5286 69.5339
556 69.5286 69.6192
557 69.5286 69.534
558 69.5286 69.534
559 69.5286 69.5731
560 69.5286 69.7724
561 69.5286 69.5776
562 69.5286 69.5997
563 69.5286 69.6506
564 69.5286 69.5386
565 69.5286 69.5959
566 69.5286 69.5856
567 69.5286 69.6721
568 69.5286 69.8093
569 69.5286 69.7535
570 69.5286 69.5466
571 69.5286 69.5286
572 69.5286 69.5473
573 69.5286 69.5697
574 69.5286 69.6079
575 69.5286 69.5286
576 69.5286 69.5571
577 69.5286 69.5944
578 69.5286 69.575
579 69.5286 69.5458
580 69.5286 69.5525
581 69.5286 69.5286
582 69.5286 69.5893
583 69.5286 69.5286
584 69.5286 69.5286
585 69.5286 69.5286
586 69.5286 69.5286
587 69.5286 69.5327
588 69.5286 69.6153
589 69.5286 69.5372
590 69.5286 69.956
591 69.5286 69.6603
592 69.5286 69.5314
593 69.5286 69.5653
594 69.5286 69.5525
595 69.5286 69.5328
596 69.5286 69.6785
597 69.5286 69.8585
598 69.5286 69.572
599 69.5286 69.606
600 69.451 69.7893
601 69.451 70.2311
602 69.451 70.5106
603 69.451 70.0672
604 69.451 69.6109
605 69.451 69.5079
606 69.451 69.6706
607 69.451 69.632
608 69.451 69.5786
609 69.451 69.546
610 69.451 69.479
611 69.451 69.451
612 69.451 69.5035
613 69.451 69.4765
614 69.451 69.5947
615 69.451 69.5492
616 69.4059 69.5152
617 69.4059 69.4439
618 69.4059 69.5145
619 69.4059 69.4254
620 69.4059 69.4086
621 69.4059 69.4077
622 69.4059 69.4712
623 69.4059 69.4433
624 69.4059 69.4059
625 69.4059 69.437
626 69.4059 69.4059
627 69.4059 69.4059
628 69.4059 69.4072
629 69.4059 69.4826
630 69.4059 69.4888
631 69.4059 69.4521
632 69.4059 69.4594
633 69.4059 69.4574
634 69.4059 69.6669
635 69.4059 69.4188
636 69.4059 69.4096
637 69.4059 69.415
638 69.4059 69.4271
639 69.4059 69.5546
640 69.4059 69.4819
641 69.4059 69.5724
642 69.4059 69.5372
643 69.4059 69.4226
644 69.3122 69.4056
645 69.3122 69.395
646 69.3122 69.4145
647 69.3122 69.47
648 69.3122 69.4377
649 69.3122 69.4238
650 69.3122 69.3149
651 69.3122 69.3892
652 69.3122 69.3122
653 69.3122 69.3387
654 69.3122 69.4405
655 69.3122 69.4772
656 69.3122 69.4012
657 69.3122 69.5079
658 69.3122 69.6471
659 69.3122 69.3874
660 69.3122 69.5552
661 69.3122 69.538
662 69.3122 69.3291
663 69.3122 69.3122
664 69.3122 69.3329
665 69.3122 69.3196
666 69.3122 69.3606
667 69.3122 69.4104
668 69.3122 69.5058
669 69.3122 69.5084
670 69.3122 69.4239
671 69.1427 69.4316
672 69.1427 69.4223
673 69.1427 69.5565
674 69.1427 69.5921
675 69.1427 69.3079
676 69.1427 69.305
677 69.1427 69.2079
678 69.1427 69.1835
679 69.1427 69.3031
680 69.1427 69.1427
681 69.1427 69.2822
682 69.1261 69.2109
683 69.1261 69.1407
684 69.1261 69.1348
685 69.1261 69.1778
686 69.1261 69.127
687 69.1261 69.1281
688 69.1261 69.1877
689 69.1261 69.1524
690 69.1261 69.2723
691 69.1261 69.1523
692 69.1261 69.1535
693 69.1261 69.1303
694 69.1261 69.1261
695 69.1261 69.1776
696 69.1261 69.2938
697 69.1261 69.1728
698 69.1261 69.2619
699 69.1261 69.1351
700 69.1261 69.1682
701 69.1261 69.1555
702 69.1261 69.2496
703 69.1261 69.2913
704 69.1261 69.148
705 69.1261 69.2049
706 69.1261 69.2004
707 69.1261 69.2218
708 69.1261 69.2692
709 69.1261 69.142
710 69.1261 69.1261
711 69.1261 69.1684
712 69.1261 69.1771
713 69.1261 69.2499
714 69.1261 69.263
715 69.1261 69.1738
716 69.1261 69.1615
717 69.1261 69.3199
718 69.1261 69.1725
719 69.1261 69.3275
720 69.1261 69.1687
721 69.1261 69.1947
722 69.1261 69.2007
723 69.1261 69.1261
724 69.1261 69.1523
725 69.1261 69.3653
726 69.1261 69.3742
727 69.1261 69.2226
728 69.1261 69.3281
729 69.1261 69.1317
730 69.1261 69.167
731 69.1261 69.1292
732 69.1261 69.1261
733 69.1261 69.1399
734 69.1261 69.1449
735 69.1261 69.1261
736 69.1261 69.1261
737 69.1261 69.1261
738 69.1261 69.1279
739 69.1261 69.1952
740 69.1261 69.1261
741 69.1261 69.1261
742 69.1261 69.1276
743 69.1261 69.1326
744 69.1261 69.1639
745 69.1261 69.1969
746 69.1261 69.2383
747 69.1261 69.1501
748 69.1261 69.2151
749 69.1261 69.1864
750 67.3957 69.7406
751 67.3957 69.5025
752 67.3957 68.6243
753 67.3957 68.0112
754 67.3957 67.5563
755 67.3957 67.4125
756 67.3957 67.4927
757 67.3957 67.4266
758 67.3957 67.4072
759 67.3957 67.7749
760 67.3957 67.4347
761 67.3957 67.4939
762 67.3957 67.476
763 67.3957 67.5767
764 67.3957 67.4115
765 67.3957 67.3957
766 67.3957 67.4275
767 67.3957 67.4018
768 67.3957 67.3957
769 67.3957 67.512
770 67.3957 67.399
771 67.3957 67.4304
772 67.3957 67.3957
773 67.3957 67.3957
774 67.3957 67.3957
775 67.3957 67.3957
776 67.3957 67.4258
777 67.3957 67.4067
778 67.3957 67.3969
779 67.3957 67.4335
780 67.3957 67.467
781 67.3957 67.6754
782 67.3957 67.7053
783 67.3957 67.4016
784 67.3957 67.5773
785 67.3957 67.4323
786 67.3957 67.3957
787 67.3957 67.3995
788 67.3957 67.3957
789 67.3957 67.3957
790 67.3957 67.3957
791 67.3957 67.5817
792 67.3957 67.4183
793 67.3957 67.3957
794 67.3957 67.4972
795 67.3957 67.7238
796 67.3957 67.8954
797 67.3957 67.4263
798 67.3957 67.3983
799 67.3957 67.4075
800 67.3957 67.5309
801 67.3957 67.7104
802 67.3957 67.4766
803 67.3957 67.3957
804 67.3957 67.3957
805 67.3957 67.4576
806 67.3957 67.66
807 67.3957 67.524
808 67.3957 67.5292
809 67.3957 67.4178
810 67.3957 67.4264
811 67.3957 67.4489
812 67.3957 67.4825
813 67.3957 67.5073
814 67.3957 67.4859
815 67.3957 67.5982
816 67.3957 67.3957
817 67.3957 67.3957
818 67.3957 67.4263
819 67.3957 67.4201
820 67.3957 67.4253
821 67.3957 67.3957
822 67.3957 67.3957
823 67.3957 67.3957
824 67.3957 67.3957
825 67.3957 67.4693
826 67.3957 67.4186
827 67.3957 67.4019
828 67.3957 67.5401
829 67.3957 67.4265
830 67.3957 67.3957
831 67.3957 67.3957
832 67.3957 67.3957
833 67.3957 67.3957
834 67.3957 67.422
835 67.3957 67.4401
836 67.3957 67.3957
837 67.3957 67.3957
838 67.3957 67.3957
839 67.3957 67.4049
840 67.3957 67.3957
841 67.3957 67.3957
842 67.3957 67.4236
843 67.3957 67.3969
844 67.3957 67.427
845 67.3957 67.4734
846 67.3957 67.4545
847 67.3957 67.5086
848 67.3957 67.6656
849 67.3957 67.5968
850 66.9713 67.6715
851 66.9713 67.309
852 66.9713 67.278
853 66.9713 67.2438
854 66.9713 67.0441
855 66.9713 66.9713
856 66.9713 67.0399
857 66.9713 66.9778
858 66.9713 66.994
859 66.9713 67.051
860 66.9713 66.9962
861 66.9713 66.974
862 66.9713 66.9803
863 66.9713 66.9715
864 66.9713 67.1694
865 66.9713 67.0373
866 66.9713 67.2307
867 66.9713 67.045
868 66.9713 67.0337
869 66.9713 66.9713
870 66.9713 67.1301
871 66.9713 67.2495
872 66.9713 67.0492
873 66.9713 66.9713
874 66.9713 66.9877
875 66.9713 67.0044
876 66.9713 67.0541
877 66.9713 66.9713
878 66.9713 66.9745
879 66.9713 66.9713
880 66.9713 66.9713
881 66.9713 67.0258
882 66.9713 67.2419
883 66.9713 66.9713
884 66.9713 66.9845
885 66.9713 67.135
886 66.9713 66.9927
887 66.9713 67.0515
888 66.9713 67.0392
889 66.9713 66.9957
890 66.9713 66.9827
891 66.9713 66.9725
892 66.9713 66.9815
893 66.9713 66.9713
894 66.9713 66.9713
895 66.9713 66.9713
896 66.9713 66.9814
897 66.9713 67.1242
898 66.9713 67.1633
899 66.9713 67.2421
900 66.9713 67.1269
901 66.9713 67.0116
902 66.9713 66.9713
903 66.9713 67.1031
904 66.9713 67.0259
905 66.9713 67.0779
906 66.9713 67.1316
907 66.9713 67.0858
908 66.9713 67.3003
909 66.9713 66.9713
910 66.9713 66.9759
911 66.9713 67.1496
912 66.9713 67.0262
913 66.9713 66.9713
914 66.9713 66.9713
915 66.9713 67.0974
916 66.9713 66.9713
917 66.9713 67.0327
918 66.9713 66.9745
919 66.9713 66.9713
920 66.9713 67.0323
921 66.9713 66.9713
922 66.9713 66.9773
923 66.9713 66.9884
924 66.9713 67.0033
925 66.9713 67.0565
926 66.9713 66.9713
927 66.9713 66.9727
928 66.9713 66.9713
929 66.9713 66.9713
930 66.9713 66.9713
931 66.9713 66.978
932 66.9713 66.9713
933 66.9713 66.9713
934 66.9713 66.9713
935 66.9713 66.9734
936 66.9713 66.9713
937 66.9713 66.9713
938 66.9713 67.0102
939 66.9713 66.9874
940 66.9713 66.9749
941 66.9713 66.9713
942 66.9713 66.9844
943 66.9713 67.0215
944 66.9713 67.1728
945 66.9713 66.9899
946 66.9713 66.9944
947 66.9713 67.0444
948 66.9713 67.1005
949 66.9713 67.1097
950 66.9713 67.0222
951 66.9713 67.007
952 66.9713 67.1038
953 66.9713 66.9713
954 66.9713 67.0267
955 66.9713 66.9713
956 66.9713 67.0736
957 66.9713 66.9988
958 66.9713 67.1431
959 66.9713 66.9896
960 66.9713 66.9833
961 66.9713 66.9713
962 66.9713 66.9833
963 66.9713 67.0239
964 66.9713 67.0023
965 66.9713 67.0515
966 66.9713 67.0852
967 66.9713 67.0078
968 66.9713 67.0808
969 66.9713 67.1723
970 66.9713 67.1152
971 66.9713 67.0168
972 66.9713 67.3212
973 66.9713 66.9847
974 66.9713 66.9759
975 66.9713 67.0819
976 66.9713 67.0091
977 66.9713 67.0956
978 66.9713 66.988
979 66.9713 66.996
980 66.9713 67.1083
981 66.9713 67.3099
982 66.9713 67.2123
983 66.9713 67.2001
984 66.9713 67.0319
985 66.9713 66.9714
986 66.9713 67.062
987 66.9713 66.9946
988 66.9713 66.9816
989 66.9713 66.9713
990 66.9713 67.0442
991 66.9713 66.9839
992 66.9713 66.9849
993 66.9713 66.9863
994 66.9713 67.188
995 66.9713 67.0965
996 66.9713 67.0443
997 66.9713 67.0969
998 66.9713 67.0874
999 66.9713 67.061
1000 66.9713 67.0467
1001 66.9713 66.9713
1002 66.9713 66.9936
1003 66.9713 67.002
1004 66.9713 66.9713
1005 66.9713 66.9713
1006 66.9713 66.9777
1007 66.9713 67.1091
1008 66.9713 66.9954
1009 66.9713 67.0926
1010 66.9713 67.0619
1011 66.9713 66.9884
1012 66.9713 67.0551
1013 66.9713 67.0542
1014 66.9713 66.9827
1015 66.9713 66.9809
1016 66.9713 66.9713
1017 66.9713 67.0174
1018 66.9713 66.9791
1019 66.9713 66.9713
1020 66.9713 66.9713
1021 66.9713 67.0027
1022 66.9713 66.9713
1023 66.9713 67.0224
1024 66.9713 66.9814
1025 66.9713 66.9713
1026 66.9713 66.9713
1027 66.9713 66.9713
1028 66.9713 66.9802
1029 66.9713 66.9713
1030 66.9713 66.9713
1031 66.9713 66.9998
1032 66.9713 67.0226
1033 66.9713 66.9713
1034 66.9713 66.9904
1035 66.9713 67.0377
1036 66.9713 67.0607
1037 66.9713 66.9815
1038 66.9713 66.9949
1039 66.9713 66.9802
1040 66.9713 66.9713
1041 66.9713 66.9713
1042 66.9713 66.9713
1043 66.9713 66.9713
1044 66.9713 66.9713
1045 66.9713 67.1013
1046 66.9713 67.2375
1047 66.9713 66.9896
1048 66.9713 67.1135
1049 66.9713 67.0699
1050 66.9713 67.0713
1051 66.9713 67.0281
1052 66.9713 66.9713
1053 66.9713 66.9713
1054 66.9713 66.9868
1055 66.9713 66.9732
1056 66.9713 67.0012
1057 66.9713 67.0158
1058 66.9713 66.9906
1059 66.9713 67.0674
1060 66.9713 67.0735
1061 66.9713 67.112
1062 66.9713 67.1995
1063 66.9713 67.1935
1064 66.9713 66.9713
1065 66.9713 66.9713
1066 66.9713 67.2882
1067 66.9713 67.0712
1068 66.9713 66.9761
1069 66.9713 66.9713
1070 66.9713 67.0195
1071 66.9713 67.0186
1072 66.9713 66.9727
1073 66.9713 66.9743
1074 66.9713 67.042
1075 66.9713 67.0404
1076 66.9713 67.2136
1077 66.9713 67.2227
1078 66.9713 67.2811
1079 66.9713 67.0574
1080 66.9713 67.255
1081 66.9713 67.1844
1082 66.9713 66.9713
1083 66.9713 66.9713
1084 66.9713 66.9713
1085 66.9713 66.9713
1086 66.9713 66.9713
1087 66.9713 67.0425
1088 66.9713 67.0167
1089 66.9713 67.1932
1090 66.9713 67.1298
1091 66.9713 67.0426
1092 66.9713 66.9713
1093 66.9713 66.9888
1094 66.9713 66.9805
1095 66.9713 67.0238
1096 66.9713 66.9893
1097 66.9713 67.051
1098 66.9713 67.1168
1099 66.9713 66.9713
1100 66.9713 66.9755
1101 66.9713 67.0063
1102 66.9713 67.0489
1103 66.9713 66.9713
1104 66.9713 67.1417
1105 66.9713 67.1603
1106 66.9713 67.0774
1107 66.9713 67.137
1108 66.9713 66.9839
1109 66.9713 66.9713
1110 66.9713 66.9713
1111 66.9713 67.0925
1112 66.9713 67.2438
1113 66.9713 67.0252
1114 66.9713 67.1609
1115 66.9713 67.0447
1116 66.9713 67.0491
1117 66.9713 66.9713
1118 66.9713 66.9713
1119 66.9713 66.9713
1120 66.9713 67.02
1121 66.9713 67.1429
1122 66.9713 66.9713
1123 66.9713 66.9915
1124 66.9713 66.9713
1125 66.9713 67.0051
1126 66.9713 67.0667
1127 66.9713 66.9784
1128 66.9713 66.9999
1129 66.9713 66.9852
1130 66.9713 67.0847
1131 66.9713 67.0546
1132 66.9713 67.0046
1133 66.9713 67.1904
1134 66.9713 67.052
1135 66.9713 67.0425
1136 66.9713 66.9771
1137 66.9713 66.9713
1138 66.9713 66.9871
1139 66.9713 66.9713
1140 66.9713 67.042
1141 66.9713 66.9713
1142 66.9713 66.9713
1143 66.9713 66.9713
1144 66.9713 66.9901
1145 66.9713 67.1648
1146 66.9713 66.9733
1147 66.9713 66.991
1148 66.9713 67.015
1149 66.9713 66.9931
1150 66.9713 67.085
1151 66.9713 67.0439
1152 66.9713 66.9791
1153 66.9713 67.1647
1154 66.9713 67.1111
1155 66.9713 67.2425
1156 66.9713 67.1737
1157 66.9713 67.0444
1158 66.9713 66.9889
1159 66.9713 67.019
1160 66.9713 67.0628
1161 66.9713 67.0141
1162 66.9713 67.0276
1163 66.9713 66.9713
1164 66.9713 67.2601
1165 66.9713 67.0099
1166 66.9713 66.9984
1167 66.9713 67.0301
1168 66.9713 67.0829
1169 66.9713 66.9815
1170 66.9713 66.9714
1171 66.9713 67.0054
1172 66.9713 67.0353
1173 66.9713 66.9713
1174 66.9713 67.1961
1175 66.9713 67.2074
1176 66.9713 67.1121
1177 66.9713 67.0816
1178 66.9713 66.9925
1179 66.9713 67.1629
1180 66.9713 67.3257
1181 66.9713 67.044
1182 66.9713 67.1487
1183 66.9713 67.0797
1184 66.9713 66.9984
1185 66.9713 67.0608
1186 66.9713 67.0661
1187 66.9713 66.9713
1188 66.9713 67.1204
1189 66.9713 67.2803
1190 66.9713 66.9713
1191 66.9713 67.0048
1192 66.9713 67.0538
1193 66.9713 66.9713
1194 66.9713 66.9713
1195 66.9713 66.9713
1196 66.9713 67.0461
1197 66.9713 66.9713
1198 66.9713 67
1199 66.9713 67.041
1200 66.9713 66.9912
1201 66.9713 66.9727
1202 66.9713 67.5948
1203 66.9713 67.1153
1204 66.9713 66.9937
1205 66.9713 66.9733
1206 66.9713 66.9918
1207 66.9713 66.9713
1208 66.9713 66.9751
1209 66.9713 66.9713
1210 66.9713 66.9713
1211 66.9713 66.9713
1212 66.9713 67.0085
1213 66.9713 67.0461
1214 66.9713 67.1678
1215 66.9713 67.1531
1216 66.9713 67.0719
1217 66.9713 67.0454
1218 66.9713 67.0908
1219 66.9713 66.9974
1220 66.9713 66.9744
1221 66.9713 66.9713
1222 66.9713 66.9794
1223 66.9713 66.9713
1224 66.9713 66.9767
1225 66.9713 66.9713
1226 66.9713 66.9713
1227 66.9713 66.9713
1228 66.9713 67.0353
1229 66.9713 67.0155
1230 66.9713 67.0386
1231 66.9713 66.9713
1232 66.9713 66.9713
1233 66.9713 66.9723
1234 66.9713 66.9713
1235 66.9713 66.9836
1236 66.9713 66.9713
1237 66.9713 66.9755
1238 66.9713 67.0001
1239 66.9713 67.2704
1240 66.9713 67.0494
1241 66.9713 66.9736
1242 66.9713 66.9713
1243 66.9713 66.9713
1244 66.9713 67.0082
1245 66.9713 67.05
1246 66.9713 67.0332
1247 66.9713 67.0212
1248 66.9713 66.9725
1249 66.9713 67.132
1250 66.9713 67.0112
1251 66.9713 67.0982
1252 66.9713 67.255
1253 66.9713 66.9715
1254 66.9713 66.9713
1255 66.9713 66.9713
1256 66.9713 67.188
1257 66.9713 67.0225
1258 66.9713 67.041
1259 66.9713 67.114
1260 66.9713 66.9802
1261 66.9713 66.9715
1262 66.9713 66.9947
1263 66.9713 66.9861
1264 66.9713 67.2732
1265 66.9713 66.9923
1266 66.9713 67.0304
1267 66.9713 66.9761
1268 66.9713 67.0061
1269 66.9713 66.9713
1270 66.9713 66.9713
1271 66.9713 66.9713
1272 66.9713 67.0114
1273 66.9713 66.9815
1274 66.9713 67.008
1275 66.9713 67.1085
1276 66.9713 67.1194
1277 66.9713 67.0093
1278 66.9713 66.977
1279 66.9713 67.0566
1280 66.9713 66.9713
1281 66.9713 66.9713
1282 66.9713 66.9727
1283 66.9713 67.1732
1284 66.9713 67.113
1285 66.9713 67.0656
1286 66.9713 66.9713
1287 66.9713 66.9731
1288 66.9713 67.1369
1289 66.9713 66.9754
1290 66.9713 67.2442
1291 66.9713 67.1879
1292 66.9713 67.0197
1293 66.9713 66.9748
1294 66.9713 66.9741
1295 66.9713 67.024
1296 66.9713 67.1355
1297 66.9713 67.2311
1298 66.9713 67.0308
1299 66.9713 66.9713
1300 66.9713 67.024
1301 66.9713 67.0546
1302 66.9713 67.1643
1303 66.9713 67.0014
1304 66.9713 66.9713
1305 66.9713 66.9713
1306 66.9713 66.9713
1307 66.9713 66.9784
1308 66.9713 67.1117
1309 66.9713 66.9713
1310 66.9713 67.0426
1311 66.9713 67.1596
1312 66.9713 67.1024
1313 66.9713 67.0233
1314 66.9713 66.9875
1315 66.9713 66.9713
1316 66.9713 66.9713
1317 66.9713 66.9713
1318 66.9713 67.0521
1319 66.9713 67.0604
1320 66.9713 66.9713
1321 66.9713 67.0788
1322 66.9713 66.9713
1323 66.9713 67.0144
1324 66.9713 66.9713
1325 66.9713 67.0181
1326 66.9713 66.9716
1327 66.9713 66.9713
1328 66.9713 66.9887
1329 66.9713 66.9723
1330 66.9713 66.9713
1331 66.9713 66.9713
1332 66.9713 66.9841
1333 66.9713 66.9713
1334 66.9713 66.985
1335 66.9713 67.1514
1336 66.9713 67.0509
1337 66.9713 67.0643
1338 66.9713 66.9972
1339 66.9713 67.1111
1340 66.9713 67.2592
1341 66.9713 67.0272
1342 66.9713 67.0283
1343 66.9713 66.9713
1344 66.9713 66.9895
1345 66.9713 66.9713
1346 66.9713 66.9924
1347 66.9713 67.1934
1348 66.9713 67.0008
1349 66.9713 67.0694
1350 66.9713 67.0783
1351 66.9713 67.1126
1352 66.9713 67.0937
1353 66.9713 67.0105
1354 66.9713 66.9713
1355 66.9713 67.0041
1356 66.9713 67.0197
1357 66.9713 66.9803
1358 66.9713 66.9713
1359 66.9713 67.0226
1360 66.9713 67.1283
1361 66.9713 67.1464
1362 66.9713 67.0033
1363 66.9713 66.995
1364 66.9713 67.0417
1365 66.9713 66.9907
1366 66.9713 66.9713
1367 66.9713 66.9713
1368 66.9713 66.9903
1369 66.9713 66.9754
1370 66.9713 66.9715
1371 66.9713 66.9835
1372 66.9713 66.9794
1373 66.9713 66.9745
1374 66.9713 67.02
1375 66.9713 66.9865
1376 66.9713 66.9813
1377 66.9713 66.979
1378 66.9713 66.9929
1379 66.9713 66.9713
1380 66.9713 66.9713
1381 66.9713 66.9713
1382 66.9713 66.9713
1383 66.9713 67.098
1384 66.9713 66.9818
1385 66.9713 67.0184
1386 66.9713 66.9713
1387 66.9713 66.9713
1388 66.9713 66.9713
1389 66.9713 66.9713
1390 66.9713 66.9809
1391 66.9713 66.985
1392 66.9713 67.1042
1393 66.9713 67.066
1394 66.9713 67.2591
1395 66.9713 67.1848
1396 66.9713 67.067
1397 66.9713 67.608
1398 66.9713 67.2528
1399 66.9713 66.9754
1400 66.8256 66.9661
1401 66.8256 66.8922
1402 66.8256 66.8489
1403 66.8256 66.8293
1404 66.8256 66.8272
1405 66.8256 66.8256
1406 66.8256 66.8391
1407 66.8256 66.8636
1408 66.8256 66.8732
1409 66.8256 66.8593
1410 66.8256 66.8256
1411 66.8256 66.9104
1412 66.8256 66.8354
1413 66.8256 66.8587
1414 66.8256 67.0669
1415 66.8256 66.9741
1416 66.8256 66.8256
1417 66.8256 66.8516
1418 66.8256 66.9819
1419 66.8256 66.8611
1420 66.8256 66.8369
1421 66.8256 67.0121
1422 66.8256 66.8256
1423 66.8256 66.8918
1424 66.8256 66.8256
1425 66.8256 66.8773
1426 66.8256 66.8608
1427 66.8256 67.0367
1428 66.8256 66.9398
1429 66.8256 67.0056
1430 66.8256 66.9078
1431 66.8256 66.9584
1432 66.8256 66.9883
1433 66.8256 67.0722
1434 66.8256 66.8256
1435 66.8256 66.874
1436 66.8256 66.9443
1437 66.8256 67.0017
1438 66.8256 67.4442
1439 66.8256 67.2098
1440 66.8256 66.874
1441 66.8256 66.8256
1442 66.8256 66.9496
1443 66.8256 66.8256
1444 66.8256 66.8256
1445 66.8256 66.8344
1446 66.8256 66.8285
1447 66.8256 66.8739
1448 66.8256 66.9222
1449 66.8256 66.8256
1450 66.8256 66.8256
1451 66.8256 66.8327
1452 66.8256 66.8709
1453 66.8256 66.9149
1454 66.8256 66.9737
1455 66.8256 66.8777
1456 66.8256 66.8373
1457 66.8256 66.9438
1458 66.8256 66.8667
1459 66.8256 66.8457
1460 66.8256 66.8511
1461 66.8256 67.003
1462 66.8256 67.0073
1463 66.8256 66.9845
1464 66.8256 66.8535
1465 66.8256 66.8445
1466 66.8256 66.8625
1467 66.8256 66.8324
1468 66.8256 66.8256
1469 66.8256 66.8256
1470 66.8256 66.8256
1471 66.8256 66.8256
1472 66.8256 66.8342
1473 66.8256 66.8754
1474 66.8256 66.9255
1475 66.8256 66.8727
1476 66.8256 66.9153
1477 66.8256 66.9104
1478 66.8256 66.8489
1479 66.8256 66.8381
1480 66.8256 66.8379
1481 66.8256 66.861
1482 66.8256 66.9855
1483 66.8256 66.9398
1484 66.8256 66.8321
1485 66.8256 66.8256
1486 66.8256 66.8256
1487 66.8256 66.8256
1488 66.8256 66.8355
1489 66.8256 66.8256
1490 66.8256 66.8499
1491 66.8256 66.922
1492 66.8256 66.8256
1493 66.8256 66.8758
1494 66.8256 66.9204
1495 66.8256 66.8737
1496 66.8256 66.9184
1497 66.8256 66.8256
1498 66.8256 66.8385
1499 66.8256 66.8256
1500 66.8256 66.833
1501 66.8256 66.8256
1502 66.8256 66.8419
1503 66.8256 66.893
1504 66.8256 66.9171
1505 66.8256 66.8384
1506 66.8256 66.8293
1507 66.8256 66.8385
1508 66.8256 66.8649
1509 66.8256 66.8313
1510 66.8256 66.8256
1511 66.8256 66.8305
1512 66.8256 66.8256
1513 66.8256 66.8256
1514 66.8256 66.8256
1515 66.8256 66.8719
1516 66.8256 66.8369
1517 66.8256 66.8535
1518 66.8256 66.8256
1519 66.8256 66.8851
1520 66.8256 66.8802
1521 66.8256 67.1395
1522 66.8256 67.1346
1523 66.8256 66.9298
1524 66.8256 66.8257
1525 66.8256 66.8256
1526 66.8256 66.8524
1527 66.8256 67.0162
1528 66.8256 66.9602
1529 66.8256 66.8269
1530 66.8256 66.8965
1531 66.8256 66.8303
1532 66.8256 67.0301
1533 66.8256 66.9563
1534 66.8256 66.9107
1535 66.8256 66.8256
1536 66.8256 66.8256
1537 66.8256 66.8256
1538 66.8256 66.8256
1539 66.8256 66.8519
1540 66.8256 66.9546
1541 66.8256 66.8256
1542 66.8256 66.8256
1543 66.8256 66.8256
1544 66.8256 66.8256
1545 66.8256 66.8256
1546 66.8256 66.8331
1547 66.8256 66.8544
1548 66.8256 67.079
1549 66.8256 67.1361
1550 66.8256 66.9812
1551 66.8256 66.8266
1552 66.8256 66.8501
1553 66.8256 66.8984
1554 66.8256 66.8256
1555 66.8256 66.8256
1556 66.8256 66.8256
1557 66.8256 66.9792
1558 66.8256 66.8743
1559 66.8256 66.921
1560 66.8256 66.903
1561 66.8256 66.8394
1562 66.8256 66.8287
1563 66.8256 66.9761
1564 66.8256 66.8421
1565 66.8256 66.8388
1566 66.8256 66.8837
1567 66.8256 66.866
1568 66.8256 66.9512
1569 66.8256 66.9656
1570 66.8256 66.8276
1571 66.8256 66.8569
1572 66.8256 66.9818
1573 66.8256 67.5017
1574 66.8256 67.3437
1575 66.8256 66.9589
1576 66.8256 67.2859
1577 66.8256 66.8734
1578 66.8256 66.983
1579 66.8256 66.9934
1580 66.8256 66.9502
1581 66.8256 67.0768
1582 66.8256 66.8256
1583 66.8256 66.9644
1584 66.8256 66.838
1585 66.8256 66.8362
1586 66.8256 66.8742
1587 66.8256 66.8557
1588 66.8256 66.8328
1589 66.8256 66.8474
1590 66.8256 67.1586
1591 66.8256 67.2234
1592 66.8256 67.1893
1593 66.8256 67.2441
1594 66.8256 66.8256
1595 66.8256 66.8301
1596 66.8256 66.8256
1597 66.8256 66.8256
1598 66.8256 66.851
1599 66.8256 66.9045
1600 66.8256 66.8627
1601 66.8256 66.8256
1602 66.8256 66.8352
1603 66.8256 66.8602
1604 66.8256 66.8804
1605 66.8256 66.8485
1606 66.8256 66.8906
1607 66.8256 66.9544
1608 66.8256 66.8836
1609 66.8256 66.9345
1610 66.8256 66.8558
1611 66.8256 66.8481
1612 66.8256 66.8707
1613 66.8256 66.8256
1614 66.8256 66.8289
1615 66.8256 66.846
1616 66.8256 66.9369
1617 66.8256 66.8815
1618 66.8256 66.8256
1619 66.8256 66.8371
1620 66.8256 66.8996
1621 66.8256 66.9449
1622 66.8256 66.9744
1623 66.8256 67.0226
1624 66.8256 66.8949
1625 66.8256 67.1186
1626 66.8256 66.914
1627 66.8256 66.9255
1628 66.8256 66.8256
1629 66.8256 66.8266
1630 66.8256 66.8377
1631 66.8256 66.8671
1632 66.8256 66.8815
1633 66.8256 67.0281
1634 66.8256 67.0251
1635 66.8256 66.8599
1636 66.8256 67.0532
1637 66.8256 66.9144
1638 66.8256 66.8749
1639 66.8256 67.0377
1640 66.8256 66.8266
1641 66.8256 66.827
1642 66.8256 66.838
1643 66.8256 66.8741
1644 66.8256 67.0082
1645 66.8256 66.8384
1646 66.8256 66.8379
1647 66.8256 66.8831
1648 66.8256 66.8526
1649 66.8256 66.8351
1650 66.8256 66.8588
1651 66.8256 67.1761
1652 66.8256 67.2169
1653 66.8256 66.8684
1654 66.8256 66.8287
1655 66.8256 66.9192
1656 66.8256 66.8573
1657 66.8256 66.8256
1658 66.8256 66.83
1659 66.8256 66.8434
1660 66.8256 66.8256
1661 66.8256 66.9092
1662 66.8256 66.8256
1663 66.8256 66.8256
1664 66.8256 67.0514
1665 66.8256 67.0694
1666 66.8256 66.8925
1667 66.8256 66.8673
1668 66.8256 66.8416
1669 66.8256 66.8256
1670 66.8256 66.8278
1671 66.8256 66.906
1672 66.8256 66.8788
1673 66.8256 66.8347
1674 66.8256 66.8262
1675 66.8256 66.8256
1676 66.8256 66.8944
1677 66.8256 66.8256
1678 66.8256 66.8256
1679 66.8256 66.969
1680 66.8256 66.8301
1681 66.8256 66.8434
1682 66.8256 66.878
1683 66.8256 67.2081
1684 66.8256 66.8733
1685 66.8256 66.9201
1686 66.8256 66.8375
1687 66.8256 66.8428
1688 66.8256 66.8893
1689 66.8256 67.2633
1690 66.8256 67.1208
1691 66.8256 66.8916
1692 66.8256 66.9972
1693 66.8256 67.359
1694 66.8256 67.0724
1695 66.8256 66.9633
1696 66.8256 66.9332
1697 66.8256 66.8256
1698 66.8256 66.9651
1699 66.8256 66.9065
1700 66.8256 66.8256
1701 66.8256 66.955
1702 66.8256 66.8256
1703 66.8256 66.8441
1704 66.8256 66.8322
1705 66.8256 66.8256
1706 66.8256 66.8256
1707 66.8256 66.8256
1708 66.8256 66.8256
1709 66.8256 66.8256
1710 66.8256 66.8574
1711 66.8256 66.8656
1712 66.8256 66.8256
1713 66.8256 66.8256
1714 66.8256 66.8464
1715 66.8256 66.8465
1716 66.8256 66.8274
1717 66.8256 66.9909
1718 66.8256 66.8718
1719 66.8256 66.9437
1720 66.8256 66.8601
1721 66.8256 67.1258
1722 66.8256 66.8447
1723 66.8256 66.9252
1724 66.8256 66.8256
1725 66.8256 66.8398
1726 66.8256 66.8888
1727 66.8256 66.8256
1728 66.8256 66.8256
1729 66.8256 66.9134
1730 66.8256 66.8256
1731 66.8256 66.8804
1732 66.8256 66.8256
1733 66.8256 66.8351
1734 66.8256 66.945
1735 66.8256 66.8459
1736 66.8256 66.9353
1737 66.8256 66.9112
1738 66.8256 66.8433
1739 66.8256 66.86
1740 66.8256 66.8256
1741 66.8256 66.8256
1742 66.8256 66.8256
1743 66.8256 66.8558
1744 66.8256 66.8954
1745 66.8256 67.01
1746 66.8256 66.8715
1747 66.8256 66.8256
1748 66.8256 67.0915
1749 66.8256 66.9257
1750 66.8256 67.0047
1751 66.8256 66.8256
1752 66.8256 66.9761
1753 66.8256 66.896
1754 66.8256 67.0391
1755 66.8256 66.8376
1756 66.8256 66.8382
1757 66.8256 66.872
1758 66.8256 66.8256
1759 66.8256 66.8256
1760 66.8256 66.8266
1761 66.8256 66.8529
1762 66.8256 66.8256
1763 66.8256 66.8256
1764 66.8256 66.8407
1765 66.8256 66.8256
1766 66.8256 66.8256
1767 66.8256 66.8551
1768 66.8256 66.8802
1769 66.8256 66.8256
1770 66.8256 66.8263
1771 66.8256 66.8954
1772 66.8256 66.8256
1773 66.8256 66.9727
1774 66.8256 66.8256
1775 66.8256 66.8256
1776 66.8256 66.8629
1777 66.8256 66.8256
1778 66.8256 66.8256
1779 66.8256 66.8989
1780 66.8256 66.8256
1781 66.8256 66.8256
1782 66.8256 66.8256
1783 66.8256 66.8365
1784 66.8256 66.8869
1785 66.8256 66.9353
1786 66.8256 66.9093
1787 66.8256 66.8596
1788 66.8256 66.8828
1789 66.8256 66.8266
1790 66.8256 67.0914
1791 66.8256 66.9554
1792 66.8256 67.0193
1793 66.8256 66.842
1794 66.8256 66.8844
1795 66.8256 66.9322
1796 66.8256 66.8256
1797 66.8256 66.8256
1798 66.8256 66.9259
1799 66.8256 66.8256
1800 66.8256 66.8256
1801 66.8256 66.9083
1802 66.8256 66.8296
1803 66.8256 66.8256
1804 66.8256 66.8625
1805 66.8256 66.9029
1806 66.8256 66.8654
1807 66.8256 66.8256
1808 66.8256 66.8286
1809 66.8256 66.8543
1810 66.8256 66.891
1811 66.8256 66.9664
1812 66.8256 66.873
1813 66.8256 66.909
1814 66.8256 66.8955
1815 66.8256 66.8722
1816 66.8256 67.0582
1817 66.8256 66.9391
1818 66.8256 67.0171
1819 66.8256 67.1194
1820 66.8256 67.3106
1821 66.8256 66.8768
1822 66.8256 66.8967
1823 66.8256 67.0608
1824 66.8256 66.8758
1825 66.8256 66.8721
1826 66.8256 66.8501
1827 66.8256 66.8733
1828 66.8256 66.8369
1829 66.8256 66.8314
1830 66.8256 66.9369
1831 66.8256 66.9431
1832 66.8256 66.9883
1833 66.8256 66.866
1834 66.8256 66.9467
1835 66.8256 66.9146
1836 66.8256 66.8256
1837 66.8256 66.9263
1838 66.8256 66.9612
1839 66.8256 67.0299
1840 66.8256 67.2846
1841 66.8256 67.094
1842 66.8256 66.9348
1843 66.8256 66.8838
1844 66.8256 66.9072
1845 66.8256 66.8256
1846 66.8256 66.8256
1847 66.8256 66.8256
1848 66.8256 66.8256
1849 66.8256 66.8803
1850 66.8256 66.9164
1851 66.8256 66.8944
1852 66.8256 66.8778
1853 66.8256 66.8412
1854 66.8256 66.8808
1855 66.8256 66.8256
1856 66.8256 66.8328
1857 66.8256 66.8672
1858 66.8256 66.8582
1859 66.8256 66.9601
1860 66.8256 66.8436
1861 66.8256 66.8439
1862 66.8256 66.8708
1863 66.8256 66.914
1864 66.8256 66.8625
1865 66.8256 66.895
1866 66.8256 66.8362
1867 66.8256 67.035
1868 66.8256 66.8256
1869 66.8256 66.8256
1870 66.8256 66.8256
1871 66.8256 66.8256
1872 66.8256 67.0009
1873 66.8256 67.0828
1874 66.8256 67.0561
1875 66.8256 66.9135
1876 66.8256 66.8539
1877 66.8256 66.9666
1878 66.8256 67.0031
1879 66.8256 66.8712
1880 66.8256 66.8359
1881 66.8256 66.8559
1882 66.8256 66.8402
1883 66.8256 66.8256
1884 66.8256 66.8256
1885 66.8256 66.8814
1886 66.8256 66.8726
1887 66.8256 66.8256
1888 66.8256 66.8256
1889 66.8256 66.9366
1890 66.8256 66.8465
1891 66.8256 66.8395
1892 66.8256 66.8324
1893 66.8256 66.8568
1894 66.8256 66.9114
1895 66.8256 66.8692
1896 66.8256 66.9233
1897 66.8256 66.8256
1898 66.8256 66.8256
1899 66.8256 66.8256
1900 66.8256 66.8256
1901 66.8256 66.8413
1902 66.8256 66.8847
1903 66.8256 66.9282
1904 66.8256 66.8701
1905 66.8256 67.0313
1906 66.8256 66.9037
1907 66.8256 66.8327
1908 66.8256 66.8352
1909 66.8256 66.878
1910 66.8256 66.8256
1911 66.8256 66.9198
1912 66.8256 66.9208
1913 66.8256 66.9509
1914 66.8256 66.8884
1915 66.8256 66.8278
1916 66.8256 66.8283
1917 66.8256 66.9048
1918 66.8256 67.0265
1919 66.8256 66.9148
1920 66.8256 67.0115
1921 66.8256 66.8704
1922 66.8256 66.8269
1923 66.8256 66.8393
1924 66.8256 66.8944
1925 66.8256 66.9054
1926 66.8256 66.8919
1927 66.8256 66.9172
1928 66.8256 66.8969
1929 66.8256 66.837
1930 66.8256 66.8256
1931 66.8256 66.8522
1932 66.8256 66.8755
1933 66.8256 66.908
1934 66.8256 66.8605
1935 66.8256 67.0575
1936 66.8256 67.2687
1937 66.8256 67.0662
1938 66.8256 66.9972
1939 66.8256 66.9037
1940 66.8256 66.84
1941 66.8256 66.9401
1942 66.8256 66.8525
1943 66.8256 66.8256
1944 66.8256 66.8256
1945 66.8256 66.8256
1946 66.8256 66.8256
1947 66.8256 66.8256
1948 66.8256 66.9235
1949 66.8256 66.8498
1950 66.8256 66.847
1951 66.8256 66.8695
1952 66.8256 66.8256
1953 66.8256 66.8828
1954 66.8256 66.9828
1955 66.8256 66.8589
1956 66.8256 66.924
1957 66.8256 66.902
1958 66.8256 66.8413
1959 66.8256 66.8256
1960 66.8256 66.8256
1961 66.8256 66.8256
1962 66.8256 66.8445
1963 66.8256 66.833
1964 66.8256 66.868
1965 66.8256 66.8405
1966 66.8256 66.8885
1967 66.8256 66.8256
1968 66.8256 66.8629
1969 66.8256 66.9658
1970 66.8256 66.8507
1971 66.8256 66.8886
1972 66.8256 66.8327
1973 66.8256 66.8256
1974 66.8256 66.8407
1975 66.8256 66.8955
1976 66.8256 66.8256
1977 66.8256 66.942
1978 66.8256 66.8444
1979 66.8256 66.8256
1980 66.8256 66.8499
1981 66.8256 66.8256
1982 66.8256 66.9036
1983 66.8256 66.8851
1984 66.8256 67.0878
1985 66.8256 66.8256
1986 66.8256 66.84
1987 66.8256 66.8415
1988 66.8256 66.8363
1989 66.8256 66.832
1990 66.8256 66.8608
1991 66.8256 66.8364
1992 66.8256 66.9507
1993 66.8256 66.9372
1994 66.8256 66.8743
1995 66.8256 66.8417
1996 66.8256 66.8779
1997 66.8256 66.8397
1998 66.8256 66.8265
1999 66.8256 66.826
2000 66.8256 66.8779
2001 66.8256 66.8256
2002 66.8256 66.8307
2003 66.8256 66.8256
2004 66.8256 66.8256
2005 66.8256 66.8256
2006 66.8256 66.827
2007 66.8256 67.0425
2008 66.8256 67.0634
2009 66.8256 66.8745
2010 66.8256 67.4917
2011 66.8256 67.0416
2012 66.8256 66.8388
2013 66.8256 66.8784
2014 66.8256 66.8256
2015 66.8256 66.9261
2016 66.8256 66.851
2017 66.8256 66.8505
2018 66.8256 66.8256
2019 66.8256 66.8256
2020 66.8256 66.8811
2021 66.8256 66.8689
2022 66.8256 67.1448
2023 66.8256 67.056
2024 66.8256 66.9036
2025 66.8256 66.9642
2026 66.8256 66.8443
2027 66.8256 66.9978
2028 66.8256 66.8513
2029 66.8256 66.9039
2030 66.8256 66.8343
2031 66.8256 66.9802
2032 66.8256 67.1911
2033 66.8256 67.0025
2034 66.8256 66.9295
2035 66.8256 66.8515
2036 66.8256 66.857
2037 66.8256 66.8364
2038 66.8256 67.1137
2039 66.8256 67.1916
2040 66.8256 67.1719
2041 66.8256 66.8709
2042 66.8256 66.9185
2043 66.8256 66.8352
2044 66.8256 66.9686
2045 66.8256 66.8346
2046 66.8256 67.1342
2047 66.8256 66.8273
2048 66.8256 66.8822
2049 66.8256 66.9029
2050 66.6123 66.8759
2051 66.6123 66.7215
2052 66.6123 66.644
2053 66.6123 66.6178
2054 66.6123 66.6123
2055 66.6123 66.6123
2056 66.6123 66.6123
2057 66.6123 66.6123
2058 66.6123 66.6123
2059 66.6123 66.7563
2060 66.6123 66.6527
2061 66.6123 66.6142
2062 66.6123 66.7456
2063 66.6123 66.9179
2064 66.6123 66.6547
2065 66.6123 66.8305
2066 66.6123 66.8016
2067 66.6123 66.6123
2068 66.6123 66.7426
2069 66.6123 66.7029
2070 66.6123 66.6844
2071 66.6123 66.7345
2072 66.6123 66.6369
2073 66.6123 66.7031
2074 66.6123 66.7617
2075 66.6123 66.6781
2076 66.6123 66.619
2077 66.6123 66.6123
2078 66.6123 66.6244
2079 66.6123 66.6123
2080 66.6123 66.6296
2081 66.6123 66.6271
2082 66.6123 66.6223
2083 66.6123 66.6123
2084 66.6123 66.6123
2085 66.6123 66.6362
2086 66.6123 66.6295
2087 66.6123 66.6123
2088 66.6123 66.6155
2089 66.6123 66.6123
2090 66.6123 66.6123
2091 66.6123 66.6133
2092 66.6123 66.8683
2093 66.6123 66.6388
2094 66.6123 66.6176
2095 66.6123 66.6123
2096 66.6123 66.6123
2097 66.6123 66.8907
2098 66.6123 66.6965
2099 66.6123 66.707
2100 66.6123 66.6123
2101 66.6123 66.7018
2102 66.6123 66.6201
2103 66.6123 66.6123
2104 66.6123 66.6123
2105 66.6123 66.6123
2106 66.6123 66.8605
2107 66.6123 66.7444
2108 66.6123 66.7745
2109 66.6123 66.6941
2110 66.6123 66.6673
2111 66.6123 66.6469
2112 66.6123 66.8215
2113 66.6123 66.685
2114 66.6123 66.6324
2115 66.6123 66.7601
2116 66.6123 66.7202
2117 66.6123 66.6123
2118 66.6123 66.6123
2119 66.6123 66.7381
2120 66.6123 66.6397
2121 66.6123 66.6588
2122 66.6123 66.6123
2123 66.6123 66.6123
2124 66.6123 66.6123
2125 66.6123 66.6829
2126 66.6123 66.6728
2127 66.6123 66.6492
2128 66.6123 66.654
2129 66.6123 66.7478
2130 66.6123 66.6778
2131 66.6123 66.6131
2132 66.6123 66.6542
2133 66.6123 66.6123
2134 66.6123 66.6839
2135 66.6123 66.628
2136 66.6123 66.7645
2137 66.6123 66.6698
2138 66.6123 66.6841
2139 66.6123 66.6676
2140 66.6123 66.7533
2141 66.6123 66.7633
2142 66.6123 66.6133
2143 66.6123 66.6875
2144 66.6123 66.7661
2145 66.6123 66.7885
2146 66.6123 66.7807
2147 66.6123 66.659
2148 66.6123 66.6162
2149 66.6123 66.6204
2150 66.6123 66.6683
2151 66.6123 66.6556
2152 66.6123 66.6566
2153 66.6123 66.666
2154 66.6123 66.6182
2155 66.6123 66.7829
2156 66.6123 66.6678
2157 66.6123 66.6525
2158 66.6123 66.675
2159 66.6123 66.6517
2160 66.6123 66.6446
2161 66.6123 66.6283
2162 66.6123 66.6133
2163 66.6123 66.6376
2164 66.6123 66.6535
2165 66.6123 66.6447
2166 66.6123 66.6573
2167 66.6123 66.7786
2168 66.6123 66.6463
2169 66.6123 66.6123
2170 66.6123 66.6319
2171 66.6123 66.6745
2172 66.6123 66.7893
2173 66.6123 66.6199
2174 66.6123 66.6248
2175 66.6123 66.6123
2176 66.6123 66.6123
2177 66.6123 66.8784
2178 66.6123 66.7902
2179 66.6123 66.6939
2180 66.6123 66.7082
2181 66.6123 66.6124
2182 66.6123 66.6123
2183 66.6123 66.6375
2184 66.6123 66.6123
2185 66.6123 66.6374
2186 66.6123 66.6378
2187 66.6123 66.6466
2188 66.6123 66.6219
2189 66.6123 66.6389
2190 66.6123 66.6891
2191 66.6123 66.6822
2192 66.6123 66.619
2193 66.6123 66.6706
2194 66.6123 66.7382
2195 66.6123 66.677
2196 66.6123 66.8902
2197 66.6123 66.7922
2198 66.6123 66.6136
2199 66.6123 66.6123
2200 66.6123 66.678
2201 66.6123 66.6662
2202 66.6123 66.6652
2203 66.6123 66.8072
2204 66.6123 66.6528
2205 66.6123 66.773
2206 66.6123 66.7733
2207 66.6123 67.0101
2208 66.6123 66.8062
2209 66.6123 66.6343
2210 66.6123 66.6932
2211 66.6123 66.8779
2212 66.6123 66.6421
2213 66.6123 66.6187
2214 66.6123 66.8445
2215 66.6123 66.726
2216 66.6123 66.6352
2217 66.6123 66.6857
2218 66.6123 66.623
2219 66.6123 66.6503
2220 66.6123 66.7476
2221 66.6123 66.8004
2222 66.6123 66.6638
2223 66.6123 66.9178
2224 66.6123 66.6882
2225 66.6123 66.613
2226 66.6123 66.6247
2227 66.6123 66.7118
2228 66.6123 66.6123
2229 66.6123 66.6514
2230 66.6123 66.6511
2231 66.6123 66.6233
2232 66.6123 66.615
2233 66.6123 66.6143
2234 66.6123 66.6123
2235 66.6123 66.6123
2236 66.6123 66.677
2237 66.6123 66.7976
2238 66.6123 66.6144
2239 66.6123 66.7602
2240 66.6123 66.6123
2241 66.6123 66.6628
2242 66.6123 66.6912
2243 66.6123 66.6502
2244 66.6123 66.6663
2245 66.6123 66.6123
2246 66.6123 66.6123
2247 66.6123 66.6537
2248 66.6123 66.691
2249 66.6123 66.6123
2250 66.6123 66.6393
2251 66.6123 66.6123
2252 66.6123 66.6394
2253 66.6123 66.6123
2254 66.6123 66.6126
2255 66.6123 66.6913
2256 66.6123 66.6123
2257 66.6123 66.6123
2258 66.6123 66.7016
2259 66.6123 66.6175
2260 66.6123 66.6445
2261 66.6123 66.6448
2262 66.6123 66.6182
2263 66.6123 66.6878
2264 66.6123 66.6189
2265 66.6123 66.8391
2266 66.6123 66.6526
2267 66.6123 66.7016
2268 66.6123 66.6586
2269 66.6123 66.7428
2270 66.6123 66.6334
2271 66.6123 66.6123
2272 66.6123 66.6206
2273 66.6123 66.6553
2274 66.6123 66.6315
2275 66.6123 66.6123
2276 66.6123 66.6386
2277 66.6123 66.7057
2278 66.6123 66.6422
2279 66.6123 66.8048
2280 66.6123 67.1207
2281 66.6123 66.7902
2282 66.6123 66.6654
2283 66.6123 66.6679
2284 66.6123 66.7214
2285 66.6123 66.643
2286 66.6123 66.7505
2287 66.6123 66.7491
2288 66.6123 66.6406
2289 66.6123 66.6751
2290 66.6123 66.6425
2291 66.6123 66.8247
2292 66.6123 66.8029
2293 66.6123 66.8022
2294 66.6123 66.6516
2295 66.6123 66.6153
2296 66.6123 66.6123
2297 66.6123 66.6162
2298 66.6123 66.6145
2299 66.6123 66.6123
2300 66.6123 66.6123
2301 66.6123 66.6155
2302 66.6123 66.6391
2303 66.6123 66.6157
2304 66.6123 66.6138
2305 66.6123 66.6828
2306 66.6123 66.6123
2307 66.6123 66.6331
2308 66.6123 66.7166
2309 66.6123 66.7034
2310 66.6123 66.6581
2311 66.6123 66.7762
2312 66.6123 66.7494
2313 66.6123 66.7427
2314 66.6123 66.6768
2315 66.6123 66.6123
2316 66.6123 66.6521
2317 66.6123 66.7501
2318 66.6123 66.6712
2319 66.6123 66.7276
2320 66.6123 66.6886
2321 66.6123 66.6924
2322 66.6123 66.6123
2323 66.6123 66.6123
2324 66.6123 66.6123
2325 66.6123 66.7216
2326 66.6123 66.8153
2327 66.6123 66.6424
2328 66.6123 66.6839
2329 66.6123 66.6123
2330 66.6123 66.6774
2331 66.6123 66.7157
2332 66.6123 66.9204
2333 66.6123 66.6868
2334 66.6123 66.8023
2335 66.6123 66.8233
2336 66.6123 66.7256
2337 66.6123 66.6361
2338 66.6123 66.6965
2339 66.6123 66.6509
2340 66.6123 66.6179
2341 66.6123 66.6819
2342 66.6123 66.7433
2343 66.6123 66.6123
2344 66.6123 66.6123
2345 66.6123 66.6139
2346 66.6123 66.6123
2347 66.6123 66.6231
2348 66.6123 66.6518
2349 66.6123 66.6201
2350 66.4952 66.5966
2351 66.4952 66.5603
2352 66.4952 66.5206
2353 66.4952 66.5093
2354 66.4952 66.5872
2355 66.4952 66.5483
2356 66.4952 66.5756
2357 66.4952 66.5258
2358 66.4952 66.5094
2359 66.4952 66.541
2360 66.4952 66.5177
2361 66.4952 66.5147
2362 66.4952 66.6434
2363 66.4952 66.7263
2364 66.4952 66.8962
2365 66.4952 66.8241
2366 66.4952 66.6195
2367 66.4952 66.4952
2368 66.4952 66.506
2369 66.4952 66.6612
2370 66.4952 67.0144
2371 66.4952 66.5328
2372 66.4952 66.5232
2373 66.4952 66.5486
2374 66.4952 66.4968
2375 66.4952 66.5624
2376 66.4952 66.5518
2377 66.4952 66.54
2378 66.4952 66.6281
2379 66.4952 66.5675
2380 66.4952 66.517
2381 66.4952 66.4992
2382 66.4952 66.5498
2383 66.4952 66.5377
2384 66.4952 66.4952
2385 66.4952 66.601
2386 66.4952 66.5006
2387 66.4952 66.4952
2388 66.4952 66.4952
2389 66.4952 66.4952
2390 66.4952 66.4952
2391 66.4952 66.5803
2392 66.4952 66.5748
2393 66.4952 66.5005
2394 66.4952 66.5126
2395 66.4952 66.5017
2396 66.4952 66.4952
2397 66.4952 66.5111
2398 66.4952 66.4995
2399 66.4952 66.4952
2400 66.4952 66.502
2401 66.4952 66.5255
2402 66.4952 66.6588
2403 66.4952 66.6229
2404 66.4952 66.5388
2405 66.4952 66.4952
2406 66.4952 66.5426
2407 66.4952 66.6259
2408 66.4952 66.6498
2409 66.4952 66.8575
2410 66.4952 67.1984
2411 66.4952 66.9424
2412 66.4952 66.5761
2413 66.4952 66.5186
2414 66.4952 66.4953
2415 66.4952 66.4968
2416 66.4952 66.5021
2417 66.4952 66.4979
2418 66.4952 66.4952
2419 66.4952 66.5764
2420 66.4952 66.4952
2421 66.4952 66.4987
2422 66.4952 66.4952
2423 66.4952 66.5019
2424 66.4952 66.5783
2425 66.4952 66.647
2426 66.4952 66.6015
2427 66.4952 66.4952
2428 66.4952 66.4957
2429 66.4952 66.5157
2430 66.4952 66.5166
2431 66.4952 66.5145
2432 66.4952 66.496
2433 66.4952 66.5733
2434 66.4952 66.4971
2435 66.4952 66.4952
2436 66.4952 66.5556
2437 66.4952 66.5761
2438 66.4952 66.5332
2439 66.4952 66.6189
2440 66.4952 66.5751
2441 66.4952 66.5227
2442 66.4952 66.5297
2443 66.4952 66.5157
2444 66.4952 66.5175
2445 66.4952 66.5058
2446 66.4952 66.507
2447 66.4952 66.5054
2448 66.4952 66.5931
2449 66.4952 66.4994
2450 66.4952 66.5633
2451 66.4952 66.5707
2452 66.4952 66.5015
2453 66.4952 66.4952
2454 66.4952 66.507
2455 66.4952 66.5184
2456 66.4952 66.4952
2457 66.4952 66.5433
2458 66.4952 66.5983
2459 66.4952 66.5689
2460 66.4952 66.7494
2461 66.4952 66.5339
2462 66.4952 66.4957
2463 66.4952 66.6067
2464 66.4952 66.5239
2465 66.4952 66.7942
2466 66.4952 66.4952
2467 66.4952 66.5489
2468 66.4952 66.8279
2469 66.4952 66.5911
2470 66.4952 66.543
2471 66.4952 66.5173
2472 66.4952 66.5243
2473 66.4952 66.5211
2474 66.4952 66.5744
2475 66.4952 66.6877
2476 66.4952 66.4983
2477 66.4952 66.4952
2478 66.4952 66.5196
2479 66.4952 66.5006
2480 66.4952 66.5378
2481 66.4952 66.6
2482 66.4952 66.5702
2483 66.4952 66.5568
2484 66.4952 66.5078
2485 66.4952 66.5084
2486 66.4952 66.6053
2487 66.4952 66.5312
2488 66.4952 66.4952
2489 66.4952 66.5492
2490 66.4952 66.5582
2491 66.4952 66.6266
2492 66.4952 66.5135
2493 66.4952 66.602
2494 66.4952 66.5846
2495 66.4952 66.6252
2496 66.4952 66.6323
2497 66.4952 66.5191
2498 66.4952 66.5386
2499 66.4952 66.5412
2500 66.4952 66.7849
2501 66.4952 66.51
2502 66.4952 66.4952
2503 66.4952 66.5432
2504 66.4952 66.6089
2505 66.4952 66.5443
2506 66.4952 66.5155
2507 66.4952 66.5674
2508 66.4952 66.5862
2509 66.4952 66.5152
2510 66.4952 66.8119
2511 66.4952 66.5797
2512 66.4952 66.4952
2513 66.4952 66.4952
2514 66.4952 66.6221
2515 66.4952 66.4983
2516 66.4952 66.4972
2517 66.4952 66.4952
2518 66.4952 66.4952
2519 66.4952 66.4962
2520 66.4952 66.4952
2521 66.4952 66.5081
2522 66.4952 66.4952
2523 66.4952 66.6437
2524 66.4952 66.5436
2525 66.4952 66.4952
2526 66.4952 66.4952
2527 66.4952 66.4985
2528 66.4952 66.5526
2529 66.4952 66.5408
2530 66.4952 66.5309
2531 66.4952 66.5197
2532 66.4952 66.4982
2533 66.4952 66.5438
2534 66.4952 66.8127
2535 66.4952 66.6953
2536 66.4952 66.5525
2537 66.4952 66.587
2538 66.4952 66.6314
2539 66.4952 66.6247
2540 66.4952 66.5965
2541 66.4952 66.7159
2542 66.4952 66.6141
2543 66.4952 66.5281
2544 66.4952 66.4962
2545 66.4952 66.4952
2546 66.4952 66.5599
2547 66.4952 66.4983
2548 66.4952 66.6927
2549 66.4952 66.6158
2550 66.4952 66.6378
2551 66.4952 66.7223
2552 66.4952 66.5744
2553 66.4952 66.506
2554 66.4952 66.4954
2555 66.4952 66.6065
2556 66.4952 66.7487
2557 66.4952 66.6651
2558 66.4952 66.5647
2559 66.4952 66.5172
2560 66.4952 66.5385
2561 66.4952 66.6088
2562 66.4952 66.5612
2563 66.4952 66.7863
2564 66.4952 66.9442
2565 66.4952 66.5482
2566 66.4952 66.6043
2567 66.4952 66.633
2568 66.4952 66.5899
2569 66.4952 66.4952
2570 66.4952 66.4952
2571 66.4952 66.5555
2572 66.4952 66.619
2573 66.4952 66.4952
2574 66.4952 66.4952
2575 66.4952 66.4958
2576 66.4952 66.4952
2577 66.4952 66.5702
2578 66.4952 66.5415
2579 66.4952 66.5235
2580 66.4952 66.5739
2581 66.4952 66.5174
2582 66.4952 66.4958
2583 66.4952 66.533
2584 66.4952 66.7348
2585 66.4952 66.8582
2586 66.4952 66.5771
2587 66.4952 66.6014
2588 66.4952 66.7185
2589 66.4952 66.5113
2590 66.4952 66.6544
2591 66.4952 66.5146
2592 66.4952 66.4952
2593 66.4952 66.4952
2594 66.4952 66.4952
2595 66.4952 66.4952
2596 66.4952 66.5075
2597 66.4952 66.4952
2598 66.4952 66.5036
2599 66.4952 66.5603
2600 66.4952 66.7203
2601 66.4952 66.56
2602 66.4952 66.4952
2603 66.4952 66.4952
2604 66.4952 66.4952
2605 66.4952 66.4952
2606 66.4952 66.4952
2607 66.4952 66.4952
2608 66.4952 66.4952
2609 66.4952 66.4952
2610 66.4952 66.5796
2611 66.4952 66.5476
2612 66.4952 66.4952
2613 66.4952 66.4952
2614 66.4952 66.5892
2615 66.4952 66.5251
2616 66.4952 66.5053
2617 66.4952 66.5979
2618 66.4952 66.5042
2619 66.4952 66.5177
2620 66.4952 66.6549
2621 66.4952 66.5371
2622 66.4952 66.4952
2623 66.4952 66.5227
2624 66.4952 66.5433
2625 66.4952 66.6588
2626 66.4952 66.5439
2627 66.4952 66.6114
2628 66.4952 66.6684
2629 66.4952 66.6255
2630 66.4952 66.6324
2631 66.4952 66.4952
2632 66.4952 66.4973
2633 66.4952 66.4969
2634 66.4952 66.4997
2635 66.4952 66.5434
2636 66.4952 66.4952
2637 66.4952 66.544
2638 66.4952 66.517
2639 66.4952 66.7056
2640 66.4952 66.6615
2641 66.4952 66.703
2642 66.4952 66.7915
2643 66.4952 66.716
2644 66.4952 66.4952
2645 66.4952 66.4952
2646 66.4952 66.5266
2647 66.4952 66.5845
2648 66.4952 66.5331
2649 66.4952 66.5786
2650 66.4952 66.5922
2651 66.4952 66.5476
2652 66.4952 66.5501
2653 66.4952 66.5178
2654 66.4952 66.5868
2655 66.4952 66.6237
2656 66.4952 66.5307
2657 66.4952 66.5254
2658 66.4952 66.4952
2659 66.4952 66.4952
2660 66.4952 66.5903
2661 66.4952 66.6607
2662 66.4952 66.4952
2663 66.4952 66.4952
2664 66.4952 66.4952
2665 66.4952 66.5004
2666 66.4952 66.4952
2667 66.4952 66.5823
2668 66.4952 66.5636
2669 66.4952 66.6193
2670 66.4952 66.4952
2671 66.4952 66.4952
2672 66.4952 66.4952
2673 66.4952 66.5085
2674 66.4952 66.535
2675 66.4952 66.4952
2676 66.4952 66.554
2677 66.4952 66.7294
2678 66.4952 66.5758
2679 66.4952 66.5604
2680 66.4952 66.5442
2681 66.4952 66.4952
2682 66.4952 66.5146
2683 66.4952 66.4952
2684 66.4952 66.6443
2685 66.4952 66.657
2686 66.4952 66.4982
2687 66.4952 66.5862
2688 66.4952 66.6755
2689 66.4952 66.4981
2690 66.4952 66.5142
2691 66.4952 66.5174
2692 66.4952 66.6655
2693 66.4952 66.5015
2694 66.4952 66.4952
2695 66.4952 66.4962
2696 66.4952 66.496
2697 66.4952 66.5031
2698 66.4952 66.5285
2699 66.4952 66.4952
2700 66.4952 66.5148
2701 66.4952 66.5055
2702 66.4952 66.5685
2703 66.4952 66.5444
2704 66.4952 66.5515
2705 66.4952 66.5206
2706 66.4952 66.4987
2707 66.4952 66.5135
2708 66.4952 66.4952
2709 66.4952 66.4961
2710 66.4952 66.4952
2711 66.4952 66.4952
2712 66.4952 66.4952
2713 66.4952 66.6194
2714 66.4952 66.496
2715 66.4952 66.509
2716 66.4952 66.5503
2717 66.4952 66.5336
2718 66.4952 66.5295
2719 66.4952 66.4952
2720 66.4952 66.5708
2721 66.4952 66.6132
2722 66.4952 66.5096
2723 66.4952 66.4952
2724 66.4952 66.4952
2725 66.4952 66.585
2726 66.4952 66.5647
2727 66.4952 66.5638
2728 66.4952 66.6188
2729 66.4952 66.6555
2730 66.4952 66.6963
2731 66.4952 66.6883
2732 66.4952 66.6394
2733 66.4952 66.5417
2734 66.4952 66.6234
2735 66.4952 66.7745
2736 66.4952 66.7443
2737 66.4952 66.6023
2738 66.4952 66.6177
2739 66.4952 66.573
2740 66.4952 66.5016
2741 66.4952 66.6009
2742 66.4952 66.4952
2743 66.4952 66.4952
2744 66.4952 66.5293
2745 66.4952 66.5193
2746 66.4952 66.4952
2747 66.4952 66.4952
2748 66.4952 66.5496
2749 66.4952 66.6499
2750 65.9145 66.5029
2751 65.9145 66.3621
2752 65.9145 66.0865
2753 65.9145 66.0524
2754 65.9145 65.9145
2755 65.9145 65.9145
2756 65.9145 66.0265
2757 65.9145 65.986
2758 65.9145 65.9705
2759 65.9145 65.9886
2760 65.9145 66.0629
2761 65.9145 65.9705
2762 65.9145 65.9327
2763 65.9145 65.9145
2764 65.9145 65.9389
2765 65.9145 65.99
2766 65.9145 65.9358
2767 65.9145 65.9231
2768 65.9145 65.9316
2769 65.9145 65.9554
2770 65.9145 66.11
2771 65.9145 66.0919
2772 65.9145 66.181
2773 65.9145 66.0293
2774 65.9145 65.9429
2775 65.9145 65.9807
2776 65.9145 66.1024
2777 65.9145 65.9145
2778 65.9145 65.9145
2779 65.9145 65.9653
2780 65.9145 66.0641
2781 65.9145 66.1301
2782 65.9145 65.9688
2783 65.9145 65.9952
2784 65.9145 66.0416
2785 65.9145 65.9235
2786 65.9145 65.9145
2787 65.9145 65.9145
2788 65.9145 65.9145
2789 65.9145 65.9567
2790 65.9145 66.0358
2791 65.9145 65.9329
2792 65.9145 65.9288
2793 65.9145 65.9145
2794 65.9145 65.9145
2795 65.9145 65.9794
2796 65.9145 65.9258
2797 65.9145 66.1516
2798 65.9145 66.2599
2799 65.9145 65.9433
2800 65.9145 65.9145
2801 65.9145 65.9261
2802 65.9145 65.9393
2803 65.9145 66.1033
2804 65.9145 65.9242
2805 65.9145 65.9145
2806 65.9145 65.9344
2807 65.9145 66.0275
2808 65.9145 66.1087
2809 65.9145 65.9145
2810 65.9145 65.9666
2811 65.9145 65.9572
2812 65.9145 65.9602
2813 65.9145 65.9397
2814 65.9145 65.9335
2815 65.9145 65.9362
2816 65.9145 65.9375
2817 65.9145 66.0184
2818 65.9145 65.9346
2819 65.9145 66.088
2820 65.9145 66.0419
2821 65.9145 66.04
2822 65.9145 65.9335
2823 65.9145 65.9464
2824 65.9145 66.0911
2825 65.9145 66.2852
2826 65.9145 66.0382
2827 65.9145 66.1903
2828 65.9145 66.2134
2829 65.9145 65.9145
2830 65.9145 65.9145
2831 65.9145 65.9293
2832 65.9145 65.9145
2833 65.9145 66.1306
2834 65.9145 66.21
2835 65.9145 65.9564
2836 65.9145 65.9145
2837 65.9145 65.9145
2838 65.9145 65.927
2839 65.9145 65.9145
2840 65.9145 65.9145
2841 65.9145 65.9145
2842 65.9145 65.9145
2843 65.9145 65.9145
2844 65.9145 65.9145
2845 65.9145 65.9415
2846 65.9145 66.0446
2847 65.9145 66.0135
2848 65.9145 65.9236
2849 65.9145 66.1235
2850 65.9145 65.9953
2851 65.9145 66.0159
2852 65.9145 66.1217
2853 65.9145 65.9349
2854 65.9145 65.9232
2855 65.9145 65.9145
2856 65.9145 65.9145
2857 65.9145 65.9174
2858 65.9145 65.9145
2859 65.9145 65.9145
2860 65.9145 65.9256
2861 65.9145 65.9145
2862 65.9145 65.9145
2863 65.9145 65.916
2864 65.9145 65.9145
2865 65.9145 66.1703
2866 65.9145 66.0217
2867 65.9145 66.0884
2868 65.9145 65.9824
2869 65.9145 65.9832
2870 65.9145 65.9353
2871 65.9145 65.9336
2872 65.9145 66.0438
2873 65.9145 66.3801
2874 65.9145 66.1675
2875 65.9145 65.9161
2876 65.9145 65.9253
2877 65.9145 65.9599
2878 65.9145 66.0116
2879 65.9145 66.0249
2880 65.9145 65.9883
2881 65.9145 65.9154
2882 65.9145 65.9145
2883 65.9145 65.9565
2884 65.9145 65.9149
2885 65.9145 65.9145
2886 65.9145 65.9145
2887 65.9145 65.9178
2888 65.9145 65.9145
2889 65.9145 66.0791
2890 65.9145 65.9145
2891 65.9145 65.9145
2892 65.9145 66.0648
2893 65.9145 65.9149
2894 65.9145 65.9348
2895 65.9145 65.9375
2896 65.9145 66.3611
2897 65.9145 65.9751
2898 65.9145 66.0201
2899 65.9145 66.3291
2900 65.9145 66.1552
2901 65.9145 66.0748
2902 65.9145 65.919
2903 65.9145 65.9224
2904 65.9145 66
2905 65.9145 65.9145
2906 65.9145 65.9145
2907 65.9145 66.0229
2908 65.9145 66.0547
2909 65.9145 65.9145
2910 65.9145 65.9673
2911 65.9145 65.9354
2912 65.9145 65.9999
2913 65.9145 65.925
2914 65.9145 65.9425
2915 65.9145 65.9416
2916 65.9145 65.9316
2917 65.9145 65.9241
2918 65.9145 65.9151
2919 65.9145 65.9145
2920 65.9145 66.0076
2921 65.9145 66.0708
2922 65.9145 65.9166
2923 65.9145 65.9712
2924 65.9145 65.95
2925 65.9145 65.9163
2926 65.9145 65.9145
2927 65.9145 65.9472
2928 65.9145 65.9865
2929 65.9145 65.9169
2930 65.9145 65.9895
2931 65.9145 65.9475
2932 65.9145 65.9356
2933 65.9145 66.0333
2934 65.9145 65.9147
2935 65.9145 65.9178
2936 65.9145 65.9145
2937 65.9145 65.9205
2938 65.9145 66.0544
2939 65.9145 66.0187
2940 65.9145 65.9262
2941 65.9145 65.9381
2942 65.9145 66.0043
2943 65.9145 65.9277
2944 65.9145 65.9639
2945 65.9145 65.9738
2946 65.9145 65.9181
2947 65.9145 65.9287
2948 65.9145 65.9151
2949 65.9145 65.9145
2950 65.9145 65.9145
2951 65.9145 65.9145
2952 65.9145 65.9363
2953 65.9145 65.9321
2954 65.9145 65.9145
2955 65.9145 66.0316
2956 65.9145 65.9891
2957 65.9145 65.9627
2958 65.9145 65.9145
2959 65.9145 65.9145
2960 65.9145 65.9145
2961 65.9145 65.9166
2962 65.9145 65.9192
2963 65.9145 65.9691
2964 65.9145 66.0358
2965 65.9145 66.1401
2966 65.9145 65.9818
2967 65.9145 66.0681
2968 65.9145 66.0711
2969 65.9145 66.0759
2970 65.9145 66.2066
2971 65.9145 66.0939
2972 65.9145 66.0128
2973 65.9145 65.9591
2974 65.9145 65.9569
2975 65.9145 65.9378
2976 65.9145 66.0617
2977 65.9145 66.1975
2978 65.9145 66.1866
2979 65.9145 66.0779
2980 65.9145 65.9157
2981 65.9145 66.0827
2982 65.9145 65.9185
2983 65.9145 65.9957
2984 65.9145 66.0014
2985 65.9145 66.0682
2986 65.9145 65.9679
2987 65.9145 65.9767
2988 65.9145 65.9814
2989 65.9145 65.9145
2990 65.9145 66.1128
2991 65.9145 66.0382
2992 65.9145 65.98
2993 65.9145 65.9145
2994 65.9145 65.9145
2995 65.9145 65.9145
2996 65.9145 65.9899
2997 65.9145 66.1017
2998 65.9145 66.1007
2999 65.9145 65.9872
3000 65.9145 65.9159
3001 65.9145 65.9145
3002 65.9145 65.9615
3003 65.9145 65.9824
3004 65.9145 65.9337
3005 65.9145 65.9867
3006 65.9145 65.9612
3007 65.9145 65.9885
3008 65.9145 65.9758
3009 65.9145 65.9227
3010 65.9145 65.9303
3011 65.9145 66.2641
3012 65.9145 66.0973
3013 65.9145 66.0536
3014 65.9145 66.007
3015 65.9145 65.9326
3016 65.9145 65.9461
3017 65.9145 65.9841
3018 65.9145 66.0712
3019 65.9145 66.0906
3020 65.9145 66.1286
3021 65.9145 65.9193
3022 65.9145 65.9371
3023 65.9145 65.9505
3024 65.9145 65.9145
3025 65.9145 65.9206
3026 65.9145 65.9443
3027 65.9145 66.0859
3028 65.9145 66.0148
3029 65.9145 66.0598
3030 65.9145 65.9461
3031 65.9145 65.9873
3032 65.9145 65.9165
3033 65.9145 66.0114
3034 65.9145 65.9903
3035 65.9145 65.9278
3036 65.9145 65.9767
3037 65.9145 65.9145
3038 65.9145 65.9145
3039 65.9145 65.9241
3040 65.9145 65.986
3041 65.9145 65.9159
3042 65.9145 65.9283
3043 65.9145 66.0788
3044 65.9145 65.9549
3045 65.9145 65.9248
3046 65.9145 65.9145
3047 65.9145 65.957
3048 65.9145 65.9273
3049 65.9145 65.9458
3050 65.9145 65.9202
3051 65.9145 65.9145
3052 65.9145 65.9155
3053 65.9145 65.9484
3054 65.9145 65.9145
3055 65.9145 65.9145
3056 65.9145 66.0354
3057 65.9145 65.9668
3058 65.9145 65.9651
3059 65.9145 65.9145
3060 65.9145 65.9191
3061 65.9145 65.9145
3062 65.9145 65.9388
3063 65.9145 65.9145
3064 65.9145 65.9502
3065 65.9145 66.0019
3066 65.9145 66.2393
3067 65.9145 66.2819
3068 65.9145 66.231
3069 65.9145 65.9374
3070 65.9145 65.9145
3071 65.9145 65.9148
3072 65.9145 66.0773
3073 65.9145 65.9597
3074 65.9145 65.9155
3075 65.9145 65.942
3076 65.9145 65.9411
3077 65.9145 65.9155
3078 65.9145 65.9253
3079 65.9145 65.931
3080 65.9145 65.9851
3081 65.9145 66.0166
3082 65.9145 65.9145
3083 65.9145 65.9145
3084 65.9145 65.9145
3085 65.9145 65.9566
3086 65.9145 65.9145
3087 65.9145 65.9145
3088 65.9145 65.9551
3089 65.9145 66.116
3090 65.9145 65.9339
3091 65.9145 66.0032
3092 65.9145 66.0838
3093 65.9145 66.1376
3094 65.9145 65.999
3095 65.9145 65.9154
3096 65.9145 65.994
3097 65.9145 66.0713
3098 65.9145 66.2954
3099 65.9145 66.1052
3100 65.9145 66.1376
3101 65.9145 66.1368
3102 65.9145 66.158
3103 65.9145 66.1134
3104 65.9145 65.9621
3105 65.9145 65.9486
3106 65.9145 65.945
3107 65.9145 66.0712
3108 65.9145 66.0699
3109 65.9145 65.9145
3110 65.9145 65.9145
3111 65.9145 65.9145
3112 65.9145 65.9212
3113 65.9145 65.9319
3114 65.9145 65.9145
3115 65.9145 65.9193
3116 65.9145 65.9145
3117 65.9145 65.9145
3118 65.9145 65.9156
3119 65.9145 65.9145
3120 65.9145 65.9583
3121 65.9145 66.019
3122 65.9145 65.9584
3123 65.9145 65.9417
3124 65.9145 65.9145
3125 65.9145 65.9394
3126 65.9145 65.9186
3127 65.9145 65.9145
3128 65.9145 65.9145
3129 65.9145 65.9145
3130 65.9145 65.9145
3131 65.9145 65.9145
3132 65.9145 65.9526
3133 65.9145 65.9145
3134 65.9145 65.9465
3135 65.9145 65.9548
3136 65.9145 66.2094
3137 65.9145 65.9785
3138 65.9145 65.9145
3139 65.9145 65.9569
3140 65.9145 65.9145
3141 65.9145 65.9159
3142 65.9145 65.9145
3143 65.9145 65.9222
3144 65.9145 65.9238
3145 65.9145 66.0096
3146 65.9145 65.9466
3147 65.9145 65.915
3148 65.9145 65.9255
3149 65.9145 65.956
3150 65.9145 65.9207
3151 65.9145 65.9145
3152 65.9145 66.131
3153 65.9145 65.9598
3154 65.9145 65.9254
3155 65.9145 65.9406
3156 65.9145 65.946
3157 65.9145 66.0887
3158 65.9145 65.9222
3159 65.9145 65.9145
3160 65.9145 65.9145
3161 65.9145 65.9145
3162 65.9145 65.9987
3163 65.9145 65.9367
3164 65.9145 65.9202
3165 65.9145 66.0746
3166 65.9145 65.9235
3167 65.9145 65.9183
3168 65.9145 66.0317
3169 65.9145 65.9775
3170 65.9145 65.9562
3171 65.9145 65.9178
3172 65.9145 65.9145
3173 65.9145 65.9145
3174 65.9145 65.9145
3175 65.9145 65.9694
3176 65.9145 65.9471
3177 65.9145 65.9376
3178 65.9145 66.0974
3179 65.9145 65.9145
3180 65.9145 65.9145
3181 65.9145 66.0676
3182 65.9145 65.9674
3183 65.9145 66.026
3184 65.9145 65.9179
3185 65.9145 65.9145
3186 65.9145 65.9963
3187 65.9145 65.9177
3188 65.9145 65.9145
3189 65.9145 65.9145
3190 65.9145 66.0756
3191 65.9145 66.1459
3192 65.9145 65.9749
3193 65.9145 65.9544
3194 65.9145 65.9156
3195 65.9145 66.01
3196 65.9145 65.9145
3197 65.9145 65.9145
3198 65.9145 65.9145
3199 65.9145 65.9145
3200 65.9145 65.9145
3201 65.9145 66.0243
3202 65.9145 66.211
3203 65.9145 66.1184
3204 65.9145 66.0166
3205 65.9145 65.9175
3206 65.9145 65.9145
3207 65.9145 65.9145
3208 65.9145 65.9408
3209 65.9145 65.9429
3210 65.9145 65.9373
3211 65.9145 65.9494
3212 65.9145 65.9145
3213 65.9145 65.9145
3214 65.9145 65.9605
3215 65.9145 65.9145
3216 65.9145 65.9175
3217 65.9145 65.9145
3218 65.9145 65.9355
3219 65.9145 66.0684
3220 65.9145 66.1875
3221 65.9145 65.9706
3222 65.9145 65.9941
3223 65.9145 66.1547
3224 65.9145 65.9794
3225 65.9145 66.006
3226 65.9145 66.1243
3227 65.9145 66.1677
3228 65.9145 65.9761
3229 65.9145 66.2193
3230 65.9145 66.105
3231 65.9145 66.0214
3232 65.9145 66.0474
3233 65.9145 66.0782
3234 65.9145 65.9145
3235 65.9145 65.9836
3236 65.9145 65.9284
3237 65.9145 65.9994
3238 65.9145 66.0105
3239 65.9145 66.0521
3240 65.9145 65.9749
3241 65.9145 65.9145
3242 65.9145 65.9145
3243 65.9145 65.9235
3244 65.9145 65.9145
3245 65.9145 65.9363
3246 65.9145 65.9288
3247 65.9145 65.9652
3248 65.9145 66.1887
3249 65.9145 66.2589
3250 65.9145 66.0498
3251 65.9145 65.9387
3252 65.9145 65.9249
3253 65.9145 65.9566
3254 65.9145 65.9145
3255 65.9145 65.9145
3256 65.9145 65.9145
3257 65.9145 65.9487
3258 65.9145 66.0268
3259 65.9145 65.9715
3260 65.9145 65.9218
3261 65.9145 65.9145
3262 65.9145 65.9145
3263 65.9145 65.9145
3264 65.9145 66.0149
3265 65.9145 66.1022
3266 65.9145 66.106
3267 65.9145 65.9306
3268 65.9145 66.0381
3269 65.9145 65.9145
3270 65.9145 65.9576
3271 65.9145 66.0576
3272 65.9145 66.0502
3273 65.9145 66.0657
3274 65.9145 66.0877
3275 65.9145 66.1073
3276 65.9145 66.0875
3277 65.9145 65.9145
3278 65.9145 65.9145
3279 65.9145 65.925
3280 65.9145 65.9843
3281 65.9145 65.9883
3282 65.9145 65.9268
3283 65.9145 65.9229
3284 65.9145 65.9213
3285 65.9145 65.9894
3286 65.9145 65.9581
3287 65.9145 65.9145
3288 65.9145 65.9301
3289 65.9145 66.1126
3290 65.9145 66.0875
3291 65.9145 65.9145
3292 65.9145 65.9332
3293 65.9145 65.9966
3294 65.9145 65.9249
3295 65.9145 65.963
3296 65.9145 66.3423
3297 65.9145 65.9808
3298 65.9145 66.0198
3299 65.9145 66.0523
3300 65.9145 65.9145
3301 65.9145 66.0297
3302 65.9145 65.9145
3303 65.9145 65.9312
3304 65.9145 65.9145
3305 65.9145 65.9145
3306 65.9145 65.9196
3307 65.9145 65.9718
3308 65.9145 65.9145
3309 65.9145 65.9145
3310 65.9145 65.9824
3311 65.9145 65.9735
3312 65.9145 65.9145
3313 65.9145 65.9559
3314 65.9145 65.9499
3315 65.9145 66.0246
3316 65.9145 65.995
3317 65.9145 65.9509
3318 65.9145 65.9145
3319 65.9145 65.9182
3320 65.9145 65.959
3321 65.9145 65.9145
3322 65.9145 65.9156
3323 65.9145 65.9213
3324 65.9145 65.9247
3325 65.9145 65.9416
3326 65.9145 65.9145
3327 65.9145 66.0796
3328 65.9145 65.9145
3329 65.9145 65.9145
3330 65.9145 65.9251
3331 65.9145 65.9845
3332 65.9145 66.0261
3333 65.9145 66.1017
3334 65.9145 65.9145
3335 65.9145 65.9674
3336 65.9145 65.9404
3337 65.9145 65.9288
3338 65.9145 65.9217
3339 65.9145 65.9193
3340 65.9145 65.9215
3341 65.9145 65.9145
3342 65.9145 65.9197
3343 65.9145 65.9791
3344 65.9145 65.9145
3345 65.9145 65.9288
3346 65.9145 65.9784
3347 65.9145 65.9452
3348 65.9145 65.9383
3349 65.9145 65.988
3350 65.9145 65.9947
3351 65.9145 65.9145
3352 65.9145 65.9145
3353 65.9145 65.9145
3354 65.9145 65.9145
3355 65.9145 65.9145
3356 65.9145 65.9145
3357 65.9145 65.925
3358 65.9145 65.9333
3359 65.9145 65.9164
3360 65.9145 65.9663
3361 65.9145 65.9145
3362 65.9145 65.9145
3363 65.9145 65.9194
3364 65.9145 65.9195
3365 65.9145 65.9145
3366 65.9145 65.9145
3367 65.9145 65.9444
3368 65.9145 65.9875
3369 65.9145 65.9804
3370 65.9145 65.919
3371 65.9145 65.9145
3372 65.9145 65.9145
3373 65.9145 65.9145
3374 65.9145 65.9692
3375 65.9145 65.9145
3376 65.9145 66.0942
3377 65.9145 66.0611
3378 65.9145 65.9145
3379 65.9145 65.9197
3380 65.9145 65.9457
3381 65.9145 65.9391
3382 65.9145 65.9761
3383 65.9145 65.9288
3384 65.9145 66.0015
3385 65.9145 65.9394
3386 65.9145 65.9145
3387 65.9145 65.9296
3388 65.9145 65.9149
3389 65.9145 65.9145
3390 65.9145 65.9145
3391 65.9145 65.9246
3392 65.9145 65.9294
3393 65.9145 65.9592
3394 65.9145 65.9145
3395 65.9145 65.9145
3396 65.9145 66.1294
3397 65.9145 66.0162
3398 65.9145 65.96
3399 65.9145 66.018
3400 65.9145 65.9175
3401 65.9145 65.9563
3402 65.9145 66.3359
3403 65.9145 66.0507
3404 65.9145 65.9145
3405 65.9145 65.9145
3406 65.9145 65.9511
3407 65.9145 65.9362
3408 65.9145 66.0426
3409 65.9145 65.9145
3410 65.9145 65.9145
3411 65.9145 65.9145
3412 65.9145 65.9196
3413 65.9145 65.9244
3414 65.9145 65.9145
3415 65.9145 65.9412
3416 65.9145 66.0793
3417 65.9145 66.0615
3418 65.9145 65.9145
3419 65.9145 66.0245
3420 65.9145 66.0884
3421 65.9145 65.9567
3422 65.9145 66.0102
3423 65.9145 65.9149
3424 65.9145 65.9145
3425 65.9145 65.9145
3426 65.9145 65.9183
3427 65.9145 66.0209
3428 65.9145 65.9467
3429 65.9145 66.0569
3430 65.9145 66.0535
3431 65.9145 66.0149
3432 65.9145 66.1921
3433 65.9145 65.9466
3434 65.9145 65.9145
3435 65.9145 66.0509
3436 65.9145 66.0041
3437 65.9145 66.3786
3438 65.9145 66.1051
3439 65.9145 66.146
3440 65.9145 65.9385
3441 65.9145 65.9347
3442 65.9145 65.9309
3443 65.9145 65.9527
3444 65.9145 65.9145
3445 65.9145 65.9145
3446 65.9145 66.115
3447 65.9145 66.1517
3448 65.9145 66.0465
3449 65.9145 65.9153
3450 65.9145 65.9706
3451 65.9145 65.9875
3452 65.9145 66.0344
3453 65.9145 66.2405
3454 65.9145 66.0245
3455 65.9145 66.1067
3456 65.9145 66.1991
3457 65.9145 65.9197
3458 65.9145 65.9323
3459 65.9145 65.9563
3460 65.9145 65.9145
3461 65.9145 65.9198
3462 65.9145 65.9145
3463 65.9145 66.1025
3464 65.9145 66.0288
3465 65.9145 65.9518
3466 65.9145 65.9145
3467 65.9145 65.9153
3468 65.9145 65.9459
3469 65.9145 65.9568
3470 65.9145 66.1476
3471 65.9145 66.1358
3472 65.9145 65.9146
3473 65.9145 65.9644
3474 65.9145 65.9153
3475 65.9145 66.0717
3476 65.9145 65.9532
3477 65.9145 65.944
3478 65.9145 66.0576
3479 65.9145 65.957
3480 65.9145 65.9689
3481 65.9145 66.0566
3482 65.9145 65.9971
3483 65.9145 65.9628
3484 65.9145 65.9206
3485 65.9145 65.9561
3486 65.9145 66.0135
3487 65.9145 65.948
3488 65.9145 65.9145
3489 65.9145 65.9145
3490 65.9145 65.9145
3491 65.9145 65.9145
3492 65.9145 65.9145
3493 65.9145 65.9937
3494 65.9145 65.9329
3495 65.9145 65.9576
3496 65.9145 65.9151
3497 65.9145 65.9709
3498 65.9145 65.9255
3499 65.9145 65.9145
3500 65.9145 65.929
3501 65.9145 65.9145
3502 65.9145 65.9387
3503 65.9145 65.9207
3504 65.9145 65.9145
3505 65.9145 65.9491
3506 65.9145 65.9145
3507 65.9145 66.0281
3508 65.9145 65.9145
3509 65.9145 65.9377
3510 65.9145 66.2641
3511 65.9145 66.1424
3512 65.9145 65.923
3513 65.9145 65.9155
3514 65.9145 65.9145
3515 65.9145 66.0033
3516 65.9145 65.9145
3517 65.9145 65.9145
3518 65.9145 65.9145
3519 65.9145 65.9145
3520 65.9145 65.9945
3521 65.9145 65.9395
3522 65.9145 65.9145
3523 65.9145 66.0015
3524 65.9145 65.9661
3525 65.9145 65.9871
3526 65.9145 65.9145
3527 65.9145 65.9145
3528 65.9145 66.0005
3529 65.9145 65.9487
3530 65.9145 65.9747
3531 65.9145 66.3345
3532 65.9145 66.3678
3533 65.9145 66.0335
3534 65.9145 66.4422
3535 65.9145 65.987
3536 65.9145 66.0863
3537 65.9145 65.9714
3538 65.9145 65.9702
3539 65.9145 65.9165
3540 65.9145 65.9145
3541 65.9145 65.9658
3542 65.9145 66.1114
3543 65.9145 66.2612
3544 65.9145 65.9556
3545 65.9145 65.9145
3546 65.9145 65.9145
3547 65.9145 66.0013
3548 65.9145 65.9999
3549 65.9145 66.1877
3550 65.9145 66.0944
3551 65.9145 66.086
3552 65.9145 66.0024
3553 65.9145 66.1455
3554 65.9145 65.9709
3555 65.9145 66.0547
3556 65.9145 65.9711
3557 65.9145 65.9414
3558 65.9145 65.9145
3559 65.9145 65.9393
3560 65.9145 65.9239
3561 65.9145 65.9145
3562 65.9145 65.9741
3563 65.9145 65.9759
3564 65.9145 65.9562
3565 65.9145 65.9937
3566 65.9145 66.0028
3567 65.9145 65.9164
3568 65.9145 65.9145
3569 65.9145 65.9197
3570 65.9145 66.1354
3571 65.9145 66.135
3572 65.9145 66.0651
3573 65.9145 65.9666
3574 65.9145 65.9161
3575 65.9145 65.9145
3576 65.9145 65.9145
3577 65.9145 65.9145
3578 65.9145 66.1764
3579 65.9145 65.9695
3580 65.9145 66.17
3581 65.9145 66.0405
3582 65.9145 66.1968
3583 65.9145 66.0804
3584 65.9145 66.0117
3585 65.9145 65.9188
3586 65.9145 65.9351
3587 65.9145 65.9615
3588 65.9145 65.9222
3589 65.9145 66.0076
3590 65.9145 65.9146
3591 65.9145 66.0013
3592 65.9145 65.9853
3593 65.9145 66.0037
3594 65.9145 65.9799
3595 65.9145 65.9901
3596 65.9145 66.0893
3597 65.9145 65.9928
3598 65.9145 65.9145
3599 65.9145 65.9884
3600 65.9145 66.0856
3601 65.9145 66.0526
3602 65.9145 65.9467
3603 65.9145 65.9151
3604 65.9145 65.9145
3605 65.9145 65.9145
3606 65.9145 65.9145
3607 65.9145 65.9145
3608 65.9145 65.9145
3609 65.9145 65.9354
3610 65.9145 65.9217
3611 65.9145 65.9288
3612 65.9145 65.9259
3613 65.9145 65.9145
3614 65.9145 65.9381
3615 65.9145 66.0003
3616 65.9145 65.9743
3617 65.9145 65.9408
3618 65.9145 65.967
3619 65.9145 65.9145
3620 65.9145 65.9145
3621 65.9145 66.0004
3622 65.9145 66.0241
3623 65.9145 65.9948
3624 65.9145 66.0534
3625 65.9145 65.9381
3626 65.9145 65.9176
3627 65.9145 65.9721
3628 65.9145 65.9434
3629 65.9145 65.9862
3630 65.9145 66.0383
3631 65.9145 65.9935
3632 65.9145 65.917
3633 65.9145 65.9356
3634 65.9145 65.9947
3635 65.9145 66.2259
3636 65.9145 66.2348
3637 65.9145 66.0473
3638 65.9145 65.9178
3639 65.9145 66.0472
3640 65.9145 66.012
3641 65.9145 66.1001
3642 65.9145 65.9665
3643 65.9145 66.0184
3644 65.9145 66.1307
3645 65.9145 66.1943
3646 65.9145 66.0694
3647 65.9145 66.0963
3648 65.9145 66.0936
3649 65.9145 66.0775
3650 65.9145 66.0668
3651 65.9145 66.2252
3652 65.9145 66.0394
3653 65.9145 65.9439
3654 65.9145 66.0853
3655 65.9145 66.0993
3656 65.9145 65.9542
3657 65.9145 66.0061
3658 65.9145 65.9145
3659 65.9145 65.9314
3660 65.9145 65.9285
3661 65.9145 65.9913
3662 65.9145 66.171
3663 65.9145 66.0863
3664 65.9145 66.0033
3665 65.9145 65.921
3666 65.9145 66.0742
3667 65.9145 66.0792
3668 65.9145 65.9771
3669 65.9145 66.0021
3670 65.9145 65.9168
3671 65.9145 65.9145
3672 65.9145 65.9859
3673 65.9145 66.0915
3674 65.9145 65.9155
3675 65.9145 66.0109
3676 65.9145 65.9145
3677 65.9145 65.9145
3678 65.9145 65.9804
3679 65.9145 66.1592
3680 65.9145 66.0375
3681 65.9145 65.9398
3682 65.9145 65.9145
3683 65.9145 65.9145
3684 65.9145 65.9145
3685 65.9145 65.9145
3686 65.9145 65.9523
3687 65.9145 65.964
3688 65.9145 65.932
3689 65.9145 65.9738
3690 65.9145 66.0451
3691 65.9145 65.9478
3692 65.9145 65.9145
3693 65.9145 65.9145
3694 65.9145 65.9163
3695 65.9145 66.0689
3696 65.9145 65.9145
3697 65.9145 65.9145
3698 65.9145 65.9286
3699 65.9145 65.954
3700 65.9145 65.971
3701 65.9145 66.1317
3702 65.9145 65.9826
3703 65.9145 65.9386
3704 65.9145 65.987
3705 65.9145 66.0221
3706 65.9145 65.9314
3707 65.9145 65.969
3708 65.9145 66.0049
3709 65.9145 65.9649
3710 65.9145 65.9443
3711 65.9145 65.9941
3712 65.9145 66.0335
3713 65.9145 66.2218
3714 65.9145 65.9596
3715 65.9145 65.9491
3716 65.9145 65.9924
3717 65.9145 66.0052
3718 65.9145 65.946
3719 65.9145 65.9145
3720 65.9145 66.0611
3721 65.9145 65.9464
3722 65.9145 65.9145
3723 65.9145 65.9145
3724 65.9145 65.9292
3725 65.9145 65.9598
3726 65.9145 65.9517
3727 65.9145 65.9607
3728 65.9145 65.9145
3729 65.9145 65.9163
3730 65.9145 65.9147
3731 65.9145 66.1642
3732 65.9145 66.01
3733 65.9145 66.0064
3734 65.9145 65.9436
3735 65.9145 66.1898
3736 65.9145 66.0633
3737 65.9145 65.9628
3738 65.9145 65.9623
3739 65.9145 65.927
3740 65.9145 65.9549
3741 65.9145 66.05
3742 65.9145 65.9331
3743 65.9145 65.9145
3744 65.9145 65.9195
3745 65.9145 65.9145
3746 65.9145 65.9151
3747 65.9145 65.9602
3748 65.9145 65.9474
3749 65.9145 65.9981
3750 65.9145 65.9853
3751 65.9145 65.9392
3752 65.9145 65.9787
3753 65.9145 65.9649
3754 65.9145 66.0544
3755 65.9145 66.2418
3756 65.9145 66.2158
3757 65.9145 65.9255
3758 65.9145 65.9957
3759 65.9145 65.9848
3760 65.9145 66.3636
3761 65.9145 65.9389
3762 65.9145 66.0449
3763 65.9145 66.0826
3764 65.9145 66.0788
3765 65.9145 65.9195
3766 65.9145 66.0592
3767 65.9145 65.9145
3768 65.9145 65.9168
3769 65.9145 66.1116
3770 65.9145 65.9817
3771 65.9145 66.0269
3772 65.9145 66.007
3773 65.9145 66.0642
3774 65.9145 66.0472
3775 65.9145 65.9786
3776 65.9145 65.9145
3777 65.9145 65.9154
3778 65.9145 66.102
3779 65.9145 66.3842
3780 65.9145 65.9869
3781 65.9145 65.9458
3782 65.9145 65.9145
3783 65.9145 65.9145
3784 65.9145 65.9219
3785 65.9145 66.0396
3786 65.9145 65.9183
3787 65.9145 66.0537
3788 65.9145 65.9238
3789 65.9145 66.1827
3790 65.9145 65.9238
3791 65.9145 65.9216
3792 65.9145 65.9556
3793 65.9145 66.0093
3794 65.9145 66.0479
3795 65.9145 65.9155
3796 65.9145 65.9145
3797 65.9145 65.9427
3798 65.9145 65.9145
3799 65.9145 66.0495
3800 65.9145 66.2606
3801 65.9145 65.9153
3802 65.9145 65.9488
3803 65.9145 65.977
3804 65.9145 66.0444
3805 65.9145 66.0938
3806 65.9145 65.9982
3807 65.9145 65.9343
3808 65.9145 65.9747
3809 65.9145 65.9145
3810 65.9145 65.9187
3811 65.9145 65.9145
3812 65.9145 65.9145
3813 65.9145 65.9145
3814 65.9145 66.0672
3815 65.9145 66.1504
3816 65.9145 66.0077
3817 65.9145 65.9145
3818 65.9145 65.917
3819 65.9145 65.9145
3820 65.9145 65.9309
3821 65.9145 66.0127
3822 65.9145 65.944
3823 65.9145 65.9847
3824 65.9145 66.0692
3825 65.9145 66.3015
3826 65.9145 65.9439
3827 65.9145 66.1123
3828 65.9145 66.0535
3829 65.9145 65.9501
3830 65.9145 66.0348
3831 65.9145 66.0023
3832 65.9145 66.0086
3833 65.9145 65.9373
3834 65.9145 65.9318
3835 65.9145 65.9164
3836 65.9145 65.9632
3837 65.9145 65.9192
3838 65.9145 65.9443
3839 65.9145 65.9145
3840 65.9145 65.9145
3841 65.9145 65.9171
3842 65.9145 66.025
3843 65.9145 66.0582
3844 65.9145 65.9552
3845 65.9145 65.9177
3846 65.9145 65.9703
3847 65.9145 65.9145
3848 65.9145 65.9151
3849 65.9145 65.9591
3850 65.9145 65.9145
3851 65.9145 65.9145
3852 65.9145 66.045
3853 65.9145 65.9718
3854 65.9145 66.0493
3855 65.9145 66.0157
3856 65.9145 66.0117
3857 65.9145 65.9281
3858 65.9145 65.9934
3859 65.9145 65.9357
3860 65.9145 65.9145
3861 65.9145 65.9145
3862 65.9145 65.9773
3863 65.9145 65.9599
3864 65.9145 65.9326
3865 65.9145 65.918
3866 65.9145 65.9224
3867 65.9145 65.9506
3868 65.9145 65.935
3869 65.9145 65.9145
3870 65.9145 65.9605
3871 65.9145 65.9145
3872 65.9145 65.9434
3873 65.9145 65.9145
3874 65.9145 65.9145
3875 65.9145 66.0784
3876 65.9145 65.9565
3877 65.9145 65.9507
3878 65.9145 66.1154
3879 65.9145 66.1363
3880 65.9145 66.0395
3881 65.9145 65.951
3882 65.9145 65.9364
3883 65.9145 66.0006
3884 65.9145 65.9145
3885 65.9145 65.9145
3886 65.9145 65.9198
3887 65.9145 66.0951
3888 65.9145 65.9145
3889 65.9145 65.9566
3890 65.9145 66.1536
3891 65.9145 65.9145
3892 65.9145 65.9155
3893 65.9145 65.9493
3894 65.9145 65.9145
3895 65.9145 65.9209
3896 65.9145 65.9145
3897 65.9145 65.9145
3898 65.9145 65.939
3899 65.9145 66.0556
3900 65.9145 65.9145
3901 65.9145 65.9145
3902 65.9145 65.9157
3903 65.9145 66.0876
3904 65.9145 65.9778
3905 65.9145 66.0954
3906 65.9145 66.0474
3907 65.9145 66.0023
3908 65.9145 65.9775
3909 65.9145 65.9212
3910 65.9145 65.9176
3911 65.9145 65.9382
3912 65.9145 66.0039
3913 65.9145 66.0386
3914 65.9145 66.0937
3915 65.9145 66.0288
3916 65.9145 66.1511
3917 65.9145 65.9145
3918 65.9145 65.9192
3919 65.9145 65.9412
3920 65.9145 65.9188
3921 65.9145 65.9279
3922 65.9145 65.9145
3923 65.9145 65.9145
3924 65.9145 65.9462
3925 65.9145 65.9584
3926 65.9145 65.9145
3927 65.9145 65.9145
3928 65.9145 65.9927
3929 65.9145 65.9511
3930 65.9145 65.9838
3931 65.9145 65.952
3932 65.9145 65.9983
3933 65.9145 65.9469
3934 65.9145 65.9145
3935 65.9145 65.9602
3936 65.9145 65.9166
3937 65.9145 65.9145
3938 65.9145 65.9221
3939 65.9145 65.9145
3940 65.9145 65.9145
3941 65.9145 65.9667
3942 65.9145 65.9197
3943 65.9145 66.0197
3944 65.9145 65.9844
3945 65.9145 65.9296
3946 65.9145 66.0223
3947 65.9145 66.0185
3948 65.9145 65.9608
3949 65.9145 65.9347
3950 65.9145 65.9224
3951 65.9145 65.9145
3952 65.9145 65.9262
3953 65.9145 65.942
3954 65.9145 65.9358
3955 65.9145 65.9145
3956 65.9145 65.9145
3957 65.9145 65.9145
3958 65.9145 66.1281
3959 65.9145 65.9162
3960 65.9145 65.9145
3961 65.9145 65.9145
3962 65.9145 65.9334
3963 65.9145 65.951
3964 65.9145 66.0926
3965 65.9145 66.0991
3966 65.9145 65.9797
3967 65.9145 66.2069
3968 65.9145 66.0444
3969 65.9145 65.9145
3970 65.9145 65.937
3971 65.9145 65.9982
3972 65.9145 66.0512
3973 65.9145 65.9257
3974 65.9145 65.9145
3975 65.9145 65.9145
3976 65.9145 65.9316
3977 65.9145 66.0534
3978 65.9145 66.1026
3979 65.9145 65.9145
3980 65.9145 65.9145
3981 65.9145 65.9145
3982 65.9145 65.9145
3983 65.9145 65.9976
3984 65.9145 65.9404
3985 65.9145 65.9402
3986 65.9145 66.0061
3987 65.9145 66.0549
3988 65.9145 65.9641
3989 65.9145 65.9145
3990 65.9145 66.0256
3991 65.9145 65.9235
3992 65.9145 65.9334
3993 65.9145 65.9651
3994 65.9145 66.1522
3995 65.9145 65.9175
3996 65.9145 66.0275
3997 65.9145 65.9145
3998 65.9145 65.9195
3999 65.9145 65.9719
