0 429.962 463.118
1 421.946 443.751
2 413.891 431.479
3 393.241 421.869
4 379.203 411.589
5 376.295 397.477
6 361.175 383.399
7 351.009 372.845
8 344.234 360.942
9 338.24 353.796
10 331.903 347.334
11 325.091 340.472
12 317.224 333.811
13 311.983 326.109
14 309.034 318.383
15 305.763 314.06
16 301.594 310.735
17 299.836 307.535
18 294.755 304.54
19 287.071 302.447
20 286.337 299.19
21 281.49 292.557
22 276.255 287.597
23 273.736 282.814
24 271.736 278.591
25 264.792 275.222
26 255.922 271.712
27 252.641 266.38
28 247.257 259.642
29 240.621 254.217
30 235.582 249.485
31 234.626 243.821
32 233.341 238.799
33 229.421 236.449
34 226.174 234.798
35 222.935 232.752
36 220.181 228.673
37 218.238 224.696
38 215.23 222.024
39 212.104 218.74
40 210.507 216.166
41 209.923 214.146
42 208.373 212.652
43 207.493 211.391
44 206.561 210.69
45 205.092 209.156
46 201.133 208.738
47 198.917 207.933
48 195.023 205.069
49 193.612 202.022
50 167.334 195.593
51 165.512 184.763
52 164.333 174.284
53 162.992 167.918
54 161.673 165.538
55 160.39 165.143
56 160.379 164.614
57 158.39 163.268
58 156.833 161.729
59 156.377 159.958
60 153.625 158.847
61 151.924 157.406
62 149.882 155.193
63 149.882 153.407
64 149.061 151.653
65 147.106 150.331
66 146.051 149.515
67 144.542 148.395
68 142.521 146.967
69 137.184 145.336
70 136.735 142.18
71 136.511 139.455
72 135.797 137.957
73 134.493 137.472
74 133.278 136.416
75 132.559 135.198
76 132.45 134.141
77 131.055 133.417
78 129.619 132.694
79 129.258 131.823
80 129.002 130.741
81 128.388 129.843
82 128.008 129.259
83 127.493 128.862
84 126.984 128.313
85 126.596 127.727
86 125.82 127.31
87 125.449 126.768
88 125.444 126.763
89 124.011 126.346
90 123.685 125.727
91 122.691 124.721
92 122.686 124.351
93 121.503 123.551
94 120.178 122.885
95 118.721 122.168
96 118.228 121.269
97 118.222 120.193
98 118.222 118.824
99 117.399 118.478
100 117.394 118.314
101 116.392 118.258
102 116.386 117.703
103 115.803 117.328
104 115.276 117.208
105 113.824 117.965
106 113.824 118.051
107 113.183 117.533
108 112.68 117.137
109 112.572 117.346
110 112.306 116.436
111 111.99 115.233
112 110.678 113.482
113 109.266 112.796
114 107.339 112.735
115 107.096 113.413
116 106.75 111.747
117 106.309 110.425
118 105.862 110.218
119 105.516 108.122
120 105.233 107.252
121 103.703 106.928
122 101.367 106.023
123 101.367 105.268
124 101.124 104.598
125 100.535 103.344
126 100.292 101.776
127 100.292 100.964
128 100.292 100.783
129 98.2 100.389
130 98.2 100.013
131 98.2 99.4744
132 97.8265 98.798
133 97.223 98.545
134 97.223 97.9653
135 96.9782 97.5944
136 96.654 97.3448
137 96.4031 97.1365
138 96.3468 97.0921
139 95.9763 97.4176
140 94.907 97.1632
141 94.1317 96.8409
142 93.69 95.9674
143 93.69 95.2105
144 93.6041 94.8408
145 93.6041 94.3289
146 93.6041 93.9998
147 93.6041 93.8133
148 93.5805 93.8881
149 93.5805 93.7484
150 92.6907 94.1713
151 92.6677 94.5629
152 92.6677 94.2828
153 92.3629 93.5173
154 92.3629 93.6082
155 92.3629 93.243
156 92.3333 92.7326
157 90.8701 92.5087
158 90.8701 92.3772
159 90.7556 91.9869
160 90.7556 91.5075
161 90.62 91.5484
162 90.2145 91.2651
163 90.1212 90.9772
164 90.0788 91.257
165 89.5773 91.2597
166 89.5773 90.3744
167 89.3686 89.9785
168 89.3686 89.7412
169 89.0672 89.7556
170 89.0672 89.6525
171 89.0672 89.6607
172 88.9145 89.3467
173 88.779 89.1427
174 88.126 89.0766
175 87.8872 89.1382
176 87.3317 89.3586
177 87.213 88.9828
178 85.7488 88.5556
179 85.7488 88.1554
180 85.1663 87.2331
181 84.6956 86.5243
182 84.6956 85.8178
183 84.5911 85.244
184 84.2884 84.8673
185 84.2884 84.8732
186 84.1264 84.6171
187 84.1264 84.5243
188 83.1067 84.648
189 83.1067 84.9087
190 83.1067 84.5815
191 83.1067 83.716
192 82.891 83.5991
193 82.891 83.3467
194 82.6598 83.1224
195 82.6598 83.0856
196 82.0317 82.7731
197 82.0317 82.8734
198 82.0317 82.4099
199 81.767 82.3612
200 81.767 82.5087
201 81.767 82.4066
202 81.4562 82.0159
203 81.4562 81.9478
204 81.4562 81.6177
205 81.4562 81.5439
206 81.4562 81.4963
207 81.4562 81.4562
208 81.4562 81.476
209 81.4562 81.5438
210 81.4562 81.4744
211 81.4562 81.4562
212 81.4562 81.4562
213 81.4562 81.5249
214 81.4562 81.4562
215 81.4562 81.4584
216 81.4562 81.4562
217 81.4562 81.4562
218 81.3233 81.4847
219 81.3233 81.5452
220 81.0918 82.2849
221 81.0918 83.4298
222 81.0918 83.5113
223 81.0918 83.5369
224 81.0918 81.7803
225 81.0918 81.2884
226 80.8911 81.2256
227 80.8911 81.2424
228 80.8911 81.1135
229 80.301 81.1839
230 80.2553 81.3714
231 80.2553 80.791
232 79.9151 80.64
233 79.9151 80.5925
234 79.86 80.8737
235 79.8154 81.2575
236 79.8154 81.6348
237 79.8154 81.7782
238 79.0478 81.314
239 78.9927 81.6759
240 78.9927 81.9159
241 78.9927 81.4234
242 78.8409 80.5115
243 77.719 79.5674
244 77.719 79.4823
245 77.719 78.8723
246 77.3371 77.998
247 77.3371 77.8771
248 77.3371 77.5398
249 77.2914 77.4586
250 77.2914 77.5044
251 77.2914 77.4614
252 77.2914 77.3373
253 77.2914 77.4465
254 77.2914 77.3303
255 77.2914 77.3552
256 77.2914 77.3321
257 77.2193 77.4005
258 77.2193 77.4027
259 77.2193 77.2662
260 76.9249 77.3303
261 76.9249 77.3598
262 76.899 77.4491
263 76.8197 77.0136
264 76.7938 77.2583
265 76.2443 78.2859
266 75.9408 77.0271
267 75.9408 76.5516
268 75.9408 76.3395
269 75.9408 76.152
270 75.9408 75.9813
271 75.9408 75.9877
272 75.9408 75.9592
273 75.9408 76.1314
274 75.9408 76.0486
275 75.3562 76.0926
276 75.2792 76.8425
277 75.2792 76.6512
278 74.6946 76.7043
279 74.6946 76.4732
280 74.6946 77.0942
281 74.6546 76.3635
282 74.6546 75.5567
283 74.6546 74.7481
284 74.6546 74.8381
285 74.6546 74.76
286 74.6546 74.8025
287 74.4889 74.6548
288 74.4889 74.8661
289 74.4889 74.9801
290 74.4889 74.741
291 74.4889 74.6414
292 74.2619 74.4954
293 74.2619 74.4669
294 74.2619 74.4045
295 74.0225 74.3008
296 74.0225 74.2438
297 74.0225 74.2219
298 74.0225 74.183
299 73.1518 74.1158
300 73.1518 74.072
301 73.1518 73.8509
302 72.8911 73.6836
303 72.8911 73.3344
304 72.8911 73.2097
305 72.8911 73.0789
306 72.8911 72.9647
307 72.8911 73.0608
308 72.8911 72.912
309 72.3681 72.8924
310 71.9918 72.9249
311 71.9918 72.851
312 71.9918 72.8576
313 71.9111 72.5279
314 71.9111 72.1115
315 71.8194 72.1118
316 71.8194 72.4003
317 71.8194 72.1152
318 71.8194 72.0686
319 71.8194 71.9718
320 71.8194 71.8311
321 71.8194 71.8194
322 71.5935 71.8425
323 71.5935 72.6082
324 71.5935 74.8413
325 71.5935 74.3237
326 71.5935 74.0172
327 71.5935 73.0042
328 71.5935 72.0676
329 71.5893 71.6237
330 71.5893 71.7009
331 71.5893 71.6226
332 71.5893 71.6572
333 71.5893 71.59
334 71.5893 71.6665
335 71.5893 71.6038
336 71.5893 71.6182
337 71.5893 71.606
338 71.5893 71.5927
339 71.5893 71.6345
340 71.5893 71.5908
341 71.5893 71.5893
342 71.5893 71.5893
343 71.5893 71.5893
344 71.5893 71.61
345 71.5893 71.635
346 71.5893 71.5893
347 71.5893 71.6473
348 71.5893 71.5893
349 71.5893 71.638
350 71.5893 71.5893
351 71.5893 71.6044
352 71.5893 71.5893
353 71.5893 71.6544
354 71.5893 71.6059
355 71.5893 71.6815
356 71.5893 71.6787
357 71.5893 71.6036
358 71.5893 71.6227
359 71.5893 71.6541
360 71.5893 71.7183
361 71.5893 71.6254
362 71.5893 71.6467
363 71.5893 71.8295
364 71.5893 71.8234
365 71.5893 71.6159
366 71.5893 71.7306
367 71.5893 71.7179
368 71.5893 71.6159
369 71.5893 71.59
370 71.5893 71.6566
371 71.5893 71.7067
372 71.3389 71.6556
373 71.3389 72.5875
374 71.3389 74.7024
375 71.3389 74.7114
376 71.3389 73.744
377 71.3389 72.4652
378 71.3389 71.5144
379 71.3389 71.4425
380 71.3389 71.356
381 71.3389 71.4353
382 71.3389 71.4028
383 71.3389 71.526
384 71.3389 71.3737
385 71.3389 71.3535
386 71.3389 71.3645
387 71.3389 71.3389
388 71.3389 71.3389
389 71.3389 71.3389
390 71.3389 71.3389
391 71.3389 71.4291
392 71.3389 71.5635
393 71.3389 71.421
394 71.3389 71.4661
395 71.3389 71.4549
396 71.3389 71.5947
397 71.3389 71.4794
398 71.3389 71.4668
399 71.3389 71.3389
400 71.3389 71.4039
401 71.3389 71.3389
402 71.3389 71.4261
403 71.3389 71.3641
404 71.3389 71.388
405 71.3389 71.3389
406 71.3389 71.3604
407 71.3389 71.3389
408 71.3389 71.4206
409 71.3389 71.4016
410 71.3389 71.356
411 71.3389 71.3725
412 71.3389 71.6635
413 71.3389 71.3547
414 71.3389 71.3531
415 71.3389 71.3761
416 71.3389 71.4334
417 71.3389 71.3389
418 71.3389 71.3389
419 71.3389 71.4443
420 71.3389 71.6282
421 71.3389 71.3408
422 71.3389 71.4157
423 71.3389 71.3793
424 71.3389 71.3389
425 71.3389 71.3389
426 71.3389 71.4925
427 71.3389 71.5394
428 71.3389 71.6208
429 71.3389 71.5929
430 71.3389 71.3515
431 71.3389 71.3465
432 71.3389 71.4328
433 71.3389 71.3389
434 71.3389 71.3642
435 71.3389 71.4294
436 71.3389 71.3406
437 71.3389 71.4136
438 71.3389 71.3389
439 71.3389 71.4121
440 71.3389 71.4039
441 71.3389 71.3638
442 71.3389 71.3715
443 71.3389 71.3389
444 71.3389 71.3402
445 71.3389 71.3389
446 71.3389 71.4116
447 71.3389 71.4899
448 71.3389 71.479
449 71.3389 71.5909
450 71.3389 71.5872
451 71.3389 71.3547
452 71.3389 71.3452
453 71.3389 71.345
454 71.3389 71.3592
455 71.3389 71.6201
456 71.3389 71.3677
457 71.3389 71.3389
458 71.3389 71.3389
459 71.3389 71.443
460 71.3389 71.4262
461 71.3389 71.5057
462 71.3389 71.4297
463 71.2438 71.4464
464 71.2438 71.3364
465 71.2438 71.7875
466 71.119 71.6613
467 71.119 71.6581
468 71.119 71.595
469 71.119 71.247
470 71.119 71.193
471 71.119 71.588
472 70.6266 71.1264
473 70.6266 71.0551
474 70.6266 70.894
475 70.6266 70.7558
476 70.6266 70.6733
477 70.6266 70.6427
478 70.6266 70.6266
479 70.6266 70.6266
480 70.6266 70.7447
481 70.6266 70.6641
482 70.6266 70.7015
483 70.6266 70.7203
484 70.6266 70.7346
485 70.6266 70.7203
486 70.6266 70.8419
487 70.6266 70.6266
488 70.6266 70.6531
489 70.6266 70.6324
490 70.6266 70.6743
491 70.6137 70.6301
492 70.6137 70.7855
493 70.6137 70.7412
494 70.6137 70.7113
495 70.6137 70.7448
496 70.6137 71.0813
497 70.6137 70.8978
498 70.6137 70.718
499 70.6137 70.6275
500 70.3008 71.2152
501 70.3008 72.9306
502 70.3008 73.069
503 70.3008 72.4153
504 70.3008 71.8604
505 70.3008 71.1907
506 70.3008 70.9595
507 70.3008 70.5478
508 70.3008 70.3357
509 70.3008 70.4161
510 70.3008 70.3897
511 70.3008 70.5156
512 70.3008 70.5165
513 70.3008 70.3776
514 70.3008 70.3008
515 70.3008 70.3009
516 70.3008 70.3447
517 70.3008 70.3944
518 70.3008 70.3503
519 70.3008 70.345
520 70.3008 70.3688
521 70.3008 70.3882
522 70.3008 70.3342
523 70.3008 70.4381
524 70.3008 70.5149
525 70.3008 70.4063
526 70.3008 70.3149
527 70.3008 70.3008
528 70.3008 70.3008
529 70.3008 70.3008
530 70.3008 70.3008
531 70.3008 70.3509
532 70.3008 70.3695
533 70.3008 70.3008
534 70.3008 70.3448
535 70.3008 70.3061
536 70.3008 70.3008
537 70.3008 70.3915
538 70.3008 70.3016
539 70.3008 70.3008
540 70.3008 70.3008
541 70.3008 70.3008
542 70.3008 70.3248
543 70.3008 70.326
544 70.3008 70.3569
545 70.3008 70.3168
546 70.3008 70.362
547 70.3008 70.5562
548 70.3008 70.4306
549 70.3008 70.3418
550 67.8667 70.4168
551 67.8667 70.4037
552 67.8667 70.229
553 67.8667 69.0135
554 67.8667 68.5899
555 67.8235 68.2176
556 67.8235 67.8924
557 67.8235 67.844
558 67.8235 68.0188
559 67.8235 67.9376
560 67.8235 68.2005
561 67.8235 67.9137
562 67.8235 67.9789
563 67.8235 67.9681
564 67.8235 67.9221
565 67.8235 68.0612
566 67.8235 68.1052
567 67.8235 67.8582
568 67.8235 67.8245
569 67.8235 67.8514
570 67.8235 67.8235
571 67.8235 67.8235
572 67.8235 67.8297
573 67.8235 67.8235
574 67.8235 67.8255
575 67.8235 67.8535
576 67.8235 67.8451
577 67.8235 67.8235
578 67.8235 67.8235
579 67.8235 67.9247
580 67.8235 67.8403
581 67.8235 68.0166
582 67.8235 67.8335
583 67.8235 67.9468
584 67.8235 67.8364
585 67.8235 67.854
586 67.8235 67.8332
587 67.8235 67.8324
588 67.8235 67.8757
589 67.8235 67.8235
590 67.8235 67.8235
591 67.8235 67.8235
592 67.8235 67.8716
593 67.8235 67.8442
594 67.8235 67.8303
595 67.8235 67.8513
596 67.8235 67.8887
597 67.8235 67.8247
598 67.8235 67.829
599 67.8235 67.8292
600 67.8235 67.8235
601 67.8235 67.8235
602 67.8235 68.0276
603 67.8235 67.8559
604 67.8235 67.9813
605 67.8235 67.9631
606 67.8235 67.8909
607 67.8235 67.9366
608 67.8235 67.8235
609 67.8235 67.8323
610 67.8235 67.8235
611 67.8235 67.8235
612 67.8235 67.8235
613 67.8235 67.8235
614 67.8235 67.9425
615 67.8235 67.8745
616 67.8235 67.8965
617 67.8235 67.8506
618 67.8235 67.8285
619 67.8235 67.8529
620 67.8235 67.8235
621 67.8235 67.9215
622 67.8235 68.1128
623 67.8235 67.9434
624 67.8235 67.9131
625 67.8235 68.0465
626 67.8235 68.0023
627 67.8235 68.1426
628 67.8235 68.1394
629 67.8235 67.9734
630 67.8235 67.8505
631 67.8235 67.8235
632 67.8235 67.8484
633 67.8235 67.8837
634 67.8235 67.9237
635 67.8235 68.158
636 67.8235 68.0834
637 67.8235 67.8459
638 67.8235 67.8262
639 67.8235 67.8294
640 67.8235 67.9066
641 67.8235 67.8815
642 67.8235 68.0044
643 67.8235 68.1115
644 67.8235 67.9225
645 67.8235 67.8244
646 67.8235 67.8934
647 67.8235 67.927
648 67.8235 67.8252
649 67.8235 67.8278
650 67.8235 67.8235
651 67.8235 67.8235
652 67.8235 68.141
653 67.8235 67.8371
654 67.8235 68.2868
655 67.8235 68.0036
656 67.8235 68.1271
657 67.8235 67.8809
658 67.8235 67.8839
659 67.8235 67.8967
660 67.8235 67.892
661 67.8235 67.8396
662 67.8235 67.8591
663 67.8235 67.8235
664 67.8235 67.862
665 67.8235 67.8235
666 67.8235 67.9578
667 67.8235 67.8876
668 67.8235 67.8286
669 67.8235 67.8584
670 67.8235 68.2446
671 67.8235 67.8626
672 67.8235 67.8448
673 67.8235 67.92
674 67.8235 68.0672
675 67.8235 67.9787
676 67.8235 68.1194
677 67.8235 67.9249
678 67.8235 67.8565
679 67.8235 67.8346
680 67.8235 67.9105
681 67.8235 67.8327
682 67.8235 67.9309
683 67.8235 67.9575
684 67.8235 67.8672
685 67.8235 67.9297
686 67.8235 68.0917
687 67.8235 67.8767
688 67.8235 68.1508
689 67.8235 67.8697
690 67.8235 67.8647
691 67.8235 67.8268
692 67.8235 67.8235
693 67.8235 67.8235
694 67.8235 67.8268
695 67.8235 67.825
696 67.8235 67.8235
697 67.8235 67.885
698 67.8235 68.1392
699 67.8235 67.8346
700 67.3957 67.8303
701 67.3957 67.9687
702 67.3957 67.8933
703 67.3957 67.8766
704 67.3957 67.6942
705 67.3957 67.4787
706 67.3957 67.3957
707 67.3957 67.4561
708 67.3957 67.5414
709 67.3957 67.5198
710 67.3957 67.5071
711 67.3957 67.3957
712 67.3957 67.4168
713 67.3957 67.3957
714 67.3957 67.4641
715 67.3957 67.4136
716 67.3957 67.5274
717 67.3957 67.5833
718 67.3957 67.5397
719 67.3957 67.4193
720 67.3957 67.4978
721 67.3957 67.5708
722 67.3957 67.4112
723 67.3957 67.442
724 67.3957 67.3957
725 67.3957 67.3957
726 67.3957 67.3957
727 67.3957 67.4085
728 67.3957 67.3957
729 67.3957 67.4086
730 67.3957 67.3957
731 67.3957 67.445
732 67.3957 67.5866
733 67.3957 67.6114
734 67.3957 67.4567
735 67.3957 67.4701
736 67.3957 67.4451
737 67.3957 67.4968
738 67.3957 67.4137
739 67.3957 67.4234
740 67.3957 67.8332
741 67.3957 67.5553
742 67.3957 67.4758
743 67.3957 67.4171
744 67.3957 67.4113
745 67.3957 67.4014
746 67.3957 67.4618
747 67.3957 67.7731
748 67.3957 67.5252
749 67.3957 67.6767
750 67.3957 67.4194
751 67.3957 67.3996
752 67.3957 67.4053
753 67.3957 67.3957
754 67.3957 67.4061
755 67.3957 67.3957
756 67.3957 67.3957
757 67.3957 67.3957
758 67.3957 67.4033
759 67.3957 67.4168
760 67.3957 67.3957
761 67.3957 67.3957
762 67.3957 67.3957
763 67.3957 67.3973
764 67.3957 67.3957
765 67.3957 67.3957
766 67.3957 67.3957
767 67.3957 67.3957
768 67.3957 67.424
769 67.3957 67.44
770 67.3957 67.3971
771 67.3957 67.4263
772 67.3957 67.4651
773 67.3957 67.3957
774 67.3957 67.3957
775 67.3957 67.6101
776 67.3957 67.6646
777 67.3957 67.7444
778 67.3957 67.4075
779 67.3957 67.5422
780 67.3957 67.5059
781 67.3957 67.4369
782 67.3957 67.4735
783 67.3957 67.3957
784 67.3957 67.5607
785 67.3957 67.7178
786 67.3957 67.745
787 67.3957 67.5587
788 67.3957 67.6005
789 67.3957 67.5845
790 67.3957 67.8407
791 67.3957 67.4546
792 67.3957 67.5
793 67.3957 67.3957
794 67.3957 67.4299
795 67.3957 67.4324
796 67.3957 67.5697
797 67.3957 67.4299
798 67.3957 67.3957
799 67.3957 67.3957
800 67.3957 67.4107
801 67.3957 67.4439
802 67.3957 67.4496
803 67.3957 67.4779
804 67.3957 67.4436
805 67.3957 67.3957
806 67.3957 67.4498
807 67.3957 67.4436
808 67.3957 67.4715
809 67.3957 67.411
810 67.3957 67.523
811 67.3957 67.4082
812 67.3957 67.3988
813 67.3957 67.4011
814 67.3957 67.4355
815 67.3957 67.4573
816 67.3957 67.4274
817 67.3957 67.4082
818 67.3957 67.4488
819 67.3957 67.3957
820 67.3957 67.5194
821 67.3957 67.4265
822 67.3957 67.3957
823 67.3957 67.3957
824 67.3957 67.3957
825 67.3957 67.4074
826 67.3957 67.399
827 67.3957 67.3957
828 67.3957 67.4417
829 67.3957 67.4064
830 67.3957 67.5192
831 67.3957 67.4494
832 67.3957 67.4063
833 67.3957 67.5882
834 67.3957 67.5052
835 67.3957 67.5854
836 67.3957 67.4407
837 67.3957 67.4052
838 67.3957 67.3968
839 67.3957 67.4354
840 67.3957 67.4556
841 67.3957 67.5447
842 67.3957 67.5642
843 67.3957 67.4483
844 67.3957 67.5453
845 67.3957 67.46
846 67.3957 67.3987
847 67.3957 67.5213
848 67.3957 67.4445
849 67.3957 67.5667
850 67.3957 67.5372
851 67.3957 67.3957
852 67.3957 67.4607
853 67.3957 67.4558
854 67.3957 67.5286
855 67.3957 67.484
856 67.3957 67.5045
857 67.3957 67.5796
858 67.3957 67.6671
859 67.3957 67.616
860 67.3957 67.414
861 67.3957 67.4499
862 67.3957 67.5005
863 67.3957 67.412
864 67.3957 67.6165
865 67.3957 67.5139
866 67.3957 67.3957
867 67.3957 67.3957
868 67.3957 67.3957
869 67.3957 67.3957
870 67.3957 67.3957
871 67.3957 67.3957
872 67.3957 67.3957
873 67.3957 67.3957
874 67.3957 67.3972
875 67.3957 67.4273
876 67.3957 67.5621
877 67.3957 67.4866
878 67.3957 67.4975
879 67.3957 67.4002
880 67.3957 67.4056
881 67.3957 67.5167
882 67.3957 67.544
883 67.3957 67.4053
884 67.3957 67.4379
885 67.3957 67.6016
886 67.3957 67.6427
887 67.3957 67.4146
888 67.3957 67.3957
889 67.3957 67.3957
890 67.3957 67.3964
891 67.3957 67.4018
892 67.3957 67.4005
893 67.3957 67.3957
894 67.3957 67.3957
895 67.3957 67.3957
896 67.3957 67.3957
897 67.3957 67.5133
898 67.3957 67.4133
899 67.3957 67.3957
900 66.9713 67.3713
901 66.9713 67.3652
902 66.9713 67.3934
903 66.9713 67.1571
904 66.9713 67.0511
905 66.9713 67.0049
906 66.9713 66.9939
907 66.9713 67.0307
908 66.9713 67.1594
909 66.9713 67.0382
910 66.9713 67.2238
911 66.9713 67.0449
912 66.9713 67.1904
913 66.9713 67.0349
914 66.9713 67.0277
915 66.9713 66.9945
916 66.9713 66.9934
917 66.9713 66.9995
918 66.9713 67.044
919 66.9713 67.1237
920 66.9713 67.1711
921 66.9713 67.1801
922 66.9713 66.9713
923 66.9713 67.0085
924 66.9713 67.1115
925 66.9713 66.9743
926 66.9713 66.9713
927 66.9713 66.9895
928 66.9713 66.9735
929 66.9713 66.9713
930 66.9713 67.0211
931 66.9713 66.9988
932 66.9713 67.0364
933 66.9713 67.1457
934 66.9713 67.3314
935 66.9713 67.0385
936 66.9713 67.0449
937 66.9713 67.0957
938 66.9713 67.0095
939 66.9713 67.0931
940 66.9713 67.0523
941 66.9713 67.0044
942 66.9713 66.99
943 66.9713 66.997
944 66.9713 67.0393
945 66.9713 66.9836
946 66.9713 67.0093
947 66.9713 67.0339
948 66.9713 66.9818
949 66.9713 66.9893
950 66.9713 66.985
951 66.9713 66.9715
952 66.9713 67.048
953 66.9713 67.1549
954 66.9713 67.0205
955 66.9713 67.021
956 66.9713 67.0129
957 66.9713 67.1139
958 66.9713 67.143
959 66.9713 67.2857
960 66.9713 66.9713
961 66.9713 67.197
962 66.9713 66.9928
963 66.9713 67.0709
964 66.9713 67.1231
965 66.9713 67.0642
966 66.9713 66.9757
967 66.9713 66.9789
968 66.9713 66.9861
969 66.9713 66.9713
970 66.9713 66.9858
971 66.9713 67.0197
972 66.9713 66.9713
973 66.9713 66.9843
974 66.9713 66.9713
975 66.9713 67.0191
976 66.9713 67.1485
977 66.9713 67.0033
978 66.9713 66.9904
979 66.9713 66.9713
980 66.9713 66.9713
981 66.9713 66.9713
982 66.9713 66.9713
983 66.9713 66.98
984 66.9713 67.1726
985 66.9713 67.2995
986 66.9713 66.9758
987 66.9713 67.1625
988 66.9713 67.0922
989 66.9713 67.106
990 66.9713 67.1396
991 66.9713 67.0102
992 66.9713 66.9739
993 66.9713 67.1095
994 66.9713 67.3551
995 66.9713 67.2231
996 66.9713 67.0576
997 66.9713 66.9713
998 66.9713 67.1995
999 66.9713 67.1662
1000 66.9713 67.3302
1001 66.9713 67.2
1002 66.9713 67.2658
1003 66.9713 67.0511
1004 66.9713 67.0026
1005 66.9713 66.9894
1006 66.9713 66.9861
1007 66.9713 66.9713
1008 66.9713 67.0362
1009 66.9713 67.1056
1010 66.9713 67.2224
1011 66.9713 67.0877
1012 66.9713 67.0346
1013 66.9713 66.9769
1014 66.9713 66.9822
1015 66.9713 66.9936
1016 66.9713 67.0559
1017 66.9713 67.0027
1018 66.9713 66.9713
1019 66.9713 66.9715
1020 66.9713 66.9978
1021 66.9713 67.0267
1022 66.9713 67.0342
1023 66.9713 67.1208
1024 66.9713 67.0499
1025 66.9713 66.9713
1026 66.9713 66.9774
1027 66.9713 66.9713
1028 66.9713 66.9948
1029 66.9713 66.9713
1030 66.9713 66.9713
1031 66.9713 67.3186
1032 66.9713 67.3615
1033 66.9713 67.137
1034 66.9713 66.9713
1035 66.9713 67.0497
1036 66.9713 66.9714
1037 66.9713 66.9969
1038 66.9713 67.0138
1039 66.9713 66.9787
1040 66.9713 66.9783
1041 66.9713 66.9958
1042 66.9713 66.9713
1043 66.9713 66.9905
1044 66.9713 67.046
1045 66.9713 66.9798
1046 66.9713 67.0002
1047 66.9713 67.0219
1048 66.9713 67.0075
1049 66.9713 66.9713
1050 66.9713 66.9842
1051 66.9713 67.0343
1052 66.9713 67.0077
1053 66.9713 67.0603
1054 66.9713 67.1117
1055 66.9713 66.9713
1056 66.9713 67.0645
1057 66.9713 67.0502
1058 66.9713 66.9877
1059 66.9713 66.9938
1060 66.9713 66.9785
1061 66.9713 66.9762
1062 66.9713 66.9926
1063 66.9713 67.0114
1064 66.9713 66.9713
1065 66.9713 66.9995
1066 66.9713 66.991
1067 66.9713 67.1093
1068 66.9713 67.0214
1069 66.9713 66.9713
1070 66.9713 67.0099
1071 66.9713 67.0953
1072 66.9713 67.0018
1073 66.9713 67.0329
1074 66.9713 67.0055
1075 66.9713 67.1476
1076 66.9713 66.9861
1077 66.9713 67.0952
1078 66.9713 67.2355
1079 66.9713 67.1742
1080 66.9713 67.1496
1081 66.9713 66.9783
1082 66.9713 67.2156
1083 66.9713 67.1576
1084 66.9713 67.0164
1085 66.9713 67.0081
1086 66.9713 66.986
1087 66.9713 66.9713
1088 66.9713 66.9713
1089 66.9713 66.9826
1090 66.9713 67.0112
1091 66.9713 67.017
1092 66.9713 66.9713
1093 66.9713 66.9882
1094 66.9713 67.0128
1095 66.9713 66.9713
1096 66.9713 66.9923
1097 66.9713 66.9792
1098 66.9713 66.9926
1099 66.9713 66.9713
1100 66.9713 66.9713
1101 66.9713 67.0569
1102 66.9713 67.0374
1103 66.9713 67.0238
1104 66.9713 67.1327
1105 66.9713 67.0729
1106 66.9713 67.0505
1107 66.9713 66.9713
1108 66.9713 66.9718
1109 66.9713 66.9828
1110 66.9713 67.02
1111 66.9713 66.9713
1112 66.9713 66.9713
1113 66.9713 66.9713
1114 66.9713 66.9713
1115 66.9713 67.0268
1116 66.9713 66.9854
1117 66.9713 66.9715
1118 66.9713 66.9713
1119 66.9713 66.9713
1120 66.9713 67.0629
1121 66.9713 66.9713
1122 66.9713 66.972
1123 66.9713 66.9983
1124 66.9713 67.0042
1125 66.9713 66.9713
1126 66.9713 66.9713
1127 66.9713 67.039
1128 66.9713 67.0179
1129 66.9713 67.0394
1130 66.9713 66.9792
1131 66.9713 66.9713
1132 66.9713 66.9713
1133 66.9713 67.0827
1134 66.9713 67.1867
1135 66.9713 67.0209
1136 66.9713 66.9713
1137 66.9713 66.9713
1138 66.9713 67.0399
1139 66.9713 67.1185
1140 66.9713 67.0799
1141 66.9713 67.2528
1142 66.9713 67.0815
1143 66.9713 67.1101
1144 66.9713 67.0331
1145 66.9713 67.0852
1146 66.9713 67.1
1147 66.9713 67.0072
1148 66.9713 67.145
1149 66.9713 66.9988
1150 66.9713 66.9802
1151 66.9713 67.0464
1152 66.9713 67.145
1153 66.9713 67.1522
1154 66.9713 67.2521
1155 66.9713 66.9713
1156 66.9713 66.9713
1157 66.9713 67.0402
1158 66.9713 67.1044
1159 66.9713 67.154
1160 66.9713 67.0672
1161 66.9713 66.9713
1162 66.9713 66.9818
1163 66.9713 67.0564
1164 66.9713 67.1219
1165 66.9713 66.9713
1166 66.9713 67.0138
1167 66.9713 67.097
1168 66.9713 66.9946
1169 66.9713 67.3261
1170 66.9713 67.0259
1171 66.9713 67.0187
1172 66.9713 67.0578
1173 66.9713 66.9715
1174 66.9713 67.1038
1175 66.9713 66.9713
1176 66.9713 66.9713
1177 66.9713 67.0153
1178 66.9713 66.9945
1179 66.9713 66.9865
1180 66.9713 66.9713
1181 66.9713 66.9893
1182 66.9713 66.9713
1183 66.9713 66.9779
1184 66.9713 66.9724
1185 66.9713 66.9785
1186 66.9713 66.9713
1187 66.9713 66.9713
1188 66.9713 66.9828
1189 66.9713 67.0026
1190 66.9713 67.0158
1191 66.9713 66.9713
1192 66.9713 66.9713
1193 66.9713 67.0137
1194 66.9713 67.0298
1195 66.9713 66.9713
1196 66.9713 66.9713
1197 66.9713 66.9713
1198 66.9713 67.1068
1199 66.9713 66.9766
1200 66.9713 67.0497
1201 66.9713 67.0733
1202 66.9713 66.9963
1203 66.9713 67.0274
1204 66.9713 66.9803
1205 66.9713 67.0117
1206 66.9713 66.9713
1207 66.9713 66.9713
1208 66.9713 67.1666
1209 66.9713 67.2712
1210 66.9713 67.0375
1211 66.9713 66.9713
1212 66.9713 66.9741
1213 66.9713 66.9788
1214 66.9713 67.1395
1215 66.9713 67.0767
1216 66.9713 67.0665
1217 66.9713 67.0237
1218 66.9713 66.9776
1219 66.9713 66.9713
1220 66.9713 67.0942
1221 66.9713 67.0166
1222 66.9713 67.1009
1223 66.9713 67.0066
1224 66.9713 67.0321
1225 66.9713 67.2319
1226 66.9713 67.1808
1227 66.9713 67.2219
1228 66.9713 67.0894
1229 66.9713 67.0203
1230 66.9713 66.9713
1231 66.9713 66.9744
1232 66.9713 67.0201
1233 66.9713 67.0089
1234 66.9713 67.1469
1235 66.9713 67.015
1236 66.9713 66.9997
1237 66.9713 67.0077
1238 66.9713 66.9987
1239 66.9713 67.4304
1240 66.9713 66.988
1241 66.9713 66.9819
1242 66.9713 66.9713
1243 66.9713 66.9947
1244 66.9713 66.9974
1245 66.9713 66.9773
1246 66.9713 66.9713
1247 66.9713 66.9912
1248 66.9713 67.0161
1249 66.9713 66.9784
1250 66.9713 66.9713
1251 66.9713 66.9869
1252 66.9713 66.9713
1253 66.9713 67.1697
1254 66.9713 67.1078
1255 66.9713 66.9874
1256 66.9713 66.9713
1257 66.9713 66.9713
1258 66.9713 67.0101
1259 66.9713 67.0629
1260 66.9713 67.0563
1261 66.9713 67.1027
1262 66.9713 67.0553
1263 66.9713 67.0101
1264 66.9713 67.1826
1265 66.9713 67.1257
1266 66.9713 67.0361
1267 66.9713 67.1457
1268 66.9713 67.0366
1269 66.9713 67.087
1270 66.9713 67.1108
1271 66.9713 66.9713
1272 66.9713 66.9779
1273 66.9713 66.9713
1274 66.9713 66.9714
1275 66.9713 67.0708
1276 66.9713 67.2581
1277 66.9713 67.392
1278 66.9713 67.1115
1279 66.9713 66.9713
1280 66.9713 67.0664
1281 66.9713 67.3838
1282 66.9713 67.004
1283 66.9713 67.0615
1284 66.9713 67.0313
1285 66.9713 66.9874
1286 66.9713 66.9713
1287 66.9713 67.0776
1288 66.9713 67.0654
1289 66.9713 67.0613
1290 66.9713 67.1648
1291 66.9713 66.9959
1292 66.9713 67.0713
1293 66.9713 67.0607
1294 66.9713 67.1074
1295 66.9713 67.0321
1296 66.9713 66.9745
1297 66.9713 66.9723
1298 66.9713 66.9713
1299 66.9713 67.0073
1300 66.9713 67.2695
1301 66.9713 67.0825
1302 66.9713 66.9713
1303 66.9713 66.9713
1304 66.9713 67.0128
1305 66.9713 66.9871
1306 66.9713 67.0335
1307 66.9713 66.9805
1308 66.9713 66.9713
1309 66.9713 66.9713
1310 66.9713 66.9713
1311 66.9713 66.9744
1312 66.9713 66.9713
1313 66.9713 66.9713
1314 66.9713 67.0638
1315 66.9713 67.1688
1316 66.9713 67.0448
1317 66.9713 67.0286
1318 66.9713 67.2031
1319 66.9713 67.0142
1320 66.9713 67.1803
1321 66.9713 67.1644
1322 66.9713 66.9713
1323 66.9713 66.9917
1324 66.9713 66.9713
1325 66.9713 67.0506
1326 66.9713 67.0223
1327 66.9713 67.0612
1328 66.9713 67.2073
1329 66.9713 67.0807
1330 66.9713 66.9716
1331 66.9713 66.9762
1332 66.9713 66.9856
1333 66.9713 66.9764
1334 66.9713 66.9942
1335 66.9713 66.9774
1336 66.9713 67.0893
1337 66.9713 67.2376
1338 66.9713 67.0273
1339 66.9713 66.9713
1340 66.9713 66.9786
1341 66.9713 66.986
1342 66.9713 66.9713
1343 66.9713 66.9744
1344 66.9713 67.0066
1345 66.9713 66.9722
1346 66.9713 67.0569
1347 66.9713 67.019
1348 66.9713 66.9844
1349 66.9713 66.9713
1350 66.9713 66.9713
1351 66.9713 66.9729
1352 66.9713 67
1353 66.9713 66.9942
1354 66.9713 66.9713
1355 66.9713 66.9713
1356 66.9713 67.0049
1357 66.9713 67.0718
1358 66.9713 67.0139
1359 66.9713 66.9713
1360 66.9713 66.9733
1361 66.9713 67.0395
1362 66.9713 66.9713
1363 66.9713 66.9792
1364 66.9713 66.9729
1365 66.9713 67.0079
1366 66.9713 67.0675
1367 66.9713 67.0942
1368 66.9713 67.0014
1369 66.9713 66.9713
1370 66.9713 67.0305
1371 66.9713 67.0143
1372 66.9713 67.0069
1373 66.9713 67.0529
1374 66.9713 66.9967
1375 66.9713 66.9713
1376 66.9713 66.9713
1377 66.9713 67.0217
1378 66.9713 66.9758
1379 66.9713 66.9713
1380 66.9713 66.9713
1381 66.9713 66.9919
1382 66.9713 67.0484
1383 66.9713 67.0097
1384 66.9713 67.1708
1385 66.9713 67.0166
1386 66.9713 66.9713
1387 66.9713 67.0229
1388 66.9713 66.9969
1389 66.9713 66.9797
1390 66.9713 67.0993
1391 66.9713 67.1078
1392 66.9713 67.046
1393 66.9713 66.988
1394 66.9713 67.1938
1395 66.9713 67.1397
1396 66.9713 67.0843
1397 66.9713 67.4223
1398 66.9713 67.1574
1399 66.9713 67.1283
1400 66.8256 66.9684
1401 66.8256 66.8899
1402 66.8256 66.877
1403 66.8256 66.8307
1404 66.8256 66.8256
1405 66.8256 66.9163
1406 66.8256 66.8317
1407 66.8256 66.8605
1408 66.8256 66.8778
1409 66.8256 67.0163
1410 66.8256 66.9929
1411 66.8256 66.8876
1412 66.8256 66.8569
1413 66.8256 66.8256
1414 66.8256 66.8644
1415 66.8256 66.8426
1416 66.8256 66.9189
1417 66.8256 66.8721
1418 66.8256 66.883
1419 66.8256 66.8263
1420 66.8256 66.8592
1421 66.8256 66.8256
1422 66.8256 66.9606
1423 66.8256 67.0825
1424 66.8256 66.8371
1425 66.8256 66.8256
1426 66.8256 67.0401
1427 66.8256 66.9168
1428 66.8256 67.459
1429 66.8256 67.0122
1430 66.8256 66.8267
1431 66.8256 66.8754
1432 66.8256 66.8256
1433 66.8256 66.8371
1434 66.8256 66.8771
1435 66.8256 66.8766
1436 66.8256 66.8538
1437 66.8256 66.8792
1438 66.8256 66.8267
1439 66.8256 66.8256
1440 66.8256 66.8256
1441 66.8256 66.9511
1442 66.8256 67.037
1443 66.8256 66.9834
1444 66.8256 67.1862
1445 66.8256 67.1361
1446 66.8256 66.912
1447 66.8256 66.8445
1448 66.8256 66.8553
1449 66.8256 67.0204
1450 66.8256 66.8608
1451 66.8256 66.8609
1452 66.8256 67.0636
1453 66.8256 67.174
1454 66.8256 66.8256
1455 66.8256 66.9262
1456 66.8256 67.0118
1457 66.8256 66.8607
1458 66.8256 66.8256
1459 66.8256 66.9626
1460 66.8256 66.8518
1461 66.8256 66.8963
1462 66.8256 66.8256
1463 66.8256 66.8666
1464 66.8256 66.8837
1465 66.8256 66.8365
1466 66.8256 66.8256
1467 66.8256 66.8484
1468 66.8256 66.9666
1469 66.8256 67.1778
1470 66.8256 66.8925
1471 66.8256 66.8639
1472 66.8256 66.8298
1473 66.8256 66.8256
1474 66.8256 66.8256
1475 66.8256 66.8256
1476 66.8256 66.8264
1477 66.8256 66.87
1478 66.8256 66.9228
1479 66.8256 66.9191
1480 66.8256 66.8433
1481 66.8256 66.8742
1482 66.8256 66.8256
1483 66.8256 66.8256
1484 66.8256 66.8999
1485 66.8256 67.0197
1486 66.8256 67.0051
1487 66.8256 66.9966
1488 66.8256 66.8981
1489 66.8256 66.8256
1490 66.8256 66.8298
1491 66.8256 66.8973
1492 66.8256 67.2969
1493 66.8256 67.1923
1494 66.8256 66.8853
1495 66.8256 66.9069
1496 66.8256 66.8373
1497 66.8256 66.8645
1498 66.8256 67.2284
1499 66.8256 66.8428
1500 66.8256 66.8574
1501 66.8256 66.8676
1502 66.8256 66.8895
1503 66.8256 66.9277
1504 66.8256 66.9088
1505 66.8256 66.9495
1506 66.8256 66.8394
1507 66.8256 66.8477
1508 66.8256 66.9112
1509 66.8256 66.8668
1510 66.8256 66.8493
1511 66.8256 66.8256
1512 66.8256 66.8256
1513 66.8256 67.0698
1514 66.8256 66.9635
1515 66.8256 66.9671
1516 66.8256 67.0481
1517 66.8256 66.9238
1518 66.8256 66.8256
1519 66.8256 66.8256
1520 66.8256 66.8416
1521 66.8256 66.8256
1522 66.8256 66.9085
1523 66.8256 66.8719
1524 66.8256 66.8345
1525 66.8256 66.84
1526 66.8256 66.8263
1527 66.8256 66.8917
1528 66.8256 66.8664
1529 66.8256 67.0281
1530 66.8256 66.8288
1531 66.8256 66.8347
1532 66.8256 66.917
1533 66.8256 66.9119
1534 66.8256 66.9465
1535 66.8256 66.8384
1536 66.8256 66.8903
1537 66.8256 66.9021
1538 66.8256 67.0251
1539 66.8256 66.8395
1540 66.8256 66.9457
1541 66.8256 66.8256
1542 66.8256 66.8256
1543 66.8256 66.8256
1544 66.8256 66.8305
1545 66.8256 66.9977
1546 66.8256 66.8256
1547 66.8256 66.8375
1548 66.8256 66.8256
1549 66.8256 66.8256
1550 66.8256 66.9345
1551 66.8256 66.8256
1552 66.8256 66.8691
1553 66.8256 66.8278
1554 66.8256 66.8256
1555 66.8256 66.8256
1556 66.8256 66.8714
1557 66.8256 66.8522
1558 66.8256 66.9114
1559 66.8256 66.841
1560 66.8256 66.8256
1561 66.8256 67.0688
1562 66.8256 67.0801
1563 66.8256 66.8775
1564 66.8256 66.9102
1565 66.8256 66.8525
1566 66.8256 67.1367
1567 66.8256 66.8256
1568 66.8256 66.8942
1569 66.8256 66.8325
1570 66.8256 66.9849
1571 66.8256 66.8489
1572 66.8256 66.9088
1573 66.8256 66.8644
1574 66.8256 66.8553
1575 66.8256 66.9057
1576 66.8256 66.8256
1577 66.8256 66.8256
1578 66.8256 66.8256
1579 66.8256 66.8256
1580 66.8256 66.8256
1581 66.8256 66.8636
1582 66.8256 66.8954
1583 66.8256 66.8256
1584 66.8256 66.9764
1585 66.8256 67.1146
1586 66.8256 67.0167
1587 66.8256 66.8256
1588 66.8256 66.8257
1589 66.8256 66.8256
1590 66.8256 66.8256
1591 66.8256 66.8256
1592 66.8256 66.8257
1593 66.8256 66.8551
1594 66.8256 66.86
1595 66.8256 66.8804
1596 66.8256 66.9587
1597 66.8256 66.8606
1598 66.8256 66.8799
1599 66.8256 67.1796
1600 66.8256 67.0381
1601 66.8256 66.8272
1602 66.8256 66.8256
1603 66.8256 66.8855
1604 66.8256 66.867
1605 66.8256 66.9216
1606 66.8256 66.8378
1607 66.8256 66.8723
1608 66.8256 66.8256
1609 66.8256 66.8501
1610 66.8256 66.8256
1611 66.8256 66.834
1612 66.8256 66.8256
1613 66.8256 66.8301
1614 66.8256 66.8393
1615 66.8256 66.8586
1616 66.8256 66.9113
1617 66.8256 66.8809
1618 66.8256 66.8384
1619 66.8256 66.8417
1620 66.8256 66.9804
1621 66.8256 66.8767
1622 66.8256 66.8256
1623 66.8256 66.8256
1624 66.8256 66.8256
1625 66.8256 66.8858
1626 66.8256 66.8501
1627 66.8256 66.8256
1628 66.8256 66.8883
1629 66.8256 66.9159
1630 66.8256 66.8256
1631 66.8256 66.9955
1632 66.8256 67.0975
1633 66.8256 67.024
1634 66.8256 66.8339
1635 66.8256 66.8792
1636 66.8256 66.8948
1637 66.8256 66.8868
1638 66.8256 66.9004
1639 66.8256 66.8931
1640 66.8256 66.8466
1641 66.8256 66.8268
1642 66.8256 66.8258
1643 66.8256 66.9426
1644 66.8256 66.8784
1645 66.8256 66.8742
1646 66.8256 66.8869
1647 66.8256 67.2903
1648 66.8256 66.8866
1649 66.8256 66.8755
1650 66.8256 67.2065
1651 66.8256 66.8818
1652 66.8256 66.8256
1653 66.8256 66.9173
1654 66.8256 66.8716
1655 66.8256 67.1618
1656 66.8256 66.8314
1657 66.8256 66.8504
1658 66.8256 66.8256
1659 66.8256 67.0542
1660 66.8256 66.8492
1661 66.8256 66.8698
1662 66.8256 66.8256
1663 66.8256 66.8256
1664 66.8256 66.8256
1665 66.8256 66.8452
1666 66.8256 66.8433
1667 66.8256 66.848
1668 66.8256 66.8327
1669 66.8256 66.8256
1670 66.8256 66.8256
1671 66.8256 66.8256
1672 66.8256 66.83
1673 66.8256 66.8781
1674 66.8256 66.8639
1675 66.8256 66.8256
1676 66.8256 66.8256
1677 66.8256 66.8256
1678 66.8256 66.8256
1679 66.8256 66.8377
1680 66.8256 66.8834
1681 66.8256 67.1351
1682 66.8256 66.8499
1683 66.8256 66.9592
1684 66.8256 66.8757
1685 66.8256 66.8256
1686 66.8256 66.8626
1687 66.8256 66.8556
1688 66.8256 66.9565
1689 66.8256 66.909
1690 66.8256 66.8835
1691 66.8256 66.8722
1692 66.8256 66.8354
1693 66.8256 66.8404
1694 66.8256 67.0379
1695 66.8256 66.8856
1696 66.8256 66.9231
1697 66.8256 66.8614
1698 66.8256 66.8348
1699 66.8256 66.826
1700 66.8256 66.9127
1701 66.8256 66.8504
1702 66.8256 66.9303
1703 66.8256 66.9523
1704 66.8256 66.8256
1705 66.8256 66.8256
1706 66.8256 66.8256
1707 66.8256 66.8256
1708 66.8256 66.8587
1709 66.8256 66.8989
1710 66.8256 67.0039
1711 66.8256 66.8729
1712 66.8256 66.9227
1713 66.8256 66.9355
1714 66.8256 66.8256
1715 66.8256 66.9434
1716 66.8256 67.0234
1717 66.8256 66.8267
1718 66.8256 66.8388
1719 66.8256 66.8373
1720 66.8256 66.8343
1721 66.8256 66.8265
1722 66.8256 66.9485
1723 66.8256 66.9665
1724 66.8256 66.9611
1725 66.8256 67.1822
1726 66.8256 67.0084
1727 66.8256 66.8256
1728 66.8256 66.8256
1729 66.8256 66.8256
1730 66.8256 66.8306
1731 66.8256 66.8318
1732 66.8256 66.8256
1733 66.8256 66.8554
1734 66.8256 66.8801
1735 66.8256 66.85
1736 66.8256 66.8946
1737 66.8256 66.9383
1738 66.8256 66.9514
1739 66.8256 66.9541
1740 66.8256 66.8906
1741 66.8256 66.8327
1742 66.8256 67.0505
1743 66.8256 66.894
1744 66.8256 67.0274
1745 66.8256 67.1104
1746 66.8256 67.0953
1747 66.8256 66.8845
1748 66.8256 66.8768
1749 66.8256 66.8256
1750 66.8256 66.8299
1751 66.8256 66.8514
1752 66.8256 66.8366
1753 66.8256 66.8256
1754 66.8256 66.8268
1755 66.8256 66.8256
1756 66.8256 66.8622
1757 66.8256 66.8256
1758 66.8256 66.828
1759 66.8256 67.0605
1760 66.8256 66.8628
1761 66.8256 66.8838
1762 66.8256 66.8458
1763 66.8256 66.8256
1764 66.8256 66.8256
1765 66.8256 66.8256
1766 66.8256 66.8276
1767 66.8256 66.8485
1768 66.8256 66.8256
1769 66.8256 66.8583
1770 66.8256 66.9335
1771 66.8256 66.8497
1772 66.8256 66.8798
1773 66.8256 66.8312
1774 66.8256 67.0319
1775 66.8256 66.8288
1776 66.8256 66.8331
1777 66.8256 66.8256
1778 66.8256 66.8256
1779 66.8256 66.847
1780 66.8256 66.8378
1781 66.8256 66.8263
1782 66.8256 66.8256
1783 66.8256 66.8563
1784 66.8256 66.9878
1785 66.8256 66.8723
1786 66.8256 67.0087
1787 66.8256 66.8654
1788 66.8256 66.957
1789 66.8256 66.9209
1790 66.8256 66.9312
1791 66.8256 66.882
1792 66.8256 66.8256
1793 66.8256 66.9894
1794 66.8256 67.1136
1795 66.8256 67.019
1796 66.8256 66.8624
1797 66.8256 66.8256
1798 66.8256 66.9503
1799 66.8256 66.832
1800 66.8256 66.8683
1801 66.8256 67.0472
1802 66.8256 66.8796
1803 66.8256 66.8455
1804 66.8256 66.8325
1805 66.8256 66.9481
1806 66.8256 66.9998
1807 66.8256 66.9649
1808 66.8256 67.1288
1809 66.8256 67.0953
1810 66.8256 66.9561
1811 66.8256 67.0534
1812 66.8256 67.0055
1813 66.8256 66.9026
1814 66.8256 66.8309
1815 66.8256 66.8256
1816 66.8256 66.8256
1817 66.8256 66.8256
1818 66.8256 66.8256
1819 66.8256 66.8551
1820 66.8256 66.9044
1821 66.8256 66.8256
1822 66.8256 66.8256
1823 66.8256 66.8256
1824 66.8256 66.8552
1825 66.8256 66.8976
1826 66.8256 66.8526
1827 66.8256 66.9916
1828 66.8256 66.9397
1829 66.8256 66.8479
1830 66.8256 66.8256
1831 66.8256 66.8256
1832 66.8256 66.8256
1833 66.8256 66.8256
1834 66.8256 66.8323
1835 66.8256 66.8256
1836 66.8256 66.8256
1837 66.8256 66.8363
1838 66.8256 66.8256
1839 66.8256 66.8602
1840 66.8256 66.9162
1841 66.8256 67.1659
1842 66.8256 66.903
1843 66.8256 66.8673
1844 66.8256 67.0354
1845 66.8256 66.9279
1846 66.8256 66.9297
1847 66.8256 66.9666
1848 66.8256 66.9079
1849 66.8256 66.9675
1850 66.8256 66.9635
1851 66.8256 66.8498
1852 66.8256 66.8256
1853 66.8256 66.9471
1854 66.8256 66.9981
1855 66.8256 66.8953
1856 66.8256 67.0815
1857 66.8256 66.8581
1858 66.8256 66.9551
1859 66.8256 66.9715
1860 66.8256 66.8833
1861 66.8256 66.8286
1862 66.8256 66.8256
1863 66.8256 66.8256
1864 66.8256 66.8256
1865 66.8256 66.8472
1866 66.8256 66.8446
1867 66.8256 66.8697
1868 66.8256 66.8687
1869 66.8256 66.9042
1870 66.8256 66.9251
1871 66.8256 66.9969
1872 66.8256 66.9486
1873 66.8256 66.8581
1874 66.8256 66.8572
1875 66.8256 66.9148
1876 66.8256 67.034
1877 66.8256 67.0049
1878 66.8256 66.9445
1879 66.8256 66.8257
1880 66.8256 66.94
1881 66.8256 66.9675
1882 66.8256 66.8256
1883 66.8256 66.8711
1884 66.8256 67.0467
1885 66.8256 66.9891
1886 66.8256 66.8305
1887 66.8256 66.8937
1888 66.8256 67.0505
1889 66.8256 67.0759
1890 66.8256 66.883
1891 66.8256 66.8256
1892 66.8256 66.8532
1893 66.8256 66.8293
1894 66.8256 66.8743
1895 66.8256 66.8365
1896 66.8256 66.9188
1897 66.8256 66.8874
1898 66.8256 66.8906
1899 66.8256 67.055
1900 66.8256 67.1302
1901 66.8256 66.8357
1902 66.8256 66.8494
1903 66.8256 66.8535
1904 66.8256 66.8314
1905 66.8256 66.8528
1906 66.8256 67.2592
1907 66.8256 66.8517
1908 66.8256 66.8519
1909 66.8256 66.9031
1910 66.8256 66.9105
1911 66.8256 66.9149
1912 66.8256 66.8256
1913 66.8256 66.9532
1914 66.8256 66.8405
1915 66.8256 66.92
1916 66.8256 66.9864
1917 66.8256 66.83
1918 66.8256 66.8256
1919 66.8256 66.9398
1920 66.8256 66.8744
1921 66.8256 66.9658
1922 66.8256 66.8409
1923 66.8256 66.851
1924 66.8256 66.9507
1925 66.8256 66.8573
1926 66.8256 66.8352
1927 66.8256 66.8662
1928 66.8256 66.8954
1929 66.8256 66.879
1930 66.8256 66.8503
1931 66.8256 67.1391
1932 66.8256 66.9661
1933 66.8256 66.8677
1934 66.8256 66.9005
1935 66.8256 66.8734
1936 66.8256 66.9457
1937 66.8256 66.9508
1938 66.8256 66.8256
1939 66.8256 66.8345
1940 66.8256 66.8741
1941 66.8256 66.8532
1942 66.8256 66.8537
1943 66.8256 66.8646
1944 66.8256 66.8334
1945 66.8256 66.8418
1946 66.8256 66.8717
1947 66.8256 66.8412
1948 66.8256 66.8684
1949 66.8256 66.9029
1950 66.8256 66.9163
1951 66.8256 66.8485
1952 66.8256 66.8797
1953 66.8256 66.997
1954 66.8256 66.8647
1955 66.8256 67.0481
1956 66.8256 67.0148
1957 66.8256 66.8425
1958 66.8256 66.8296
1959 66.8256 66.8469
1960 66.8256 66.96
1961 66.8256 66.8492
1962 66.8256 66.8485
1963 66.8256 66.826
1964 66.8256 66.8972
1965 66.8256 67.0987
1966 66.8256 67.0295
1967 66.8256 67.2552
1968 66.8256 66.8256
1969 66.8256 66.8601
1970 66.8256 66.8256
1971 66.8256 66.8774
1972 66.8256 66.9636
1973 66.8256 67.0251
1974 66.8256 66.9881
1975 66.8256 67.3681
1976 66.8256 67.2003
1977 66.8256 67.0012
1978 66.8256 66.8964
1979 66.8256 66.904
1980 66.8256 66.8359
1981 66.8256 66.883
1982 66.8256 66.8442
1983 66.8256 66.8479
1984 66.8256 66.9267
1985 66.8256 66.9908
1986 66.8256 67.044
1987 66.8256 66.8316
1988 66.8256 66.8437
1989 66.8256 66.8439
1990 66.8256 66.8485
1991 66.8256 66.8256
1992 66.8256 66.8256
1993 66.8256 66.8256
1994 66.8256 66.8256
1995 66.8256 66.8468
1996 66.8256 66.8256
1997 66.8256 66.8459
1998 66.8256 66.8442
1999 66.8256 66.8281
2000 66.6123 66.8325
2001 66.6123 66.8654
2002 66.6123 66.7647
2003 66.6123 66.6278
2004 66.6123 66.616
2005 66.6123 66.6123
2006 66.6123 66.6226
2007 66.6123 66.6188
2008 66.6123 66.6123
2009 66.6123 66.6123
2010 66.6123 66.6944
2011 66.6123 66.8602
2012 66.6123 66.7075
2013 66.6123 66.7144
2014 66.6123 66.6846
2015 66.6123 66.927
2016 66.6123 67.02
2017 66.6123 66.7385
2018 66.6123 66.7607
2019 66.6123 66.7964
2020 66.6123 66.7865
2021 66.6123 66.6782
2022 66.6123 67.0401
2023 66.6123 66.9984
2024 66.6123 66.6701
2025 66.6123 66.6596
2026 66.6123 66.715
2027 66.6123 66.7501
2028 66.6123 66.6123
2029 66.6123 66.6268
2030 66.6123 66.6193
2031 66.6123 66.6376
2032 66.6123 66.6149
2033 66.6123 66.6123
2034 66.6123 66.6123
2035 66.6123 66.6123
2036 66.6123 66.6137
2037 66.6123 66.6463
2038 66.6123 66.6123
2039 66.6123 66.6123
2040 66.6123 66.6409
2041 66.6123 66.6771
2042 66.6123 66.7
2043 66.6123 66.7736
2044 66.6123 66.6444
2045 66.6123 66.6458
2046 66.6123 66.6123
2047 66.6123 66.6186
2048 66.6123 66.6405
2049 66.6123 66.6997
2050 66.6123 67.0517
2051 66.6123 66.8091
2052 66.6123 66.6572
2053 66.6123 66.6646
2054 66.6123 66.6831
2055 66.6123 66.6687
2056 66.6123 66.6398
2057 66.6123 66.6893
2058 66.6123 66.6428
2059 66.6123 66.6231
2060 66.6123 66.6267
2061 66.6123 66.6594
2062 66.6123 66.6123
2063 66.6123 66.7125
2064 66.6123 66.6123
2065 66.6123 66.6123
2066 66.6123 66.6345
2067 66.6123 66.6533
2068 66.6123 66.8385
2069 66.6123 66.6737
2070 66.6123 66.7427
2071 66.6123 66.6228
2072 66.6123 66.6334
2073 66.6123 66.6123
2074 66.6123 66.6274
2075 66.6123 66.6704
2076 66.6123 66.6777
2077 66.6123 66.6161
2078 66.6123 66.6443
2079 66.6123 66.8563
2080 66.6123 66.6564
2081 66.6123 66.6875
2082 66.6123 66.6123
2083 66.6123 66.6436
2084 66.6123 66.6123
2085 66.6123 66.7143
2086 66.6123 66.6799
2087 66.6123 66.6431
2088 66.6123 66.7415
2089 66.6123 66.6628
2090 66.6123 66.617
2091 66.6123 66.6123
2092 66.6123 66.6152
2093 66.6123 66.6408
2094 66.6123 66.6246
2095 66.6123 66.7568
2096 66.6123 66.6285
2097 66.6123 66.6468
2098 66.6123 66.6812
2099 66.6123 66.8012
2100 66.6123 66.6778
2101 66.6123 66.9463
2102 66.6123 66.6234
2103 66.6123 66.6123
2104 66.6123 66.6123
2105 66.6123 66.6123
2106 66.6123 66.6123
2107 66.6123 66.6123
2108 66.6123 66.6123
2109 66.6123 66.6123
2110 66.6123 66.6123
2111 66.6123 66.6384
2112 66.6123 66.6351
2113 66.6123 66.7461
2114 66.6123 66.7446
2115 66.6123 66.6168
2116 66.6123 66.6125
2117 66.6123 66.6123
2118 66.6123 66.6123
2119 66.6123 66.8453
2120 66.6123 66.8244
2121 66.6123 66.7468
2122 66.6123 66.6153
2123 66.6123 66.6949
2124 66.6123 66.6515
2125 66.6123 66.6133
2126 66.6123 66.6123
2127 66.6123 66.6179
2128 66.6123 66.6278
2129 66.6123 66.6182
2130 66.6123 66.7445
2131 66.6123 66.6143
2132 66.6123 66.6357
2133 66.6123 66.6193
2134 66.6123 66.7007
2135 66.6123 66.6123
2136 66.6123 66.7332
2137 66.6123 66.7304
2138 66.6123 66.7569
2139 66.6123 66.6702
2140 66.6123 66.6551
2141 66.6123 66.7653
2142 66.6123 66.834
2143 66.6123 66.7184
2144 66.6123 66.7115
2145 66.6123 66.6745
2146 66.6123 66.7955
2147 66.6123 66.7603
2148 66.6123 66.7757
2149 66.6123 66.6798
2150 66.6123 66.6579
2151 66.6123 66.6123
2152 66.6123 66.766
2153 66.6123 66.7524
2154 66.6123 66.6323
2155 66.6123 66.7536
2156 66.6123 66.6867
2157 66.6123 66.6123
2158 66.6123 66.6495
2159 66.6123 66.6892
2160 66.6123 66.6581
2161 66.6123 66.6274
2162 66.6123 66.6334
2163 66.6123 66.6826
2164 66.6123 66.74
2165 66.6123 66.6738
2166 66.6123 66.6123
2167 66.6123 66.6123
2168 66.6123 66.6123
2169 66.6123 66.6393
2170 66.6123 66.6655
2171 66.6123 66.6228
2172 66.6123 66.6795
2173 66.6123 66.6462
2174 66.6123 66.708
2175 66.6123 66.6216
2176 66.6123 66.6491
2177 66.6123 66.7911
2178 66.6123 66.8307
2179 66.6123 66.8635
2180 66.6123 66.8812
2181 66.6123 66.9613
2182 66.6123 66.7396
2183 66.6123 66.7346
2184 66.6123 66.6638
2185 66.6123 66.675
2186 66.6123 66.6505
2187 66.6123 66.6123
2188 66.6123 66.6123
2189 66.6123 66.6123
2190 66.6123 66.6928
2191 66.6123 66.7434
2192 66.6123 66.6539
2193 66.6123 66.7679
2194 66.6123 66.7276
2195 66.6123 66.6814
2196 66.6123 66.8269
2197 66.6123 66.6187
2198 66.6123 66.6778
2199 66.6123 66.6866
2200 66.6123 66.6486
2201 66.6123 66.6123
2202 66.6123 66.6228
2203 66.6123 67.0642
2204 66.6123 66.6175
2205 66.6123 66.6496
2206 66.6123 66.6123
2207 66.6123 66.7535
2208 66.6123 66.6123
2209 66.6123 66.6472
2210 66.6123 66.6961
2211 66.6123 66.6838
2212 66.6123 66.6974
2213 66.6123 66.6928
2214 66.6123 66.6123
2215 66.6123 66.633
2216 66.6123 66.6363
2217 66.6123 66.6549
2218 66.6123 66.6174
2219 66.6123 66.7021
2220 66.6123 66.6419
2221 66.6123 66.7325
2222 66.6123 66.8571
2223 66.6123 66.6284
2224 66.6123 66.6207
2225 66.6123 66.6123
2226 66.6123 66.637
2227 66.6123 66.6271
2228 66.6123 66.6123
2229 66.6123 66.6283
2230 66.6123 66.6207
2231 66.6123 66.6161
2232 66.6123 66.6793
2233 66.6123 66.6123
2234 66.6123 66.6123
2235 66.6123 66.8796
2236 66.6123 66.6513
2237 66.6123 66.6543
2238 66.6123 66.6283
2239 66.6123 66.6123
2240 66.6123 66.6123
2241 66.6123 66.6797
2242 66.6123 66.6123
2243 66.6123 66.6396
2244 66.6123 66.6825
2245 66.6123 66.6129
2246 66.6123 66.6123
2247 66.6123 66.6123
2248 66.6123 66.6123
2249 66.6123 66.6123
2250 66.6123 66.6315
2251 66.6123 66.7313
2252 66.6123 66.8128
2253 66.6123 66.7892
2254 66.6123 66.6692
2255 66.6123 66.7732
2256 66.6123 66.7634
2257 66.6123 66.7392
2258 66.6123 66.7236
2259 66.6123 66.6123
2260 66.6123 66.6123
2261 66.6123 66.6571
2262 66.6123 66.6371
2263 66.6123 66.6169
2264 66.6123 66.613
2265 66.6123 66.7524
2266 66.6123 66.8852
2267 66.6123 66.7352
2268 66.6123 66.6879
2269 66.6123 66.6123
2270 66.6123 66.7358
2271 66.6123 66.7184
2272 66.6123 66.68
2273 66.6123 66.7523
2274 66.6123 66.7412
2275 66.6123 66.6484
2276 66.6123 66.8904
2277 66.6123 66.6755
2278 66.6123 66.8244
2279 66.6123 66.6333
2280 66.6123 66.6133
2281 66.6123 66.6459
2282 66.6123 66.6322
2283 66.6123 66.758
2284 66.6123 66.6365
2285 66.6123 66.6514
2286 66.6123 66.6838
2287 66.6123 66.6376
2288 66.6123 66.6123
2289 66.6123 66.6658
2290 66.6123 66.6123
2291 66.6123 66.6123
2292 66.6123 66.6123
2293 66.6123 66.6649
2294 66.6123 66.962
2295 66.6123 66.6123
2296 66.6123 66.6384
2297 66.6123 66.6371
2298 66.6123 66.6342
2299 66.6123 66.6123
2300 66.4952 66.8144
2301 66.4952 66.6568
2302 66.4952 66.6482
2303 66.4952 66.6444
2304 66.4952 66.5373
2305 66.4952 66.5974
2306 66.4952 66.6611
2307 66.4952 66.5074
2308 66.4952 66.4952
2309 66.4952 66.4981
2310 66.4952 66.7683
2311 66.4952 66.7087
2312 66.4952 66.6007
2313 66.4952 66.6296
2314 66.4952 66.6069
2315 66.4952 66.4952
2316 66.4952 66.4952
2317 66.4952 66.4952
2318 66.4952 66.5157
2319 66.4952 66.6463
2320 66.4952 66.5788
2321 66.4952 66.5063
2322 66.4952 66.6499
2323 66.4952 66.5562
2324 66.4952 66.5442
2325 66.4952 66.5816
2326 66.4952 66.6185
2327 66.4952 66.5082
2328 66.4952 66.4952
2329 66.4952 66.5169
2330 66.4952 66.5175
2331 66.4952 66.5439
2332 66.4952 66.5057
2333 66.4952 66.5637
2334 66.4952 66.5093
2335 66.4952 66.5523
2336 66.4952 66.4954
2337 66.4952 66.5383
2338 66.4952 66.6041
2339 66.4952 66.6437
2340 66.4952 66.5074
2341 66.4952 66.6115
2342 66.4952 66.5852
2343 66.4952 66.7006
2344 66.4952 66.5204
2345 66.4952 66.5164
2346 66.4952 66.5412
2347 66.4952 66.5043
2348 66.4952 66.5722
2349 66.4952 66.4952
2350 66.4952 66.4952
2351 66.4952 66.5001
2352 66.4952 66.5092
2353 66.4952 66.5688
2354 66.4952 66.4952
2355 66.4952 66.5619
2356 66.4952 66.5487
2357 66.4952 66.5982
2358 66.4952 66.4953
2359 66.4952 66.5046
2360 66.4952 66.5366
2361 66.4952 66.5781
2362 66.4952 66.5215
2363 66.4952 66.5559
2364 66.4952 66.5015
2365 66.4952 66.4952
2366 66.4952 66.4952
2367 66.4952 66.6548
2368 66.4952 66.5527
2369 66.4952 66.8353
2370 66.4952 66.6734
2371 66.4952 66.6559
2372 66.4952 66.5933
2373 66.4952 66.5738
2374 66.4952 66.5148
2375 66.4952 66.6554
2376 66.4952 66.6247
2377 66.4952 66.5557
2378 66.4952 66.6563
2379 66.4952 66.7581
2380 66.4952 66.5862
2381 66.4952 66.4952
2382 66.4952 66.672
2383 66.4952 66.5656
2384 66.4952 66.5088
2385 66.4952 66.5569
2386 66.4952 66.4952
2387 66.4952 66.4952
2388 66.4952 66.496
2389 66.4952 66.4952
2390 66.4952 66.4953
2391 66.4952 66.4998
2392 66.4952 66.517
2393 66.4952 66.5306
2394 66.4952 66.5073
2395 66.4952 66.5024
2396 66.4952 66.5884
2397 66.4952 66.5441
2398 66.4952 66.6587
2399 66.4952 66.5712
2400 66.4952 66.7368
2401 66.4952 66.9449
2402 66.4952 66.7319
2403 66.4952 66.5458
2404 66.4952 66.5603
2405 66.4952 66.4952
2406 66.4952 66.4952
2407 66.4952 66.5685
2408 66.4952 66.6856
2409 66.4952 66.5987
2410 66.4952 66.5656
2411 66.4952 66.5815
2412 66.4952 66.5349
2413 66.4952 66.4952
2414 66.4952 66.4952
2415 66.4952 66.511
2416 66.4952 66.4987
2417 66.4952 66.5125
2418 66.4952 66.8772
2419 66.4952 66.5984
2420 66.4952 66.4952
2421 66.4952 66.5727
2422 66.4952 66.5807
2423 66.4952 66.6284
2424 66.4952 66.8061
2425 66.4952 66.6236
2426 66.4952 66.6449
2427 66.4952 66.5767
2428 66.4952 66.5962
2429 66.4952 66.6649
2430 66.4952 66.503
2431 66.4952 66.4952
2432 66.4952 66.5075
2433 66.4952 66.539
2434 66.4952 66.8415
2435 66.4952 66.8021
2436 66.4952 66.6224
2437 66.4952 66.5385
2438 66.4952 66.7817
2439 66.4952 66.7747
2440 66.4952 66.708
2441 66.4952 66.6236
2442 66.4952 66.5549
2443 66.4952 66.4952
2444 66.4952 66.4952
2445 66.4952 66.5618
2446 66.4952 66.4952
2447 66.4952 66.4952
2448 66.4952 66.534
2449 66.4952 66.5288
2450 66.4952 66.6922
2451 66.4952 66.6343
2452 66.4952 66.8225
2453 66.4952 66.7104
2454 66.4952 66.6607
2455 66.4952 66.5031
2456 66.4952 66.4952
2457 66.4952 66.5139
2458 66.4952 66.5407
2459 66.4952 66.6222
2460 66.4952 66.6264
2461 66.4952 66.8373
2462 66.4952 66.8222
2463 66.4952 66.4975
2464 66.4952 66.5432
2465 66.4952 66.5077
2466 66.4952 66.5212
2467 66.4952 66.6062
2468 66.4952 66.4952
2469 66.4952 66.56
2470 66.4952 66.8814
2471 66.4952 66.4952
2472 66.4952 66.5205
2473 66.4952 66.5234
2474 66.4952 66.4952
2475 66.4952 66.5328
2476 66.4952 66.4952
2477 66.4952 66.4952
2478 66.4952 66.4952
2479 66.4952 66.543
2480 66.4952 66.5138
2481 66.4952 66.4952
2482 66.4952 66.4954
2483 66.4952 66.51
2484 66.4952 66.7757
2485 66.4952 66.5161
2486 66.4952 66.6594
2487 66.4952 66.6625
2488 66.4952 66.7821
2489 66.4952 66.6805
2490 66.4952 66.633
2491 66.4952 66.5006
2492 66.4952 66.5342
2493 66.4952 66.5354
2494 66.4952 66.5554
2495 66.4952 66.5263
2496 66.4952 66.6692
2497 66.4952 66.5782
2498 66.4952 66.7771
2499 66.4952 66.7311
2500 66.4952 66.6464
2501 66.4952 66.6298
2502 66.4952 66.5682
2503 66.4952 66.5247
2504 66.4952 66.4968
2505 66.4952 66.5721
2506 66.4952 66.6289
2507 66.4952 66.6655
2508 66.4952 66.722
2509 66.4952 66.9143
2510 66.4952 66.5357
2511 66.4952 66.5687
2512 66.4952 66.5397
2513 66.4952 66.7182
2514 66.4952 66.9216
2515 66.4952 66.6496
2516 66.4952 66.7671
2517 66.4952 66.5369
2518 66.4952 66.5745
2519 66.4952 66.7481
2520 66.4952 66.5083
2521 66.4952 66.4952
2522 66.4952 66.534
2523 66.4952 66.5019
2524 66.4952 66.548
2525 66.4952 66.6224
2526 66.4952 66.6534
2527 66.4952 66.7901
2528 66.4952 66.5095
2529 66.4952 66.4952
2530 66.4952 66.5065
2531 66.4952 66.6
2532 66.4952 66.5874
2533 66.4952 66.5024
2534 66.4952 66.5068
2535 66.4952 66.5486
2536 66.4952 66.4981
2537 66.4952 66.4952
2538 66.4952 66.4952
2539 66.4952 66.5885
2540 66.4952 66.4952
2541 66.4952 66.5055
2542 66.4952 66.5386
2543 66.4952 66.5665
2544 66.4952 66.5772
2545 66.4952 66.5546
2546 66.4952 66.4952
2547 66.4952 66.5317
2548 66.4952 66.4968
2549 66.4952 66.4968
2550 66.4952 66.5132
2551 66.4952 66.5034
2552 66.4952 66.4952
2553 66.4952 66.5509
2554 66.4952 66.604
2555 66.4952 66.6448
2556 66.4952 66.5796
2557 66.4952 66.666
2558 66.4952 66.4952
2559 66.4952 66.5372
2560 66.4952 66.512
2561 66.4952 66.4952
2562 66.4952 66.5406
2563 66.4952 66.5156
2564 66.4952 66.5699
2565 66.4952 66.5212
2566 66.4952 66.7438
2567 66.4952 66.6131
2568 66.4952 66.5191
2569 66.4952 66.7181
2570 66.4952 66.5635
2571 66.4952 66.5295
2572 66.4952 66.5357
2573 66.4952 66.4952
2574 66.4952 66.4952
2575 66.4952 66.6978
2576 66.4952 66.5131
2577 66.4952 66.5486
2578 66.4952 66.6609
2579 66.4952 66.6556
2580 66.4952 66.4952
2581 66.4952 66.4952
2582 66.4952 66.4952
2583 66.4952 66.6233
2584 66.4952 66.5798
2585 66.4952 66.515
2586 66.4952 66.505
2587 66.4952 66.5313
2588 66.4952 66.5094
2589 66.4952 66.5899
2590 66.4952 66.5092
2591 66.4952 66.4952
2592 66.4952 66.4998
2593 66.4952 66.5025
2594 66.4952 66.4974
2595 66.4952 66.6093
2596 66.4952 66.5081
2597 66.4952 66.5497
2598 66.4952 66.6263
2599 66.4952 66.6642
2600 66.4952 66.526
2601 66.4952 66.681
2602 66.4952 66.7215
2603 66.4952 66.5064
2604 66.4952 66.4952
2605 66.4952 66.4984
2606 66.4952 66.5097
2607 66.4952 66.8123
2608 66.4952 66.4954
2609 66.4952 66.4952
2610 66.4952 66.4952
2611 66.4952 66.5179
2612 66.4952 66.4952
2613 66.4952 66.5276
2614 66.4952 66.5557
2615 66.4952 66.578
2616 66.4952 66.6172
2617 66.4952 66.4998
2618 66.4952 66.4952
2619 66.4952 66.5932
2620 66.4952 66.5877
2621 66.4952 66.5391
2622 66.4952 66.5422
2623 66.4952 66.7079
2624 66.4952 66.742
2625 66.4952 66.8111
2626 66.4952 66.5144
2627 66.4952 66.644
2628 66.4952 66.5403
2629 66.4952 66.5113
2630 66.4952 66.4952
2631 66.4952 66.4952
2632 66.4952 66.4952
2633 66.4952 66.4952
2634 66.4952 66.6288
2635 66.4952 66.6801
2636 66.4952 66.5716
2637 66.4952 66.5962
2638 66.4952 66.9665
2639 66.4952 66.8109
2640 66.4952 66.943
2641 66.4952 66.5459
2642 66.4952 66.6287
2643 66.4952 66.5851
2644 66.4952 66.4952
2645 66.4952 66.5667
2646 66.4952 66.5045
2647 66.4952 66.529
2648 66.4952 66.6214
2649 66.4952 66.5372
2650 66.4952 66.5156
2651 66.4952 66.5491
2652 66.4952 66.5065
2653 66.4952 66.4952
2654 66.4952 66.4961
2655 66.4952 66.4952
2656 66.4952 66.4952
2657 66.4952 66.5077
2658 66.4952 66.7818
2659 66.4952 66.9154
2660 66.4952 66.8616
2661 66.4952 66.5061
2662 66.4952 66.5954
2663 66.4952 66.523
2664 66.4952 66.5358
2665 66.4952 66.5272
2666 66.4952 66.5031
2667 66.4952 66.598
2668 66.4952 66.4952
2669 66.4952 66.5242
2670 66.4952 66.4952
2671 66.4952 66.4952
2672 66.4952 66.5087
2673 66.4952 66.6803
2674 66.4952 66.606
2675 66.4952 66.5005
2676 66.4952 66.4952
2677 66.4952 66.4978
2678 66.4952 66.516
2679 66.4952 66.5191
2680 66.4952 66.5333
2681 66.4952 66.5739
2682 66.4952 66.6535
2683 66.4952 66.7453
2684 66.4952 66.5551
2685 66.4952 66.6206
2686 66.4952 66.599
2687 66.4952 66.5301
2688 66.4952 66.4952
2689 66.4952 66.4952
2690 66.4952 66.5003
2691 66.4952 66.5735
2692 66.4952 66.7965
2693 66.4952 66.6447
2694 66.4952 66.5407
2695 66.4952 66.4952
2696 66.4952 66.4952
2697 66.4952 66.4952
2698 66.4952 66.565
2699 66.4952 66.6855
2700 66.4952 66.6753
2701 66.4952 66.4952
2702 66.4952 66.5819
2703 66.4952 66.5153
2704 66.4952 66.4952
2705 66.4952 66.5031
2706 66.4952 66.5596
2707 66.4952 66.6877
2708 66.4952 66.7241
2709 66.4952 66.4952
2710 66.4952 66.4952
2711 66.4952 66.4952
2712 66.4952 66.6222
2713 66.4952 66.6008
2714 66.4952 66.6355
2715 66.4952 66.6591
2716 66.4952 66.7658
2717 66.4952 66.7285
2718 66.4952 66.8398
2719 66.4952 66.5182
2720 66.4952 66.5237
2721 66.4952 66.4952
2722 66.4952 66.4952
2723 66.4952 66.6033
2724 66.4952 66.6119
2725 66.4952 66.6876
2726 66.4952 66.5933
2727 66.4952 66.4952
2728 66.4952 66.5027
2729 66.4952 66.4952
2730 66.4952 66.497
2731 66.4952 66.5314
2732 66.4952 66.5197
2733 66.4952 66.5265
2734 66.4952 66.675
2735 66.4952 66.5673
2736 66.4952 66.5259
2737 66.4952 66.6174
2738 66.4952 66.5386
2739 66.4952 66.5434
2740 66.4952 66.5727
2741 66.4952 66.5369
2742 66.4952 66.5417
2743 66.4952 66.4952
2744 66.4952 66.5062
2745 66.4952 66.5487
2746 66.4952 66.5192
2747 66.4952 66.6203
2748 66.4952 66.5138
2749 66.4952 66.571
2750 66.4952 66.4952
2751 66.4952 66.5239
2752 66.4952 66.5349
2753 66.4952 66.6529
2754 66.4952 66.5105
2755 66.4952 66.5711
2756 66.4952 66.5648
2757 66.4952 66.535
2758 66.4952 66.5106
2759 66.4952 66.5065
2760 66.4952 66.6265
2761 66.4952 66.6269
2762 66.4952 66.9132
2763 66.4952 66.5448
2764 66.4952 66.4952
2765 66.4952 66.4952
2766 66.4952 66.5094
2767 66.4952 66.4952
2768 66.4952 66.5395
2769 66.4952 66.548
2770 66.4952 66.5852
2771 66.4952 66.5604
2772 66.4952 66.5871
2773 66.4952 66.7776
2774 66.4952 66.517
2775 66.4952 66.5232
2776 66.4952 66.5419
2777 66.4952 66.4952
2778 66.4952 66.4952
2779 66.4952 66.5056
2780 66.4952 66.6602
2781 66.4952 66.605
2782 66.4952 66.5352
2783 66.4952 66.8
2784 66.4952 66.5033
2785 66.4952 66.573
2786 66.4952 66.5803
2787 66.4952 66.5107
2788 66.4952 66.5062
2789 66.4952 66.5985
2790 66.4952 66.5632
2791 66.4952 66.6968
2792 66.4952 66.9147
2793 66.4952 66.566
2794 66.4952 66.5089
2795 66.4952 66.4952
2796 66.4952 66.5113
2797 66.4952 66.5813
2798 66.4952 66.5084
2799 66.4952 66.5087
2800 66.4952 66.4952
2801 66.4952 66.5244
2802 66.4952 66.6139
2803 66.4952 66.5575
2804 66.4952 66.4952
2805 66.4952 66.4952
2806 66.4952 66.5363
2807 66.4952 66.4952
2808 66.4952 66.5467
2809 66.4952 66.5106
2810 66.4952 66.5947
2811 66.4952 66.7422
2812 66.4952 66.7133
2813 66.4952 66.6473
2814 66.4952 66.6291
2815 66.4952 66.589
2816 66.4952 66.7644
2817 66.4952 66.5924
2818 66.4952 66.5812
2819 66.4952 66.5383
2820 66.4952 66.5007
2821 66.4952 66.5759
2822 66.4952 66.6657
2823 66.4952 66.6177
2824 66.4952 66.4952
2825 66.4952 66.4954
2826 66.4952 66.5323
2827 66.4952 66.5209
2828 66.4952 66.4983
2829 66.4952 66.4952
2830 66.4952 66.6388
2831 66.4952 66.4952
2832 66.4952 66.6396
2833 66.4952 66.6703
2834 66.4952 66.7564
2835 66.4952 66.6874
2836 66.4952 66.5206
2837 66.4952 66.5231
2838 66.4952 66.4952
2839 66.4952 66.4952
2840 66.4952 66.5389
2841 66.4952 66.7176
2842 66.4952 66.518
2843 66.4952 66.6635
2844 66.4952 66.6464
2845 66.4952 66.5265
2846 66.4952 66.4952
2847 66.4952 66.5644
2848 66.4952 66.5927
2849 66.4952 66.5874
2850 66.4952 66.5059
2851 66.4952 66.5236
2852 66.4952 66.5187
2853 66.4952 66.5907
2854 66.4952 66.6052
2855 66.4952 66.5039
2856 66.4952 66.4952
2857 66.4952 66.4952
2858 66.4952 66.5845
2859 66.4952 66.5131
2860 66.4952 66.7097
2861 66.4952 66.4958
2862 66.4952 66.7024
2863 66.4952 66.548
2864 66.4952 66.6174
2865 66.4952 66.587
2866 66.4952 66.497
2867 66.4952 66.8021
2868 66.4952 66.6039
2869 66.4952 66.4952
2870 66.4952 66.5261
2871 66.4952 66.6039
2872 66.4952 66.58
2873 66.4952 66.5618
2874 66.4952 66.6694
2875 66.4952 66.5648
2876 66.4952 66.5941
2877 66.4952 66.5153
2878 66.4952 66.4981
2879 66.4952 66.4952
2880 66.4952 66.4952
2881 66.4952 66.5964
2882 66.4952 66.5182
2883 66.4952 66.6175
2884 66.4952 66.59
2885 66.4952 66.6245
2886 66.4952 66.6161
2887 66.4952 66.7343
2888 66.4952 66.7493
2889 66.4952 66.5433
2890 66.4952 66.5983
2891 66.4952 66.5428
2892 66.4952 66.8916
2893 66.4952 67.0427
2894 66.4952 66.7984
2895 66.4952 66.5865
2896 66.4952 66.7567
2897 66.4952 66.5968
2898 66.4952 66.5329
2899 66.4952 66.5536
2900 66.4952 66.551
2901 66.4952 66.6718
2902 66.4952 66.4952
2903 66.4952 66.4974
2904 66.4952 66.6377
2905 66.4952 66.5031
2906 66.4952 66.5037
2907 66.4952 66.5018
2908 66.4952 66.4958
2909 66.4952 66.5235
2910 66.4952 66.5307
2911 66.4952 66.4952
2912 66.4952 66.4952
2913 66.4952 66.4952
2914 66.4952 66.5358
2915 66.4952 66.6008
2916 66.4952 66.5884
2917 66.4952 66.5345
2918 66.4952 66.4952
2919 66.4952 66.4952
2920 66.4952 66.5737
2921 66.4952 66.6117
2922 66.4952 66.856
2923 66.4952 66.9236
2924 66.4952 66.9317
2925 66.4952 66.6842
2926 66.4952 66.5999
2927 66.4952 66.5692
2928 66.4952 66.533
2929 66.4952 66.5347
2930 66.4952 66.4952
2931 66.4952 66.5033
2932 66.4952 66.5564
2933 66.4952 66.5281
2934 66.4952 66.4952
2935 66.4952 66.5359
2936 66.4952 66.5544
2937 66.4952 66.5001
2938 66.4952 66.5421
2939 66.4952 66.4952
2940 66.4952 66.5305
2941 66.4952 66.4959
2942 66.4952 66.6016
2943 66.4952 66.589
2944 66.4952 66.575
2945 66.4952 66.5883
2946 66.4952 66.5574
2947 66.4952 66.6071
2948 66.4952 66.5342
2949 66.4952 66.5647
2950 66.4952 66.4977
2951 66.4952 66.5609
2952 66.4952 66.5434
2953 66.4952 66.497
2954 66.4952 66.5078
2955 66.4952 66.5656
2956 66.4952 66.4952
2957 66.4952 66.5027
2958 66.4952 66.5346
2959 66.4952 66.7232
2960 66.4952 66.6301
2961 66.4952 66.5243
2962 66.4952 66.5063
2963 66.4952 66.5423
2964 66.4952 66.6767
2965 66.4952 66.5775
2966 66.4952 66.5127
2967 66.4952 66.6358
2968 66.4952 66.5954
2969 66.4952 66.7118
2970 66.4952 66.6414
2971 66.4952 66.6223
2972 66.4952 66.5706
2973 66.4952 66.5301
2974 66.4952 66.539
2975 66.4952 66.83
2976 66.4952 66.5889
2977 66.4952 66.5339
2978 66.4952 66.7003
2979 66.4952 66.4952
2980 66.4952 66.4952
2981 66.4952 66.4952
2982 66.4952 66.4952
2983 66.4952 66.4952
2984 66.4952 66.4952
2985 66.4952 66.6228
2986 66.4952 66.665
2987 66.4952 66.604
2988 66.4952 66.5682
2989 66.4952 66.5199
2990 66.4952 66.4954
2991 66.4952 66.5951
2992 66.4952 66.4952
2993 66.4952 66.5523
2994 66.4952 66.5002
2995 66.4952 66.4952
2996 66.4952 66.4952
2997 66.4952 66.5111
2998 66.4952 66.4952
2999 66.4952 66.4952
3000 65.9145 66.7926
3001 65.9145 66.9394
3002 65.9145 66.3669
3003 65.9145 66.0331
3004 65.9145 65.9145
3005 65.9145 65.9145
3006 65.9145 65.9145
3007 65.9145 66.0638
3008 65.9145 65.9858
3009 65.9145 65.9401
3010 65.9145 65.9538
3011 65.9145 65.9454
3012 65.9145 65.9226
3013 65.9145 65.9155
3014 65.9145 65.9145
3015 65.9145 66.0996
3016 65.9145 66.0112
3017 65.9145 65.9322
3018 65.9145 66.0477
3019 65.9145 65.9332
3020 65.9145 65.9145
3021 65.9145 65.9289
3022 65.9145 66.121
3023 65.9145 66.2148
3024 65.9145 66.1088
3025 65.9145 66.0872
3026 65.9145 65.9404
3027 65.9145 65.9268
3028 65.9145 65.9767
3029 65.9145 65.9679
3030 65.9145 65.953
3031 65.9145 65.9345
3032 65.9145 65.9815
3033 65.9145 65.9145
3034 65.9145 65.9206
3035 65.9145 65.9276
3036 65.9145 66.0369
3037 65.9145 65.9301
3038 65.9145 66.0805
3039 65.9145 65.9262
3040 65.9145 65.9211
3041 65.9145 66.071
3042 65.9145 65.9366
3043 65.9145 65.9145
3044 65.9145 66.0346
3045 65.9145 66.0879
3046 65.9145 66.0119
3047 65.9145 66.0335
3048 65.9145 66.0595
3049 65.9145 65.9145
3050 65.9145 65.94
3051 65.9145 65.9467
3052 65.9145 66.3496
3053 65.9145 66.3124
3054 65.9145 66.3005
3055 65.9145 66.0278
3056 65.9145 65.9289
3057 65.9145 65.9145
3058 65.9145 65.9145
3059 65.9145 65.93
3060 65.9145 65.9311
3061 65.9145 65.9398
3062 65.9145 65.9195
3063 65.9145 65.9607
3064 65.9145 65.9145
3065 65.9145 65.9145
3066 65.9145 65.9145
3067 65.9145 65.9303
3068 65.9145 65.9651
3069 65.9145 65.9315
3070 65.9145 65.9145
3071 65.9145 65.9451
3072 65.9145 65.9145
3073 65.9145 65.9145
3074 65.9145 65.941
3075 65.9145 65.9206
3076 65.9145 65.9145
3077 65.9145 65.9907
3078 65.9145 66.2468
3079 65.9145 66.0687
3080 65.9145 65.9966
3081 65.9145 65.9528
3082 65.9145 66.1522
3083 65.9145 66.1041
3084 65.9145 66.1913
3085 65.9145 66.2297
3086 65.9145 66.0157
3087 65.9145 65.9337
3088 65.9145 65.9421
3089 65.9145 65.9145
3090 65.9145 65.9145
3091 65.9145 65.9145
3092 65.9145 65.9739
3093 65.9145 66.0508
3094 65.9145 66.1095
3095 65.9145 65.9887
3096 65.9145 65.9961
3097 65.9145 65.9907
3098 65.9145 65.9145
3099 65.9145 65.9145
3100 65.9145 65.9145
3101 65.9145 65.9985
3102 65.9145 65.9219
3103 65.9145 65.9206
3104 65.9145 65.9145
3105 65.9145 65.9426
3106 65.9145 65.9928
3107 65.9145 66.0752
3108 65.9145 65.9145
3109 65.9145 65.9376
3110 65.9145 66.0583
3111 65.9145 65.9163
3112 65.9145 66.0216
3113 65.9145 65.9414
3114 65.9145 65.9794
3115 65.9145 66.2401
3116 65.9145 65.9145
3117 65.9145 66.114
3118 65.9145 65.944
3119 65.9145 66.0278
3120 65.9145 65.9859
3121 65.9145 65.9145
3122 65.9145 65.9193
3123 65.9145 66.0255
3124 65.9145 65.9198
3125 65.9145 65.9145
3126 65.9145 65.9145
3127 65.9145 65.9145
3128 65.9145 65.9294
3129 65.9145 65.955
3130 65.9145 66.1251
3131 65.9145 66.1235
3132 65.9145 66.2007
3133 65.9145 66.0155
3134 65.9145 65.9989
3135 65.9145 65.9888
3136 65.9145 66.0084
3137 65.9145 65.9381
3138 65.9145 65.918
3139 65.9145 66.0045
3140 65.9145 65.922
3141 65.9145 65.9145
3142 65.9145 65.9213
3143 65.9145 65.9145
3144 65.9145 65.9539
3145 65.9145 65.9823
3146 65.9145 66.1328
3147 65.9145 66.1716
3148 65.9145 66.0074
3149 65.9145 65.9145
3150 65.9145 65.9206
3151 65.9145 65.916
3152 65.9145 65.9384
3153 65.9145 65.9902
3154 65.9145 65.9357
3155 65.9145 65.9221
3156 65.9145 66.0277
3157 65.9145 65.9221
3158 65.9145 65.9148
3159 65.9145 66.0144
3160 65.9145 65.9824
3161 65.9145 66.0132
3162 65.9145 65.9314
3163 65.9145 65.9145
3164 65.9145 65.9966
3165 65.9145 65.9558
3166 65.9145 65.9238
3167 65.9145 65.9204
3168 65.9145 65.9145
3169 65.9145 65.9175
3170 65.9145 65.9145
3171 65.9145 65.9561
3172 65.9145 66.0007
3173 65.9145 65.9972
3174 65.9145 66.0385
3175 65.9145 65.9225
3176 65.9145 65.9808
3177 65.9145 66.0692
3178 65.9145 66.0956
3179 65.9145 66.4755
3180 65.9145 66.0195
3181 65.9145 65.9145
3182 65.9145 66.0734
3183 65.9145 65.9211
3184 65.9145 65.9393
3185 65.9145 65.9145
3186 65.9145 65.9145
3187 65.9145 66.0463
3188 65.9145 66.1634
3189 65.9145 66.2546
3190 65.9145 65.9712
3191 65.9145 65.9729
3192 65.9145 66.0662
3193 65.9145 66.1013
3194 65.9145 66.1032
3195 65.9145 66.2304
3196 65.9145 66.0006
3197 65.9145 65.9837
3198 65.9145 65.9879
3199 65.9145 65.9373
3200 65.9145 65.9646
3201 65.9145 66.0104
3202 65.9145 65.9145
3203 65.9145 66.0755
3204 65.9145 65.9856
3205 65.9145 65.9164
3206 65.9145 66.0238
3207 65.9145 65.9314
3208 65.9145 65.9187
3209 65.9145 65.9497
3210 65.9145 65.9327
3211 65.9145 66.1552
3212 65.9145 66.2403
3213 65.9145 65.9145
3214 65.9145 65.9146
3215 65.9145 65.9145
3216 65.9145 65.932
3217 65.9145 66.0309
3218 65.9145 65.9277
3219 65.9145 66.1041
3220 65.9145 66.1428
3221 65.9145 66.3768
3222 65.9145 66.3236
3223 65.9145 65.9583
3224 65.9145 66.2316
3225 65.9145 65.9536
3226 65.9145 66.116
3227 65.9145 66.0941
3228 65.9145 66.0622
3229 65.9145 66.2189
3230 65.9145 66.0935
3231 65.9145 65.9157
3232 65.9145 65.9145
3233 65.9145 65.9145
3234 65.9145 65.9145
3235 65.9145 65.9145
3236 65.9145 65.9202
3237 65.9145 65.9145
3238 65.9145 65.9262
3239 65.9145 65.9145
3240 65.9145 66.0072
3241 65.9145 66.0948
3242 65.9145 66.0257
3243 65.9145 65.9608
3244 65.9145 65.9165
3245 65.9145 65.9278
3246 65.9145 65.9145
3247 65.9145 66.0015
3248 65.9145 65.9731
3249 65.9145 65.9851
3250 65.9145 65.9827
3251 65.9145 65.9179
3252 65.9145 65.9145
3253 65.9145 65.9145
3254 65.9145 65.9634
3255 65.9145 66.1832
3256 65.9145 66.0154
3257 65.9145 66.1866
3258 65.9145 66.0507
3259 65.9145 65.948
3260 65.9145 65.9147
3261 65.9145 65.9198
3262 65.9145 65.9628
3263 65.9145 65.9145
3264 65.9145 65.9295
3265 65.9145 65.9322
3266 65.9145 65.9145
3267 65.9145 65.9145
3268 65.9145 65.9145
3269 65.9145 65.9145
3270 65.9145 65.916
3271 65.9145 65.9198
3272 65.9145 65.9694
3273 65.9145 65.918
3274 65.9145 65.9145
3275 65.9145 65.9145
3276 65.9145 66.1952
3277 65.9145 66.3638
3278 65.9145 66.0614
3279 65.9145 66.0484
3280 65.9145 65.9903
3281 65.9145 65.9145
3282 65.9145 66.002
3283 65.9145 65.9462
3284 65.9145 65.9765
3285 65.9145 65.9705
3286 65.9145 66.1404
3287 65.9145 66.0011
3288 65.9145 65.9349
3289 65.9145 66.0766
3290 65.9145 65.9145
3291 65.9145 65.95
3292 65.9145 65.9803
3293 65.9145 65.9606
3294 65.9145 65.9145
3295 65.9145 65.9308
3296 65.9145 65.9241
3297 65.9145 66.0431
3298 65.9145 66.1988
3299 65.9145 66.0818
3300 65.9145 66.0253
3301 65.9145 65.9559
3302 65.9145 66.0751
3303 65.9145 65.9419
3304 65.9145 65.9406
3305 65.9145 65.9396
3306 65.9145 65.9329
3307 65.9145 65.9342
3308 65.9145 65.9405
3309 65.9145 65.9295
3310 65.9145 66.0047
3311 65.9145 65.9816
3312 65.9145 65.946
3313 65.9145 66.0539
3314 65.9145 66.1925
3315 65.9145 66.1523
3316 65.9145 65.9145
3317 65.9145 65.9302
3318 65.9145 65.9145
3319 65.9145 65.9145
3320 65.9145 65.9392
3321 65.9145 65.9145
3322 65.9145 65.9145
3323 65.9145 65.9372
3324 65.9145 66.0217
3325 65.9145 65.9419
3326 65.9145 66.0314
3327 65.9145 65.9584
3328 65.9145 65.929
3329 65.9145 65.9906
3330 65.9145 65.9438
3331 65.9145 65.926
3332 65.9145 65.9563
3333 65.9145 65.9282
3334 65.9145 65.9184
3335 65.9145 66.0117
3336 65.9145 65.9698
3337 65.9145 66.0134
3338 65.9145 65.9222
3339 65.9145 65.9145
3340 65.9145 65.9145
3341 65.9145 65.9353
3342 65.9145 65.9263
3343 65.9145 65.9228
3344 65.9145 65.9145
3345 65.9145 65.9534
3346 65.9145 65.9371
3347 65.9145 65.9145
3348 65.9145 65.9147
3349 65.9145 65.9145
3350 65.9145 66.1309
3351 65.9145 65.9928
3352 65.9145 65.989
3353 65.9145 65.9145
3354 65.9145 65.9265
3355 65.9145 65.9323
3356 65.9145 65.9443
3357 65.9145 66.0288
3358 65.9145 65.94
3359 65.9145 65.9287
3360 65.9145 65.9758
3361 65.9145 66.021
3362 65.9145 66.0467
3363 65.9145 66.2249
3364 65.9145 65.9732
3365 65.9145 65.9146
3366 65.9145 66.0839
3367 65.9145 66.0469
3368 65.9145 66.3992
3369 65.9145 66.5794
3370 65.9145 65.9888
3371 65.9145 65.9501
3372 65.9145 65.9407
3373 65.9145 65.9183
3374 65.9145 66.1991
3375 65.9145 66.0371
3376 65.9145 66.1323
3377 65.9145 66.1917
3378 65.9145 65.9779
3379 65.9145 65.9534
3380 65.9145 65.9145
3381 65.9145 65.9145
3382 65.9145 66.0358
3383 65.9145 65.9413
3384 65.9145 65.9145
3385 65.9145 65.9145
3386 65.9145 65.9145
3387 65.9145 65.9276
3388 65.9145 66.158
3389 65.9145 66.3991
3390 65.9145 66.1026
3391 65.9145 66.137
3392 65.9145 65.9181
3393 65.9145 65.9145
3394 65.9145 65.9181
3395 65.9145 65.9628
3396 65.9145 66.2046
3397 65.9145 66.0114
3398 65.9145 65.9228
3399 65.9145 65.9191
3400 65.9145 65.9145
3401 65.9145 65.9145
3402 65.9145 65.9145
3403 65.9145 66.0528
3404 65.9145 65.9702
3405 65.9145 66.0306
3406 65.9145 65.9295
3407 65.9145 66.2263
3408 65.9145 66.106
3409 65.9145 65.9479
3410 65.9145 66.0169
3411 65.9145 65.9887
3412 65.9145 65.9158
3413 65.9145 65.9145
3414 65.9145 65.9982
3415 65.9145 65.9145
3416 65.9145 66.0752
3417 65.9145 65.9817
3418 65.9145 65.938
3419 65.9145 66.0918
3420 65.9145 65.9413
3421 65.9145 66.0275
3422 65.9145 66.5302
3423 65.9145 66.3204
3424 65.9145 66.0847
3425 65.9145 66.0267
3426 65.9145 65.9145
3427 65.9145 66.2176
3428 65.9145 66.0016
3429 65.9145 65.9602
3430 65.9145 65.9406
3431 65.9145 65.9406
3432 65.9145 65.9335
3433 65.9145 65.9349
3434 65.9145 65.9352
3435 65.9145 65.9599
3436 65.9145 65.9964
3437 65.9145 66.0384
3438 65.9145 65.9546
3439 65.9145 65.9857
3440 65.9145 65.9317
3441 65.9145 66.0448
3442 65.9145 66.0081
3443 65.9145 65.987
3444 65.9145 65.9491
3445 65.9145 66.0025
3446 65.9145 66.0253
3447 65.9145 65.9145
3448 65.9145 65.9145
3449 65.9145 65.9167
3450 65.9145 65.962
3451 65.9145 65.9766
3452 65.9145 65.9479
3453 65.9145 65.9456
3454 65.9145 65.9241
3455 65.9145 65.9527
3456 65.9145 65.9372
3457 65.9145 65.9149
3458 65.9145 65.9263
3459 65.9145 66.0015
3460 65.9145 65.9145
3461 65.9145 65.9503
3462 65.9145 66.1776
3463 65.9145 66.1388
3464 65.9145 65.9502
3465 65.9145 65.9145
3466 65.9145 65.9871
3467 65.9145 65.9145
3468 65.9145 65.9581
3469 65.9145 66.0205
3470 65.9145 66.0428
3471 65.9145 66.1875
3472 65.9145 65.9145
3473 65.9145 65.9145
3474 65.9145 65.9145
3475 65.9145 65.9359
3476 65.9145 65.9145
3477 65.9145 65.9145
3478 65.9145 65.9145
3479 65.9145 65.9883
3480 65.9145 65.9175
3481 65.9145 65.9171
3482 65.9145 65.9145
3483 65.9145 65.9215
3484 65.9145 65.9145
3485 65.9145 65.9263
3486 65.9145 65.9215
3487 65.9145 65.9145
3488 65.9145 65.9575
3489 65.9145 66.1359
3490 65.9145 65.9552
3491 65.9145 65.9145
3492 65.9145 66.0166
3493 65.9145 65.9145
3494 65.9145 65.9145
3495 65.9145 65.9145
3496 65.9145 65.9443
3497 65.9145 65.9947
3498 65.9145 66.008
3499 65.9145 65.9866
3500 65.9145 65.9762
3501 65.9145 65.968
3502 65.9145 65.9232
3503 65.9145 65.9145
3504 65.9145 65.9145
3505 65.9145 66.0427
3506 65.9145 66.1691
3507 65.9145 66.0516
3508 65.9145 65.9488
3509 65.9145 65.9505
3510 65.9145 65.9605
3511 65.9145 66.0152
3512 65.9145 65.9369
3513 65.9145 65.9833
3514 65.9145 66.1155
3515 65.9145 65.9899
3516 65.9145 65.9778
3517 65.9145 65.9145
3518 65.9145 65.94
3519 65.9145 66.1922
3520 65.9145 66.0571
3521 65.9145 66.2256
3522 65.9145 65.9677
3523 65.9145 66.0242
3524 65.9145 66.1302
3525 65.9145 65.9632
3526 65.9145 65.9217
3527 65.9145 65.9818
3528 65.9145 65.9505
3529 65.9145 65.9486
3530 65.9145 66.0156
3531 65.9145 66.1607
3532 65.9145 65.999
3533 65.9145 65.9935
3534 65.9145 65.9399
3535 65.9145 65.9472
3536 65.9145 65.921
3537 65.9145 66.0789
3538 65.9145 65.9145
3539 65.9145 65.9421
3540 65.9145 65.9973
3541 65.9145 65.9735
3542 65.9145 65.9922
3543 65.9145 65.9265
3544 65.9145 65.9181
3545 65.9145 65.9352
3546 65.9145 65.9935
3547 65.9145 66.1803
3548 65.9145 66.0062
3549 65.9145 65.9145
3550 65.9145 65.9145
3551 65.9145 65.9179
3552 65.9145 65.9145
3553 65.9145 65.9735
3554 65.9145 66.0405
3555 65.9145 66.0829
3556 65.9145 65.9279
3557 65.9145 65.9388
3558 65.9145 65.9425
3559 65.9145 65.9817
3560 65.9145 65.9362
3561 65.9145 65.9275
3562 65.9145 66.0253
3563 65.9145 65.9267
3564 65.9145 65.94
3565 65.9145 65.9894
3566 65.9145 65.9545
3567 65.9145 65.9239
3568 65.9145 65.9145
3569 65.9145 65.9145
3570 65.9145 65.9457
3571 65.9145 66.0535
3572 65.9145 65.976
3573 65.9145 66.1346
3574 65.9145 65.9982
3575 65.9145 65.9145
3576 65.9145 65.9899
3577 65.9145 65.9918
3578 65.9145 65.9931
3579 65.9145 65.9448
3580 65.9145 65.9226
3581 65.9145 65.9145
3582 65.9145 65.9145
3583 65.9145 65.9396
3584 65.9145 66.1698
3585 65.9145 65.956
3586 65.9145 65.9446
3587 65.9145 65.9305
3588 65.9145 65.921
3589 65.9145 65.93
3590 65.9145 65.9256
3591 65.9145 65.9145
3592 65.9145 66.0188
3593 65.9145 66.005
3594 65.9145 65.9383
3595 65.9145 65.9145
3596 65.9145 65.9145
3597 65.9145 65.9145
3598 65.9145 65.9234
3599 65.9145 66.0869
3600 65.9145 65.9473
3601 65.9145 65.9639
3602 65.9145 65.9327
3603 65.9145 66.0178
3604 65.9145 66.2445
3605 65.9145 65.9145
3606 65.9145 66.0768
3607 65.9145 65.9861
3608 65.9145 65.9781
3609 65.9145 65.9904
3610 65.9145 66.0508
3611 65.9145 66.0188
3612 65.9145 65.9749
3613 65.9145 65.9196
3614 65.9145 65.9693
3615 65.9145 65.9643
3616 65.9145 65.9424
3617 65.9145 66
3618 65.9145 66.1326
3619 65.9145 66.1271
3620 65.9145 66.0391
3621 65.9145 65.9364
3622 65.9145 65.9401
3623 65.9145 66.0119
3624 65.9145 66.0084
3625 65.9145 66.0412
3626 65.9145 65.9179
3627 65.9145 65.9145
3628 65.9145 65.9611
3629 65.9145 65.9147
3630 65.9145 65.9145
3631 65.9145 65.9145
3632 65.9145 66.0047
3633 65.9145 66.2629
3634 65.9145 66.0591
3635 65.9145 65.9145
3636 65.9145 66.0384
3637 65.9145 66.0974
3638 65.9145 65.9975
3639 65.9145 65.9152
3640 65.9145 65.9145
3641 65.9145 65.9145
3642 65.9145 65.9169
3643 65.9145 65.9514
3644 65.9145 65.9466
3645 65.9145 65.9255
3646 65.9145 65.9432
3647 65.9145 65.9145
3648 65.9145 66.0472
3649 65.9145 65.9145
3650 65.9145 65.9145
3651 65.9145 66.1559
3652 65.9145 66.0393
3653 65.9145 65.9145
3654 65.9145 65.9145
3655 65.9145 65.9519
3656 65.9145 65.9145
3657 65.9145 66.062
3658 65.9145 66.2619
3659 65.9145 66.1849
3660 65.9145 66.0458
3661 65.9145 66.003
3662 65.9145 66.1583
3663 65.9145 66.1347
3664 65.9145 65.9158
3665 65.9145 66.0518
3666 65.9145 66.0432
3667 65.9145 65.9653
3668 65.9145 66.061
3669 65.9145 65.9745
3670 65.9145 66.1183
3671 65.9145 66.2225
3672 65.9145 66.2052
3673 65.9145 65.94
3674 65.9145 65.9145
3675 65.9145 65.9145
3676 65.9145 65.9145
3677 65.9145 66.0602
3678 65.9145 65.9817
3679 65.9145 66.2199
3680 65.9145 66.1172
3681 65.9145 65.9625
3682 65.9145 66.0032
3683 65.9145 65.9552
3684 65.9145 65.9284
3685 65.9145 65.9221
3686 65.9145 65.9788
3687 65.9145 65.9796
3688 65.9145 66.0768
3689 65.9145 65.9399
3690 65.9145 66.053
3691 65.9145 65.9312
3692 65.9145 65.9145
3693 65.9145 65.9249
3694 65.9145 66.0632
3695 65.9145 66.1058
3696 65.9145 66.1683
3697 65.9145 66.0613
3698 65.9145 66.2373
3699 65.9145 65.9926
3700 65.9145 65.9852
3701 65.9145 65.9554
3702 65.9145 65.9145
3703 65.9145 65.9145
3704 65.9145 66.0356
3705 65.9145 65.963
3706 65.9145 66.0032
3707 65.9145 66.0024
3708 65.9145 65.9653
3709 65.9145 65.9469
3710 65.9145 66.0755
3711 65.9145 65.9788
3712 65.9145 66.0213
3713 65.9145 65.9603
3714 65.9145 66.0569
3715 65.9145 65.9774
3716 65.9145 65.9145
3717 65.9145 65.9873
3718 65.9145 65.9145
3719 65.9145 66.1796
3720 65.9145 65.9483
3721 65.9145 65.9422
3722 65.9145 65.9684
3723 65.9145 65.9151
3724 65.9145 65.9359
3725 65.9145 65.9459
3726 65.9145 65.9145
3727 65.9145 65.9145
3728 65.9145 65.9145
3729 65.9145 65.9219
3730 65.9145 65.9432
3731 65.9145 66.2166
3732 65.9145 66.0033
3733 65.9145 66.0546
3734 65.9145 66.0676
3735 65.9145 66.0563
3736 65.9145 65.9152
3737 65.9145 65.9145
3738 65.9145 65.9145
3739 65.9145 65.9145
3740 65.9145 65.9145
3741 65.9145 65.9177
3742 65.9145 65.9591
3743 65.9145 65.9874
3744 65.9145 65.9653
3745 65.9145 66.0756
3746 65.9145 66.0046
3747 65.9145 65.9145
3748 65.9145 65.9147
3749 65.9145 66.0445
3750 65.9145 66.1012
3751 65.9145 66.1874
3752 65.9145 65.9668
3753 65.9145 65.9237
3754 65.9145 65.9235
3755 65.9145 65.9922
3756 65.9145 65.9358
3757 65.9145 65.9145
3758 65.9145 65.9165
3759 65.9145 65.9145
3760 65.9145 65.9413
3761 65.9145 65.9419
3762 65.9145 65.9145
3763 65.9145 65.9145
3764 65.9145 65.9145
3765 65.9145 65.9145
3766 65.9145 65.9579
3767 65.9145 66.0076
3768 65.9145 66.003
3769 65.9145 66.0147
3770 65.9145 66.0063
3771 65.9145 65.9145
3772 65.9145 66.0437
3773 65.9145 66.1363
3774 65.9145 66.0329
3775 65.9145 65.9658
3776 65.9145 65.9488
3777 65.9145 65.9152
3778 65.9145 65.9199
3779 65.9145 65.9435
3780 65.9145 65.9343
3781 65.9145 65.9161
3782 65.9145 65.9283
3783 65.9145 65.9145
3784 65.9145 65.9145
3785 65.9145 65.9183
3786 65.9145 65.9145
3787 65.9145 65.9145
3788 65.9145 65.9145
3789 65.9145 66.0214
3790 65.9145 65.9213
3791 65.9145 65.9438
3792 65.9145 65.9146
3793 65.9145 65.9832
3794 65.9145 65.9563
3795 65.9145 66.0661
3796 65.9145 65.9169
3797 65.9145 65.928
3798 65.9145 65.9324
3799 65.9145 65.9145
3800 65.9145 65.9664
3801 65.9145 65.9745
3802 65.9145 66.0186
3803 65.9145 65.921
3804 65.9145 65.9566
3805 65.9145 65.9446
3806 65.9145 65.9309
3807 65.9145 65.9319
3808 65.9145 66.1468
3809 65.9145 66.0342
3810 65.9145 66.0073
3811 65.9145 65.9211
3812 65.9145 65.9519
3813 65.9145 65.9844
3814 65.9145 66.2832
3815 65.9145 66.1393
3816 65.9145 66.196
3817 65.9145 66.0209
3818 65.9145 65.934
3819 65.9145 65.9756
3820 65.9145 65.9211
3821 65.9145 65.9145
3822 65.9145 65.9371
3823 65.9145 65.9745
3824 65.9145 65.9238
3825 65.9145 65.9227
3826 65.9145 65.9756
3827 65.9145 65.9703
3828 65.9145 66.085
3829 65.9145 66.0217
3830 65.9145 65.9818
3831 65.9145 65.9145
3832 65.9145 66.0215
3833 65.9145 65.9984
3834 65.9145 65.9868
3835 65.9145 65.9919
3836 65.9145 65.9145
3837 65.9145 65.9145
3838 65.9145 65.9145
3839 65.9145 65.9203
3840 65.9145 65.9145
3841 65.9145 65.9231
3842 65.9145 65.9666
3843 65.9145 65.9145
3844 65.9145 65.9172
3845 65.9145 65.929
3846 65.9145 65.9145
3847 65.9145 65.9145
3848 65.9145 65.9585
3849 65.9145 65.9256
3850 65.9145 65.9145
3851 65.9145 65.9952
3852 65.9145 65.9968
3853 65.9145 65.9145
3854 65.9145 65.9178
3855 65.9145 66.0011
3856 65.9145 66.0328
3857 65.9145 65.948
3858 65.9145 66.0353
3859 65.9145 65.9623
3860 65.9145 65.9873
3861 65.9145 65.9572
3862 65.9145 65.9315
3863 65.9145 65.915
3864 65.9145 65.9145
3865 65.9145 65.9156
3866 65.9145 66.162
3867 65.9145 65.9344
3868 65.9145 65.946
3869 65.9145 65.9345
3870 65.9145 66.0014
3871 65.9145 65.9167
3872 65.9145 65.9939
3873 65.9145 66.0164
3874 65.9145 66.002
3875 65.9145 66.0283
3876 65.9145 65.9784
3877 65.9145 65.9849
3878 65.9145 66.0983
3879 65.9145 65.921
3880 65.9145 65.9145
3881 65.9145 65.9145
3882 65.9145 65.9755
3883 65.9145 65.9818
3884 65.9145 65.9145
3885 65.9145 65.9201
3886 65.9145 65.9145
3887 65.9145 66.0164
3888 65.9145 65.9453
3889 65.9145 65.9423
3890 65.9145 66.1569
3891 65.9145 65.9145
3892 65.9145 66.1659
3893 65.9145 66.03
3894 65.9145 65.9329
3895 65.9145 65.9598
3896 65.9145 65.9145
3897 65.9145 65.9145
3898 65.9145 65.9343
3899 65.9145 65.9145
3900 65.9145 65.9145
3901 65.9145 65.9414
3902 65.9145 65.9146
3903 65.9145 65.9639
3904 65.9145 65.9145
3905 65.9145 65.9145
3906 65.9145 65.9627
3907 65.9145 65.9217
3908 65.9145 65.9891
3909 65.9145 65.927
3910 65.9145 65.9526
3911 65.9145 65.9649
3912 65.9145 65.9249
3913 65.9145 65.9145
3914 65.9145 65.9168
3915 65.9145 65.9716
3916 65.9145 66.025
3917 65.9145 65.9145
3918 65.9145 66.0228
3919 65.9145 66.0677
3920 65.9145 66.0675
3921 65.9145 66.0216
3922 65.9145 65.975
3923 65.9145 66.061
3924 65.9145 66.0819
3925 65.9145 65.9642
3926 65.9145 66.2902
3927 65.9145 66.1725
3928 65.9145 65.9687
3929 65.9145 65.9663
3930 65.9145 65.925
3931 65.9145 66.0456
3932 65.9145 65.9426
3933 65.9145 65.9203
3934 65.9145 66.0755
3935 65.9145 65.9528
3936 65.9145 65.9885
3937 65.9145 65.9145
3938 65.9145 66.0447
3939 65.9145 65.9908
3940 65.9145 65.9707
3941 65.9145 65.9476
3942 65.9145 65.9145
3943 65.9145 65.9314
3944 65.9145 66.0511
3945 65.9145 65.9145
3946 65.9145 66.0687
3947 65.9145 65.9247
3948 65.9145 65.9155
3949 65.9145 65.9815
3950 65.9145 65.9791
3951 65.9145 66.0435
3952 65.9145 66.0188
3953 65.9145 65.9314
3954 65.9145 65.9203
3955 65.9145 65.9145
3956 65.9145 65.9738
3957 65.9145 65.9442
3958 65.9145 65.9177
3959 65.9145 65.9687
3960 65.9145 65.9438
3961 65.9145 66.2152
3962 65.9145 65.9916
3963 65.9145 65.9202
3964 65.9145 65.9178
3965 65.9145 65.9145
3966 65.9145 65.9831
3967 65.9145 66.2243
3968 65.9145 65.9145
3969 65.9145 65.92
3970 65.9145 66.0264
3971 65.9145 66.1883
3972 65.9145 66.2186
3973 65.9145 65.9645
3974 65.9145 65.9641
3975 65.9145 66.0661
3976 65.9145 65.9891
3977 65.9145 66.2053
3978 65.9145 66.3225
3979 65.9145 66.432
3980 65.9145 65.9348
3981 65.9145 65.9966
3982 65.9145 66.0142
3983 65.9145 66.1435
3984 65.9145 66.0528
3985 65.9145 66.0195
3986 65.9145 66.0345
3987 65.9145 65.9449
3988 65.9145 65.9296
3989 65.9145 65.9759
3990 65.9145 66.0321
3991 65.9145 65.9723
3992 65.9145 65.9415
3993 65.9145 65.9145
3994 65.9145 65.9145
3995 65.9145 65.9301
3996 65.9145 65.9145
3997 65.9145 66.0377
3998 65.9145 65.9211
3999 65.9145 65.9279
