0 425.699 464.538
1 411.356 446.058
2 392.012 427.449
3 383.961 410.346
4 371.364 395.081
5 359.318 383.573
6 352 371.309
7 340.839 360.985
8 329.623 350.165
9 316.613 339.196
10 314.393 328.413
11 309.604 320.178
12 301.554 314.412
13 291.012 309.362
14 286.117 303.76
15 282.697 296.881
16 271.242 290.951
17 262.958 283.618
18 261.565 275.967
19 256.637 269.624
20 254.198 264.888
21 250.085 261.026
22 245.633 257.427
23 245.096 253.065
24 239.66 248.822
25 234.478 245.625
26 232.255 242.777
27 228.676 238.717
28 225.865 234.418
29 223.327 230.408
30 221.257 227.396
31 218.838 225.097
32 212.753 223.522
33 210.363 220.33
34 204.968 215.552
35 202.812 212.062
36 202.02 208.05
37 198.306 205.928
38 193.68 202.903
39 192.14 199.694
40 190.265 196.445
41 183.704 194.42
42 180.698 191.427
43 178.045 186.392
44 174.825 182.913
45 173.565 179.451
46 172.279 176.468
47 167.685 174.578
48 164.877 172.859
49 164.877 170.381
50 162.326 167.75
51 160.085 165.475
52 160.033 163.636
53 158.774 162.173
54 157.512 161.126
55 157.024 159.859
56 156.467 159.303
57 154.784 158.508
58 152.477 157.271
59 151.945 155.805
60 151.509 154.151
61 150.95 152.838
62 149.312 151.935
63 149.114 151.352
64 147.302 150.415
65 145.672 149.211
66 144.251 148.184
67 142.988 146.802
68 142.09 145.603
69 140.156 144.645
70 140.156 142.712
71 138.893 141.525
72 138.441 140.564
73 136.303 140.056
74 135.789 139.033
75 135.588 138.289
76 134.308 137.125
77 132.689 136.024
78 131.088 134.91
79 130.425 133.576
80 129.963 132.164
81 128.356 131.091
82 127.056 130.375
83 126.703 129.316
84 125.113 128.435
85 124.124 127.089
86 123.656 126.139
87 123.656 124.936
88 123.362 124.395
89 122.419 123.98
90 121.511 123.639
91 120.782 122.938
92 119.693 121.905
93 119.238 121.152
94 118.943 120.469
95 118.943 119.69
96 117.906 119.279
97 117.15 119.063
98 115.806 118.693
99 115.464 117.656
100 115.464 117.007
101 114.887 116.574
102 114.197 115.701
103 113.86 115.219
104 113.179 114.686
105 110.09 114.309
106 109.908 112.596
107 109.654 110.989
108 108.892 110.474
109 108.834 110.057
110 108.13 109.489
111 107.616 109.103
112 106.614 108.983
113 106.614 108.013
114 105.974 107.211
115 105.974 106.748
116 105.426 106.396
117 105.421 106.118
118 104.812 105.74
119 104.812 105.744
120 104.026 106.065
121 103.979 105.492
122 103.702 104.839
123 102.443 104.237
124 102.36 103.69
125 101.784 103.243
126 101.784 102.902
127 101.784 102.356
128 101.303 102.181
129 101.303 101.797
130 100.782 101.559
131 99.918 101.328
132 99.804 100.82
133 98.7761 100.406
134 98.2453 99.8537
135 97.9369 99.5053
136 97.4207 98.8558
137 96.5815 98.3299
138 96.2274 97.5722
139 95.9879 97.1519
140 95.6339 96.7516
141 95.6339 96.2874
142 95.2645 96.1517
143 94.5291 95.71
144 94.5291 95.4295
145 93.942 94.9351
146 93.246 94.5973
147 92.8389 94.252
148 92.6031 93.7272
149 92.196 93.2117
150 91.8179 92.8233
151 91.0499 92.3883
152 90.421 91.9605
153 90.421 91.5067
154 90.1239 90.9658
155 89.9332 90.688
156 89.1652 90.4061
157 88.868 90.2361
158 88.868 89.7169
159 88.868 89.2951
160 88.868 89.3739
161 88.4833 88.9451
162 87.8037 88.8363
163 87.8037 88.5942
164 87.8037 88.2909
165 87.8037 88.1464
166 87.8037 87.9685
167 87.8037 87.9711
168 87.3778 87.863
169 87.3778 87.7688
170 87.0083 87.6483
171 87.0083 87.6287
172 87.0083 87.3437
173 86.2028 87.0792
174 86.2028 86.9473
175 86.2028 86.637
176 86.2028 86.4161
177 86.2028 86.3388
178 85.9289 86.254
179 85.9289 86.2592
180 85.4951 86.161
181 85.4951 85.9594
182 85.4951 85.7878
183 85.4619 85.6315
184 85.4619 85.5261
185 85.1614 85.475
186 85.012 85.4242
187 84.7115 85.2735
188 84.4441 85.1247
189 84.4441 85.0368
190 84.4441 84.9803
191 84.4441 85.2239
192 84.4441 84.6382
193 84.4441 84.552
194 84.375 84.5975
195 84.375 84.5529
196 84.375 84.4466
197 84.375 84.5614
198 84.375 84.5216
199 84.375 84.4113
200 83.8709 84.5648
201 83.8709 86.1467
202 83.2236 86.1526
203 83.125 86.2146
204 83.0324 85.2785
205 82.5438 84.6801
206 82.5438 84.0572
207 82.5438 83.3531
208 82.5438 83.1296
209 82.5438 82.6814
210 82.5438 82.6023
211 82.2563 82.6493
212 82.0578 82.5703
213 82.0578 82.4363
214 82.0578 82.208
215 82.0578 82.1357
216 81.9409 82.0859
217 81.9409 82.0414
218 81.9409 81.994
219 81.8953 81.9742
220 81.8953 81.9964
221 81.8953 81.9415
222 81.6386 81.9038
223 81.6386 81.8607
224 81.6386 81.7603
225 81.6386 81.6825
226 81.6386 81.6555
227 81.4282 81.6732
228 81.4282 81.7109
229 81.4282 81.602
230 81.4282 81.5121
231 81.4282 81.5952
232 81.4282 81.5547
233 81.4282 81.6453
234 81.4282 81.5556
235 81.402 81.4515
236 81.402 81.5266
237 81.1173 81.4137
238 81.1173 81.6026
239 81.1173 81.2871
240 81.0816 81.2409
241 81.0816 81.3273
242 81.0816 81.3313
243 81.0816 81.1553
244 81.0816 81.137
245 81.0816 81.2244
246 81.0816 81.4046
247 81.0816 81.2982
248 80.9525 81.1394
249 80.9525 81.2449
250 79.1391 81.2876
251 79.1391 81.762
252 78.6908 81.0343
253 78.5922 80.1202
254 78.5922 79.3417
255 78.5383 79.2886
256 78.5383 78.7115
257 78.0584 78.6364
258 78.0584 78.5943
259 78.0127 78.517
260 78.0024 78.4508
261 78.0024 78.2592
262 78.0024 78.0985
263 78.0024 78.053
264 78.0024 78.0248
265 78.0024 78.1448
266 78.0024 78.2064
267 78.0024 78.2694
268 78.0024 78.1433
269 78.0024 78.0755
270 78.0024 78.0528
271 78.0024 78.003
272 78.0024 78.0024
273 78.0024 78.0024
274 78.0024 78.0193
275 78.0024 78.1438
276 77.58 78.2836
277 77.58 78.0657
278 77.58 77.7891
279 77.58 77.6772
280 77.58 77.58
281 77.58 77.6693
282 77.58 77.687
283 77.58 77.6148
284 77.58 77.7307
285 77.58 77.8281
286 77.58 77.6615
287 77.58 77.5827
288 77.58 77.5927
289 77.58 77.58
290 77.58 77.6044
291 77.58 77.6011
292 77.58 77.6056
293 77.58 77.614
294 77.58 77.5948
295 77.58 77.58
296 77.58 77.58
297 77.58 77.58
298 77.58 77.7597
299 77.58 77.6863
300 75.3872 77.6021
301 75.3872 77.8712
302 75.3872 77.1869
303 75.3872 77.1474
304 75.3872 75.8664
305 75.3872 75.7726
306 75.1389 75.4481
307 75.1389 75.3555
308 75.1389 75.2679
309 75.1389 75.5247
310 75.1389 75.2606
311 75.1389 75.2147
312 75.1389 75.1422
313 75.1389 75.3364
314 75.1389 75.2827
315 75.1389 75.211
316 75.1389 75.1389
317 75.1389 75.1578
318 75.1389 75.2205
319 75.1389 75.184
320 75.1389 75.1457
321 75.1389 75.1394
322 75.1389 75.1592
323 75.132 75.1389
324 75.132 75.1398
325 75.132 75.2415
326 74.3528 75.3018
327 74.3528 75.2035
328 74.3528 75.1293
329 74.3528 74.5427
330 74.2202 74.5159
331 74.2202 74.4323
332 74.2202 74.4589
333 74.2202 74.2536
334 74.2202 74.2326
335 74.2202 74.2202
336 74.1685 74.294
337 74.1685 74.3499
338 74.1685 74.3394
339 74.1685 74.3374
340 74.1685 74.2399
341 74.1685 74.3032
342 74.1685 74.3478
343 74.1685 74.2748
344 74.1685 74.2846
345 74.1685 74.1859
346 74.1685 74.4403
347 74.1685 74.2361
348 74.1685 74.2567
349 74.1685 74.2825
350 74.1685 74.1685
351 73.5445 74.175
352 73.5445 74.074
353 73.5445 73.8514
354 73.5445 73.7892
355 73.5445 73.8721
356 73.5445 73.6243
357 73.5445 73.6714
358 73.5445 73.5899
359 73.5445 73.5721
360 73.5445 73.5516
361 73.5445 73.6011
362 73.5445 73.5445
363 73.5445 73.5521
364 73.5445 73.5801
365 73.5445 73.6938
366 73.5303 73.6408
367 73.5303 73.5929
368 73.5303 73.5577
369 73.5303 73.6433
370 73.5303 73.6533
371 73.5303 73.5303
372 73.5303 73.5462
373 73.5303 73.5921
374 73.5303 73.5381
375 73.5303 73.6148
376 73.5303 73.6398
377 73.5303 73.6001
378 73.4903 73.5444
379 73.4903 73.6217
380 73.4903 73.5366
381 73.4903 73.5076
382 73.4903 73.5221
383 73.4903 73.545
384 73.4903 73.4903
385 73.4903 73.4914
386 73.4903 73.5222
387 73.4903 73.5202
388 73.4903 73.5288
389 73.4089 73.5121
390 73.4089 73.5422
391 73.4089 73.8554
392 73.0918 73.7052
393 73.0918 73.7361
394 72.4643 73.3294
395 72.4643 73.1389
396 72.4643 73.2153
397 72.4375 72.9255
398 72.4375 72.633
399 72.4375 72.4837
400 71.3876 72.5781
401 71.3876 72.2414
402 71.3876 71.9483
403 71.3876 71.7935
404 71.3876 71.5292
405 71.3876 71.4082
406 71.3876 71.4007
407 71.3876 71.3916
408 71.3876 71.3878
409 71.3876 71.3876
410 71.3876 71.5249
411 71.3876 71.5762
412 71.3876 71.7395
413 71.3876 71.3876
414 71.3876 71.4055
415 71.3876 71.4286
416 71.3876 71.4772
417 71.3876 71.4029
418 71.3876 71.4939
419 71.3876 71.4022
420 71.3876 71.474
421 71.3876 71.3968
422 71.3876 71.4162
423 71.3876 71.3927
424 71.3876 71.5644
425 71.3876 71.4055
426 71.3876 71.4551
427 71.3876 71.4088
428 71.1248 71.3886
429 71.1248 71.3984
430 71.1248 71.2693
431 71.1248 71.1678
432 71.1248 71.1373
433 71.1248 71.1794
434 71.1248 71.2592
435 71.1248 71.203
436 71.1248 71.2696
437 71.1248 71.1603
438 71.1248 71.1248
439 71.1248 71.1253
440 71.1248 71.2126
441 71.1248 71.2347
442 71.1248 71.1269
443 71.1248 71.2071
444 71.1248 71.2715
445 71.1248 71.1248
446 70.8548 71.1312
447 70.8548 71.0762
448 70.8548 71.1333
449 70.8548 70.9139
450 69.7795 70.9961
451 69.7795 71.4163
452 69.7795 71.4635
453 69.7795 70.9228
454 69.7795 70.2583
455 69.7795 69.9509
456 69.7795 69.8003
457 69.7795 69.8572
458 69.7795 69.7953
459 69.7795 69.9099
460 69.7795 69.9153
461 69.7795 69.8278
462 69.7795 69.8983
463 69.7795 69.8619
464 69.7795 69.8288
465 69.7795 70.0161
466 69.7795 69.789
467 69.7795 69.8828
468 69.7795 69.9189
469 69.7795 69.8101
470 69.7795 69.9335
471 69.7795 69.7795
472 69.7795 69.7795
473 69.7795 69.7814
474 69.7795 69.8363
475 69.7795 69.9508
476 69.7795 69.7795
477 69.7795 69.8423
478 69.7795 69.8455
479 69.7795 69.8709
480 69.7795 69.7795
481 69.7795 69.7795
482 69.7795 69.7804
483 69.7795 70.0318
484 69.7795 69.8842
485 69.7795 69.8966
486 69.7795 69.9656
487 69.7795 70.2611
488 69.7795 69.9794
489 69.7795 69.7795
490 69.7795 69.8492
491 69.7795 69.8978
492 69.7795 69.7795
493 69.7795 69.817
494 69.7795 69.8266
495 69.7795 69.7795
496 69.7795 69.7795
497 69.7795 69.8146
498 69.7795 69.7874
499 69.7795 69.8059
500 69.7795 69.8362
501 69.7795 69.9152
502 69.7795 69.7853
503 69.7795 69.9451
504 69.7795 69.9585
505 69.7795 69.9856
506 69.7795 69.7795
507 69.7795 69.7984
508 69.7795 69.7795
509 69.7795 69.7844
510 69.7795 69.7857
511 69.7795 69.8475
512 69.7795 69.9463
513 69.7795 69.8436
514 69.7795 69.8504
515 69.7795 69.7937
516 69.7795 69.8005
517 69.7795 69.9631
518 69.7795 70.0021
519 69.7795 70.0934
520 69.7795 69.8059
521 69.7795 69.7795
522 69.7795 69.9568
523 69.7795 69.7795
524 69.7795 69.8159
525 69.7795 69.8222
526 69.7795 69.8999
527 69.7795 69.8154
528 69.7795 69.8796
529 69.7795 69.9012
530 69.7795 69.7957
531 69.7795 69.8682
532 69.7795 69.862
533 69.7795 69.879
534 69.7795 70.0082
535 69.7795 69.9529
536 69.7795 69.9884
537 69.7795 69.8613
538 69.7795 69.7939
539 69.7795 69.8873
540 69.7795 69.7944
541 69.7795 69.7836
542 69.7795 69.8757
543 69.7795 69.8479
544 69.7795 69.8296
545 69.7795 69.8117
546 69.7795 69.8297
547 69.7795 69.808
548 69.7795 69.7844
549 69.7795 69.8897
550 69.7795 69.7795
551 69.7795 69.7943
552 69.7795 69.8341
553 69.7795 70.2935
554 69.7795 70.1338
555 69.7795 70.0817
556 69.7795 70.2841
557 69.7795 70.0628
558 69.7795 70.1087
559 69.7795 69.8393
560 69.7795 69.8227
561 69.7795 69.8008
562 69.7795 69.7801
563 69.7795 69.7878
564 69.7795 69.7795
565 69.7795 69.7862
566 69.7795 69.8254
567 69.7795 69.7876
568 69.7795 69.9074
569 69.7795 69.8621
570 69.7795 69.7795
571 69.7795 69.7863
572 69.7795 69.7795
573 69.7795 69.8052
574 69.7795 69.7987
575 69.7795 69.7795
576 69.7795 69.7899
577 69.7795 69.8892
578 69.7165 69.8054
579 69.7165 69.7817
580 69.7165 69.7577
581 69.7165 69.8456
582 69.7165 69.7219
583 69.7165 69.7179
584 69.7165 69.8413
585 69.7165 69.8326
586 69.7165 69.9759
587 69.7165 70.011
588 69.7165 69.8411
589 69.7165 69.9058
590 69.7165 69.8416
591 69.7165 69.9219
592 69.7165 69.7238
593 69.7165 69.7338
594 69.7165 69.812
595 69.7165 69.7604
596 69.7165 69.7412
597 69.7165 69.7534
598 69.7165 69.7165
599 69.7165 69.7179
600 69.388 69.8442
601 69.388 70.1626
602 69.388 69.8745
603 69.388 69.5047
604 69.388 69.4862
605 69.388 69.4397
606 69.388 69.4093
607 69.388 69.4872
608 69.388 69.4039
609 69.388 69.388
610 69.388 69.4533
611 69.388 69.388
612 69.388 69.4325
613 69.388 69.6073
614 69.388 69.8803
615 69.388 69.8092
616 69.388 69.6431
617 69.388 69.5315
618 69.388 69.3941
619 69.388 69.388
620 69.388 69.409
621 69.388 69.3928
622 69.388 69.3911
623 69.388 69.388
624 69.388 69.4306
625 69.388 69.3945
626 69.388 69.4081
627 69.388 69.388
628 69.388 69.3939
629 69.388 69.4268
630 69.388 69.4742
631 69.388 69.465
632 69.388 69.4667
633 69.388 69.4117
634 69.388 69.388
635 69.388 69.388
636 69.388 69.388
637 69.388 69.4209
638 69.388 69.4528
639 69.388 69.4601
640 69.388 69.4634
641 69.388 69.4952
642 69.388 69.574
643 69.388 69.388
644 69.388 69.388
645 69.388 69.4161
646 69.388 69.4238
647 69.388 69.3987
648 69.388 69.4909
649 69.388 69.4363
650 69.388 69.4454
651 69.388 69.4713
652 69.388 69.4421
653 69.388 69.4847
654 69.388 69.388
655 69.388 69.5215
656 69.388 69.4735
657 69.388 69.3917
658 69.388 69.4232
659 69.388 69.4792
660 69.388 69.4573
661 69.388 69.4246
662 69.388 69.5919
663 69.388 69.4333
664 69.388 69.4522
665 69.388 69.4416
666 69.388 69.4385
667 69.388 69.4121
668 69.388 69.4054
669 69.388 69.3906
670 69.388 69.4344
671 69.388 69.388
672 69.388 69.452
673 69.388 69.3932
674 69.388 69.388
675 69.388 69.3946
676 69.388 69.4457
677 69.388 69.388
678 69.388 69.3957
679 69.388 69.3979
680 69.388 69.4804
681 69.388 69.407
682 69.388 69.3925
683 69.388 69.5799
684 69.388 69.615
685 69.388 69.388
686 69.388 69.4625
687 69.388 69.4041
688 69.388 69.388
689 69.388 69.388
690 69.388 69.5152
691 69.388 69.4967
692 69.388 69.4028
693 69.388 69.4315
694 69.388 69.4316
695 69.388 69.4238
696 69.388 69.6282
697 69.388 69.4591
698 69.388 69.7509
699 69.388 69.4876
700 69.388 69.645
701 69.388 69.4316
702 69.388 69.4642
703 69.388 69.4153
704 69.388 69.388
705 69.388 69.388
706 69.388 69.4014
707 69.388 69.388
708 69.388 69.3926
709 69.388 69.388
710 69.388 69.3915
711 69.388 69.4361
712 69.388 69.4192
713 69.388 69.4177
714 69.388 69.4593
715 69.388 69.5247
716 69.388 69.4487
717 69.388 69.4897
718 69.388 69.5623
719 69.388 69.4739
720 69.388 69.388
721 69.388 69.428
722 69.388 69.7381
723 69.388 69.804
724 69.388 69.6215
725 69.388 69.4888
726 69.388 69.4656
727 69.388 69.5605
728 69.388 69.4751
729 69.388 69.5008
730 69.388 69.5766
731 69.388 69.6121
732 69.388 69.5246
733 69.388 69.4105
734 69.388 69.388
735 69.388 69.424
736 69.388 69.4442
737 69.388 69.4177
738 69.388 69.4085
739 69.388 69.4953
740 69.388 69.4041
741 69.388 69.388
742 69.388 69.4119
743 69.388 69.388
744 69.388 69.4672
745 69.388 69.439
746 69.388 69.6033
747 69.388 69.452
748 69.388 69.473
749 69.388 69.6207
750 68.4744 69.403
751 68.4744 69.0277
752 68.4744 68.8856
753 68.4744 68.5413
754 68.4744 68.4918
755 68.4744 68.4867
756 68.4744 68.5055
757 68.4744 68.4744
758 68.4744 68.4744
759 68.4744 68.4791
760 68.4744 68.4744
761 68.4744 68.4744
762 68.4744 68.4744
763 68.4744 68.4744
764 68.4744 68.4745
765 68.4744 68.5063
766 68.4744 68.4773
767 68.4744 68.4744
768 68.4744 68.5695
769 68.4744 68.4943
770 68.4744 68.6259
771 68.4744 68.4973
772 68.4744 68.4787
773 68.4744 68.4866
774 68.4744 68.5277
775 68.4744 68.5243
776 68.4744 68.4744
777 68.4744 68.5415
778 68.4744 68.5056
779 68.4744 68.4963
780 68.4744 68.489
781 68.4744 68.6253
782 68.4744 68.7368
783 68.4744 68.6733
784 68.4744 68.6934
785 68.4744 68.5416
786 68.4744 68.6286
787 68.4744 68.683
788 68.4744 68.5148
789 68.4744 68.4767
790 68.4744 68.549
791 68.4744 68.5092
792 68.4744 68.6634
793 68.4744 68.5066
794 68.4744 68.635
795 68.4744 68.4843
796 68.4744 68.5039
797 68.4744 68.6869
798 68.4744 68.4784
799 68.4744 68.6
800 67.3957 68.8617
801 66.9713 68.7578
802 66.9713 68.5293
803 66.9713 67.649
804 66.9713 67.5364
805 66.9713 67.2252
806 66.9713 67.126
807 66.9713 66.9867
808 66.9713 67.0067
809 66.9713 67.0974
810 66.9713 66.9883
811 66.9713 67.1472
812 66.9713 67.1972
813 66.9713 67.4734
814 66.9713 67.2229
815 66.9713 67.0283
816 66.9713 67.0665
817 66.9713 67.2325
818 66.9713 67.0241
819 66.9713 66.9713
820 66.9713 66.9713
821 66.9713 67.0039
822 66.9713 66.9713
823 66.9713 66.9921
824 66.9713 66.9713
825 66.9713 66.9713
826 66.9713 66.9713
827 66.9713 67.0136
828 66.9713 67.094
829 66.9713 67.5151
830 66.9713 67.0767
831 66.9713 67.0435
832 66.9713 67.01
833 66.9713 67.0792
834 66.9713 67.1006
835 66.9713 67.0337
836 66.9713 67.0786
837 66.9713 67.1281
838 66.9713 67.0238
839 66.9713 67.0048
840 66.9713 66.9957
841 66.9713 67.0958
842 66.9713 67.1455
843 66.9713 67.0419
844 66.9713 66.9713
845 66.9713 67.0231
846 66.9713 67.3058
847 66.9713 67.1202
848 66.9713 67.0001
849 66.9713 67.0287
850 66.9713 66.9713
851 66.9713 67.0004
852 66.9713 67.11
853 66.9713 67.0002
854 66.9713 67.0191
855 66.9713 67.0504
856 66.9713 67.1058
857 66.9713 67.1745
858 66.9713 66.9713
859 66.9713 66.9713
860 66.9713 66.9713
861 66.9713 66.9737
862 66.9713 66.9842
863 66.9713 66.9713
864 66.9713 66.9988
865 66.9713 66.9713
866 66.9713 66.978
867 66.9713 66.9794
868 66.9713 67.1775
869 66.9713 67.0089
870 66.9713 67.0057
871 66.9713 66.9713
872 66.9713 66.9826
873 66.9713 66.9849
874 66.9713 66.9713
875 66.9713 67.0222
876 66.9713 67.0832
877 66.9713 67.0095
878 66.9713 67.0323
879 66.9713 67.0864
880 66.9713 66.9713
881 66.9713 66.9713
882 66.9713 66.9804
883 66.9713 66.9753
884 66.9713 67.1408
885 66.9713 67.1042
886 66.9713 67.1082
887 66.9713 67.2794
888 66.9713 67.001
889 66.9713 67.0213
890 66.9713 67.1291
891 66.9713 66.9713
892 66.9713 66.9836
893 66.9713 67.0202
894 66.9713 66.9997
895 66.9713 67.0804
896 66.9713 67.1195
897 66.9713 66.9784
898 66.9713 67.08
899 66.9713 67.0547
900 66.9713 66.9713
901 66.9713 66.9713
902 66.9713 66.9713
903 66.9713 66.9713
904 66.9713 67.038
905 66.9713 66.9728
906 66.9713 66.9713
907 66.9713 66.9713
908 66.9713 66.9713
909 66.9713 67.0524
910 66.9713 66.9735
911 66.9713 67.1288
912 66.9713 67.0217
913 66.9713 67.1086
914 66.9713 67.0463
915 66.9713 67.2341
916 66.9713 67.1094
917 66.9713 66.9715
918 66.9713 66.9733
919 66.9713 66.9713
920 66.9713 66.9713
921 66.9713 66.9713
922 66.9713 66.9713
923 66.9713 66.9934
924 66.9713 66.9956
925 66.9713 66.9739
926 66.9713 67.0678
927 66.9713 66.9741
928 66.9713 66.9897
929 66.9713 67.0125
930 66.9713 66.9812
931 66.9713 67.0232
932 66.9713 67.0223
933 66.9713 66.9864
934 66.9713 67.0017
935 66.9713 66.9782
936 66.9713 67.0232
937 66.9713 66.9951
938 66.9713 66.9985
939 66.9713 67.061
940 66.9713 67.064
941 66.9713 67.1116
942 66.9713 66.9799
943 66.9713 66.9713
944 66.9713 66.9713
945 66.9713 66.9716
946 66.9713 66.9713
947 66.9713 66.9713
948 66.9713 66.9713
949 66.9713 66.9713
950 66.9713 67.0435
951 66.9713 67.0384
952 66.9713 67.0295
953 66.9713 66.9721
954 66.9713 66.9713
955 66.9713 66.9713
956 66.9713 66.9713
957 66.9713 66.9983
958 66.9713 66.9981
959 66.9713 67.0234
960 66.9713 67.0088
961 66.9713 67.3334
962 66.9713 67.0893
963 66.9713 66.9713
964 66.9713 67.0798
965 66.9713 67.0953
966 66.9713 67.0382
967 66.9713 67.0696
968 66.9713 66.9713
969 66.9713 67.0044
970 66.9713 66.9822
971 66.9713 66.9738
972 66.9713 66.978
973 66.9713 66.9713
974 66.9713 67.0528
975 66.9713 66.9846
976 66.9713 67.0149
977 66.9713 67.0344
978 66.9713 67.0085
979 66.9713 67.0432
980 66.9713 66.9785
981 66.9713 66.9786
982 66.9713 67.0406
983 66.9713 67.0783
984 66.9713 67.0651
985 66.9713 67.1221
986 66.9713 67.2349
987 66.9713 67.1884
988 66.9713 66.978
989 66.9713 66.9897
990 66.9713 66.9784
991 66.9713 66.9713
992 66.9713 66.9713
993 66.9713 66.9713
994 66.9713 66.9921
995 66.9713 66.9801
996 66.9713 66.9713
997 66.9713 66.9842
998 66.9713 67.1884
999 66.9713 67.0077
1000 66.9713 67.1496
1001 66.9713 66.991
1002 66.9713 67.1008
1003 66.9713 66.9785
1004 66.9713 67.0651
1005 66.9713 67.0311
1006 66.9713 67.0339
1007 66.9713 66.9734
1008 66.9713 66.9815
1009 66.9713 66.9713
1010 66.9713 66.9948
1011 66.9713 67.2279
1012 66.9713 67.0148
1013 66.9713 67.0262
1014 66.9713 66.9746
1015 66.9713 67.0172
1016 66.9713 67.0125
1017 66.9713 66.9713
1018 66.9713 67.0096
1019 66.9713 67.0111
1020 66.9713 67.1028
1021 66.9713 67.0842
1022 66.9713 67.0524
1023 66.9713 66.9713
1024 66.9713 67.0093
1025 66.9713 66.9894
1026 66.9713 66.9713
1027 66.9713 66.9802
1028 66.9713 67.0472
1029 66.9713 66.9713
1030 66.9713 67.109
1031 66.9713 66.9821
1032 66.9713 66.9788
1033 66.9713 66.9723
1034 66.9713 66.9762
1035 66.9713 67.0551
1036 66.9713 67.0126
1037 66.9713 67.1038
1038 66.9713 67.0218
1039 66.9713 66.9791
1040 66.9713 67.0262
1041 66.9713 66.9972
1042 66.9713 66.9713
1043 66.9713 66.9713
1044 66.9713 67.0979
1045 66.9713 67.0917
1046 66.9713 66.9724
1047 66.9713 67.0907
1048 66.9713 67.0052
1049 66.9713 67.022
1050 66.9713 66.9858
1051 66.9713 67.0701
1052 66.9713 66.9713
1053 66.9713 67.0084
1054 66.9713 66.9841
1055 66.9713 67.0163
1056 66.9713 66.9854
1057 66.9713 66.9713
1058 66.9713 67.0461
1059 66.9713 66.9715
1060 66.9713 67.0442
1061 66.9713 66.983
1062 66.9713 66.9713
1063 66.9713 66.9816
1064 66.9713 67.1392
1065 66.9713 67.0601
1066 66.9713 66.9713
1067 66.9713 67.0316
1068 66.9713 67.0881
1069 66.9713 67.0052
1070 66.9713 67.0269
1071 66.9713 66.9965
1072 66.9713 67.0168
1073 66.9713 67.0066
1074 66.9713 66.9819
1075 66.9713 67.0432
1076 66.9713 67.0253
1077 66.9713 67.3676
1078 66.9713 67.0224
1079 66.9713 66.9913
1080 66.9713 66.9713
1081 66.9713 66.9713
1082 66.9713 66.9713
1083 66.9713 66.9713
1084 66.9713 66.9713
1085 66.9713 66.9821
1086 66.9713 66.9713
1087 66.9713 66.985
1088 66.9713 66.9808
1089 66.9713 67.1621
1090 66.9713 66.9763
1091 66.9713 66.9713
1092 66.9713 66.9713
1093 66.9713 66.9946
1094 66.9713 66.9729
1095 66.9713 66.9772
1096 66.9713 66.9713
1097 66.9713 66.9713
1098 66.9713 66.9713
1099 66.9713 66.9969
1100 66.9713 67.1289
1101 66.9713 67.0231
1102 66.9713 67.0901
1103 66.9713 67.0726
1104 66.9713 66.9713
1105 66.9713 66.9713
1106 66.9713 66.9823
1107 66.9713 66.9723
1108 66.9713 66.9723
1109 66.9713 67.1528
1110 66.9713 67.182
1111 66.9713 67.1028
1112 66.9713 67.1945
1113 66.9713 67.0926
1114 66.9713 67.0072
1115 66.9713 67.257
1116 66.9713 67.0261
1117 66.9713 67.058
1118 66.9713 67.0117
1119 66.9713 67.2119
1120 66.9713 66.978
1121 66.9713 67.0473
1122 66.9713 67.0535
1123 66.9713 67.2016
1124 66.9713 67.0731
1125 66.9713 67.0079
1126 66.9713 66.9713
1127 66.9713 66.9713
1128 66.9713 67.1635
1129 66.9713 66.9799
1130 66.9713 66.9713
1131 66.9713 66.9936
1132 66.9713 66.9713
1133 66.9713 66.9759
1134 66.9713 67.0728
1135 66.9713 66.9713
1136 66.9713 66.9713
1137 66.9713 66.994
1138 66.9713 67.1477
1139 66.9713 67.0096
1140 66.9713 67.148
1141 66.9713 67.0757
1142 66.9713 67.1268
1143 66.9713 66.9848
1144 66.9713 66.9713
1145 66.9713 66.9949
1146 66.9713 66.9713
1147 66.9713 66.9713
1148 66.9713 66.983
1149 66.9713 66.9713
1150 66.9713 67.0057
1151 66.9713 66.9713
1152 66.9713 66.9713
1153 66.9713 66.9772
1154 66.9713 67.0067
1155 66.9713 66.9713
1156 66.9713 66.9713
1157 66.9713 66.9713
1158 66.9713 67.0826
1159 66.9713 67.0774
1160 66.9713 67.0854
1161 66.9713 67.015
1162 66.9713 66.9939
1163 66.9713 67.0101
1164 66.9713 66.9967
1165 66.9713 67.0084
1166 66.9713 67.0114
1167 66.9713 66.9713
1168 66.9713 66.9713
1169 66.9713 66.9713
1170 66.9713 66.9713
1171 66.9713 66.9713
1172 66.9713 67.0438
1173 66.9713 66.9884
1174 66.9713 66.9713
1175 66.9713 66.9713
1176 66.9713 66.9713
1177 66.9713 66.9747
1178 66.9713 66.9735
1179 66.9713 67.0085
1180 66.9713 66.9957
1181 66.9713 67.0105
1182 66.9713 66.9735
1183 66.9713 66.9713
1184 66.9713 66.9945
1185 66.9713 66.9767
1186 66.9713 66.984
1187 66.9713 66.9713
1188 66.9713 66.9713
1189 66.9713 66.9713
1190 66.9713 67.0643
1191 66.9713 67.0783
1192 66.9713 67.0173
1193 66.9713 67.0961
1194 66.9713 67.0439
1195 66.9713 67.0842
1196 66.9713 66.986
1197 66.9713 66.9713
1198 66.9713 66.9713
1199 66.9713 66.9713
1200 66.9713 67.2818
1201 66.9713 67.2128
1202 66.9713 67.2416
1203 66.9713 67.0906
1204 66.9713 66.9713
1205 66.9713 67.1503
1206 66.9713 67.0992
1207 66.9713 67.1774
1208 66.9713 67.0184
1209 66.9713 67.0468
1210 66.9713 67.1102
1211 66.9713 66.9713
1212 66.9713 66.9713
1213 66.9713 66.9713
1214 66.9713 67.0626
1215 66.9713 67.1585
1216 66.9713 66.9902
1217 66.9713 67.001
1218 66.9713 66.9929
1219 66.9713 67.0993
1220 66.9713 67.3076
1221 66.9713 67.0057
1222 66.9713 66.98
1223 66.9713 67.0059
1224 66.9713 67.1132
1225 66.9713 67.0203
1226 66.9713 66.9765
1227 66.9713 67.298
1228 66.9713 67.2694
1229 66.9713 67.121
1230 66.9713 66.9842
1231 66.9713 66.9831
1232 66.9713 66.9722
1233 66.9713 67.0336
1234 66.9713 67.1763
1235 66.9713 67.1125
1236 66.9713 67.0294
1237 66.9713 66.9883
1238 66.9713 67.0115
1239 66.9713 66.9758
1240 66.9713 66.9713
1241 66.9713 66.9794
1242 66.9713 67.0356
1243 66.9713 67.0215
1244 66.9713 66.9929
1245 66.9713 66.9748
1246 66.9713 66.994
1247 66.9713 66.9994
1248 66.9713 66.9893
1249 66.9713 66.9873
1250 66.8256 66.9874
1251 66.8256 66.953
1252 66.8256 66.9799
1253 66.8256 66.8713
1254 66.8256 66.8717
1255 66.8256 66.857
1256 66.8256 66.8345
1257 66.8256 66.8256
1258 66.8256 66.9589
1259 66.8256 66.9409
1260 66.8256 66.8257
1261 66.8256 66.8273
1262 66.8256 66.8605
1263 66.8256 67.1853
1264 66.8256 67.0188
1265 66.8256 66.8282
1266 66.8256 66.8532
1267 66.8256 66.9544
1268 66.8256 66.8857
1269 66.8256 66.9953
1270 66.8256 66.8338
1271 66.8256 66.8256
1272 66.8256 66.8256
1273 66.8256 66.8376
1274 66.8256 67.0355
1275 66.8256 66.8256
1276 66.8256 66.8552
1277 66.8256 66.9619
1278 66.8256 66.8306
1279 66.8256 66.912
1280 66.8256 66.9214
1281 66.8256 66.833
1282 66.8256 66.8256
1283 66.8256 66.8256
1284 66.8256 66.8256
1285 66.8256 66.8431
1286 66.8256 66.8256
1287 66.8256 66.8773
1288 66.8256 66.8894
1289 66.8256 66.8329
1290 66.8256 66.8256
1291 66.8256 66.9288
1292 66.8256 66.9959
1293 66.8256 67.073
1294 66.8256 66.9494
1295 66.8256 66.9411
1296 66.8256 67.0331
1297 66.8256 66.9148
1298 66.8256 66.8409
1299 66.8256 66.8403
1300 66.8256 66.9556
1301 66.8256 67.139
1302 66.8256 66.8602
1303 66.8256 66.9142
1304 66.8256 67.0139
1305 66.8256 66.9748
1306 66.8256 67.0802
1307 66.8256 66.8845
1308 66.8256 66.8256
1309 66.8256 66.9015
1310 66.8256 66.8256
1311 66.8256 66.8743
1312 66.8256 66.8256
1313 66.8256 66.8319
1314 66.8256 66.8795
1315 66.8256 66.8552
1316 66.8256 66.8473
1317 66.8256 66.8256
1318 66.8256 66.8412
1319 66.8256 66.835
1320 66.8256 66.8886
1321 66.8256 66.8935
1322 66.8256 66.8256
1323 66.8256 66.8333
1324 66.8256 66.8257
1325 66.8256 66.8256
1326 66.8256 66.9215
1327 66.8256 67.057
1328 66.8256 66.9351
1329 66.8256 66.8256
1330 66.8256 66.9629
1331 66.8256 66.9631
1332 66.8256 66.8294
1333 66.8256 66.9113
1334 66.8256 66.8679
1335 66.8256 66.8317
1336 66.8256 66.8396
1337 66.8256 66.9243
1338 66.8256 66.8256
1339 66.8256 66.8344
1340 66.8256 66.9357
1341 66.8256 66.9426
1342 66.8256 66.8267
1343 66.8256 66.8887
1344 66.8256 66.8566
1345 66.8256 66.9009
1346 66.8256 66.9536
1347 66.8256 66.8291
1348 66.8256 66.8473
1349 66.8256 66.8438
1350 66.8256 66.868
1351 66.8256 66.9897
1352 66.8256 66.8339
1353 66.8256 66.8422
1354 66.8256 66.8256
1355 66.8256 66.8342
1356 66.8256 66.8998
1357 66.8256 66.8871
1358 66.8256 66.8418
1359 66.8256 66.8306
1360 66.8256 66.8256
1361 66.8256 66.8459
1362 66.8256 66.8775
1363 66.8256 66.8256
1364 66.8256 67.0099
1365 66.8256 66.9266
1366 66.8256 66.8566
1367 66.8256 66.8327
1368 66.8256 66.9921
1369 66.8256 67.0068
1370 66.8256 66.8847
1371 66.8256 66.8553
1372 66.8256 66.8688
1373 66.8256 66.8256
1374 66.8256 66.8256
1375 66.8256 66.8256
1376 66.8256 66.8256
1377 66.8256 66.9284
1378 66.8256 66.8395
1379 66.8256 66.8757
1380 66.8256 67.0311
1381 66.8256 66.8678
1382 66.8256 66.8256
1383 66.8256 66.9871
1384 66.8256 67.0733
1385 66.8256 67.0689
1386 66.8256 66.8256
1387 66.8256 66.8332
1388 66.8256 66.8256
1389 66.8256 66.8256
1390 66.8256 66.8256
1391 66.8256 66.8537
1392 66.8256 66.8915
1393 66.8256 66.8871
1394 66.8256 66.8358
1395 66.8256 66.8268
1396 66.8256 66.8381
1397 66.8256 66.9131
1398 66.8256 66.9027
1399 66.8256 66.8352
1400 66.8256 66.8555
1401 66.8256 66.8256
1402 66.8256 66.8256
1403 66.8256 66.8256
1404 66.8256 66.8256
1405 66.8256 66.8345
1406 66.8256 66.8403
1407 66.8256 66.8296
1408 66.8256 67.0748
1409 66.8256 66.8667
1410 66.8256 66.8792
1411 66.8256 66.875
1412 66.8256 66.9956
1413 66.8256 66.9565
1414 66.8256 67.1467
1415 66.8256 66.9093
1416 66.8256 66.8577
1417 66.8256 67.2745
1418 66.8256 67.329
1419 66.8256 66.8632
1420 66.8256 66.826
1421 66.8256 66.8339
1422 66.8256 66.8256
1423 66.8256 66.8783
1424 66.8256 66.8639
1425 66.8256 66.888
1426 66.8256 66.8256
1427 66.8256 66.8256
1428 66.8256 66.8256
1429 66.8256 66.8333
1430 66.8256 66.8418
1431 66.8256 66.8256
1432 66.8256 66.8256
1433 66.8256 66.8256
1434 66.8256 66.9485
1435 66.8256 67.0576
1436 66.8256 66.9146
1437 66.8256 66.9243
1438 66.8256 66.8368
1439 66.8256 66.8256
1440 66.8256 66.8256
1441 66.8256 66.8406
1442 66.8256 66.9204
1443 66.8256 66.9948
1444 66.8256 66.8256
1445 66.8256 66.8256
1446 66.8256 66.8498
1447 66.8256 66.8256
1448 66.8256 66.8256
1449 66.8256 66.8256
1450 66.8256 66.8256
1451 66.8256 66.8793
1452 66.8256 67.1343
1453 66.8256 66.9702
1454 66.8256 66.8608
1455 66.8256 66.9268
1456 66.8256 66.8999
1457 66.8256 66.9602
1458 66.8256 67.0471
1459 66.8256 67.158
1460 66.8256 67.1931
1461 66.8256 67.0809
1462 66.8256 66.8256
1463 66.8256 66.8256
1464 66.8256 66.8651
1465 66.8256 66.8256
1466 66.8256 66.8256
1467 66.8256 66.8256
1468 66.8256 66.8662
1469 66.8256 67.1036
1470 66.8256 67.2346
1471 66.8256 66.9665
1472 66.8256 66.8844
1473 66.8256 66.833
1474 66.8256 67.0491
1475 66.8256 66.8269
1476 66.8256 66.8283
1477 66.8256 66.8256
1478 66.8256 66.8256
1479 66.8256 66.8286
1480 66.8256 66.8594
1481 66.8256 66.8854
1482 66.8256 66.936
1483 66.8256 66.9604
1484 66.8256 67.0043
1485 66.8256 66.9095
1486 66.8256 66.8256
1487 66.8256 66.8256
1488 66.8256 66.9509
1489 66.8256 66.8442
1490 66.8256 66.855
1491 66.8256 66.8596
1492 66.8256 66.8256
1493 66.8256 66.8256
1494 66.8256 66.9035
1495 66.8256 66.9079
1496 66.8256 66.8861
1497 66.8256 66.8409
1498 66.8256 66.8639
1499 66.8256 66.8256
1500 66.8256 66.8501
1501 66.8256 66.8273
1502 66.8256 66.8256
1503 66.8256 66.8256
1504 66.8256 66.8356
1505 66.8256 67.1788
1506 66.8256 66.8526
1507 66.8256 66.8616
1508 66.8256 66.8511
1509 66.8256 66.8279
1510 66.8256 66.8439
1511 66.8256 66.8256
1512 66.8256 66.8256
1513 66.8256 66.8879
1514 66.8256 66.8256
1515 66.8256 66.8782
1516 66.8256 66.8586
1517 66.8256 66.9129
1518 66.8256 66.9519
1519 66.8256 66.8256
1520 66.8256 66.9187
1521 66.8256 66.8486
1522 66.8256 66.8404
1523 66.8256 66.9152
1524 66.8256 66.882
1525 66.8256 66.8256
1526 66.8256 66.8256
1527 66.8256 66.9123
1528 66.8256 66.834
1529 66.8256 66.8842
1530 66.8256 67.0001
1531 66.8256 66.8802
1532 66.8256 66.8727
1533 66.8256 66.9199
1534 66.8256 66.8771
1535 66.8256 66.8334
1536 66.8256 66.8299
1537 66.8256 66.8572
1538 66.8256 67.0643
1539 66.8256 66.9555
1540 66.8256 66.8673
1541 66.8256 66.8351
1542 66.8256 66.8256
1543 66.8256 66.9052
1544 66.8256 66.8262
1545 66.8256 66.8312
1546 66.8256 66.8363
1547 66.8256 66.9152
1548 66.8256 66.8691
1549 66.8256 66.8256
1550 66.8256 66.9262
1551 66.8256 67.0927
1552 66.8256 66.8375
1553 66.8256 66.8325
1554 66.8256 66.8256
1555 66.8256 66.8256
1556 66.8256 66.8256
1557 66.8256 66.8546
1558 66.8256 66.8529
1559 66.8256 66.8327
1560 66.8256 66.8256
1561 66.8256 66.8846
1562 66.8256 67.0503
1563 66.8256 67.3126
1564 66.8256 66.8903
1565 66.8256 66.9856
1566 66.8256 67.0283
1567 66.8256 66.8454
1568 66.8256 66.8425
1569 66.8256 66.8256
1570 66.8256 66.8696
1571 66.8256 66.8415
1572 66.8256 67.0613
1573 66.8256 67.0428
1574 66.8256 67.1141
1575 66.8256 66.9544
1576 66.8256 66.9338
1577 66.8256 67.018
1578 66.8256 67.0706
1579 66.8256 67.0962
1580 66.8256 66.8404
1581 66.8256 66.8449
1582 66.8256 66.8804
1583 66.8256 67.0159
1584 66.8256 66.892
1585 66.8256 66.9561
1586 66.8256 66.8752
1587 66.8256 66.8256
1588 66.8256 66.9026
1589 66.8256 66.8256
1590 66.8256 66.8595
1591 66.8256 66.851
1592 66.8256 66.8392
1593 66.8256 66.9525
1594 66.8256 67.0688
1595 66.8256 66.8256
1596 66.8256 66.8806
1597 66.8256 66.9229
1598 66.8256 66.8577
1599 66.8256 67.045
1600 66.8256 66.8256
1601 66.8256 66.9947
1602 66.8256 67.052
1603 66.8256 66.858
1604 66.8256 66.8256
1605 66.8256 66.8256
1606 66.8256 66.8341
1607 66.8256 66.8315
1608 66.8256 66.8743
1609 66.8256 66.8669
1610 66.8256 66.8592
1611 66.8256 66.8801
1612 66.8256 66.9336
1613 66.8256 66.8505
1614 66.8256 66.9961
1615 66.8256 67.0094
1616 66.8256 66.8328
1617 66.8256 66.8256
1618 66.8256 66.8577
1619 66.8256 66.8295
1620 66.8256 66.8301
1621 66.8256 67.0257
1622 66.8256 66.8501
1623 66.8256 66.8256
1624 66.8256 66.9753
1625 66.8256 66.8334
1626 66.8256 66.8657
1627 66.8256 66.8754
1628 66.8256 67.046
1629 66.8256 67.0144
1630 66.8256 66.9013
1631 66.8256 66.8929
1632 66.8256 66.9073
1633 66.8256 66.9155
1634 66.8256 66.8674
1635 66.8256 66.8256
1636 66.8256 66.829
1637 66.8256 66.8451
1638 66.8256 66.9357
1639 66.8256 66.8529
1640 66.8256 66.8256
1641 66.8256 66.8256
1642 66.8256 66.8256
1643 66.8256 66.8256
1644 66.8256 66.8256
1645 66.8256 66.8359
1646 66.8256 66.8452
1647 66.8256 66.8529
1648 66.8256 66.884
1649 66.8256 67.0687
1650 66.8256 67.1418
1651 66.8256 66.9765
1652 66.8256 66.8256
1653 66.8256 66.9083
1654 66.8256 66.9777
1655 66.8256 66.8256
1656 66.8256 66.8256
1657 66.8256 66.873
1658 66.8256 66.8398
1659 66.8256 66.8266
1660 66.8256 66.8797
1661 66.8256 67.0011
1662 66.8256 67.0862
1663 66.8256 67.1331
1664 66.8256 67.3035
1665 66.8256 67.0174
1666 66.8256 66.8886
1667 66.8256 66.9258
1668 66.8256 66.8704
1669 66.8256 66.8256
1670 66.8256 66.8256
1671 66.8256 66.907
1672 66.8256 66.8256
1673 66.8256 66.9847
1674 66.8256 66.9678
1675 66.8256 66.9602
1676 66.8256 66.8256
1677 66.8256 66.8256
1678 66.8256 66.8256
1679 66.8256 66.8377
1680 66.8256 66.834
1681 66.8256 66.8256
1682 66.8256 66.9674
1683 66.8256 66.8535
1684 66.8256 66.8256
1685 66.8256 66.8256
1686 66.8256 66.8256
1687 66.8256 66.8347
1688 66.8256 66.8298
1689 66.8256 66.8349
1690 66.8256 66.8631
1691 66.8256 66.8693
1692 66.8256 66.8318
1693 66.8256 66.8616
1694 66.8256 67.1077
1695 66.8256 66.9768
1696 66.8256 66.9462
1697 66.8256 66.8619
1698 66.8256 66.8984
1699 66.8256 67.0039
1700 66.8256 66.9143
1701 66.8256 66.8374
1702 66.8256 66.8256
1703 66.8256 66.8356
1704 66.8256 66.8691
1705 66.8256 66.9436
1706 66.8256 66.8256
1707 66.8256 66.8256
1708 66.8256 66.8256
1709 66.8256 66.9108
1710 66.8256 66.9855
1711 66.8256 67.077
1712 66.8256 66.8319
1713 66.8256 66.859
1714 66.8256 66.9238
1715 66.8256 66.9855
1716 66.8256 66.8714
1717 66.8256 66.8679
1718 66.8256 67.0418
1719 66.8256 66.8583
1720 66.8256 67.1773
1721 66.8256 66.9166
1722 66.8256 67.0385
1723 66.8256 66.9659
1724 66.8256 66.8256
1725 66.8256 66.8257
1726 66.8256 66.8272
1727 66.8256 66.8782
1728 66.8256 66.9059
1729 66.8256 67.0069
1730 66.8256 67.1521
1731 66.8256 66.9653
1732 66.8256 66.8923
1733 66.8256 67.0067
1734 66.8256 67.0387
1735 66.8256 66.8861
1736 66.8256 66.9778
1737 66.8256 66.8494
1738 66.8256 67.1238
1739 66.8256 66.9824
1740 66.8256 67.0086
1741 66.8256 66.9986
1742 66.8256 66.9265
1743 66.8256 67.1905
1744 66.8256 67.0931
1745 66.8256 66.9485
1746 66.8256 66.8657
1747 66.8256 66.9968
1748 66.8256 66.836
1749 66.8256 66.9658
1750 66.8256 66.8429
1751 66.8256 66.9043
1752 66.8256 67.148
1753 66.8256 67.2098
1754 66.8256 66.8835
1755 66.8256 67.3113
1756 66.8256 66.8683
1757 66.8256 66.8721
1758 66.8256 66.8256
1759 66.8256 66.8292
1760 66.8256 66.8274
1761 66.8256 66.8256
1762 66.8256 66.8581
1763 66.8256 66.9878
1764 66.8256 66.9289
1765 66.8256 66.8264
1766 66.8256 66.8256
1767 66.8256 66.8256
1768 66.8256 66.8256
1769 66.8256 66.8256
1770 66.8256 66.8874
1771 66.8256 66.8721
1772 66.8256 66.8801
1773 66.8256 67.0551
1774 66.8256 67.2525
1775 66.8256 67.0153
1776 66.8256 67.0294
1777 66.8256 66.8708
1778 66.8256 66.885
1779 66.8256 67.0533
1780 66.8256 66.8591
1781 66.8256 66.8413
1782 66.8256 66.9404
1783 66.8256 66.9459
1784 66.8256 66.8366
1785 66.8256 66.8334
1786 66.8256 66.8256
1787 66.8256 66.8256
1788 66.8256 66.8256
1789 66.8256 66.8852
1790 66.8256 67.0189
1791 66.8256 66.9059
1792 66.8256 66.917
1793 66.8256 67.0934
1794 66.8256 67.276
1795 66.8256 67.0181
1796 66.8256 66.9226
1797 66.8256 66.8361
1798 66.8256 66.8256
1799 66.8256 66.8908
1800 66.8256 66.9591
1801 66.8256 66.927
1802 66.8256 66.8279
1803 66.8256 66.8292
1804 66.8256 66.8344
1805 66.8256 67.0131
1806 66.8256 66.9114
1807 66.8256 66.8256
1808 66.8256 66.9402
1809 66.8256 66.8583
1810 66.8256 66.9663
1811 66.8256 66.8814
1812 66.8256 66.9181
1813 66.8256 67.1206
1814 66.8256 66.8256
1815 66.8256 66.8361
1816 66.8256 66.8304
1817 66.8256 66.8946
1818 66.8256 66.8475
1819 66.8256 66.8791
1820 66.8256 66.8256
1821 66.8256 66.9203
1822 66.8256 66.842
1823 66.8256 66.8543
1824 66.8256 66.8256
1825 66.8256 66.8256
1826 66.8256 66.8333
1827 66.8256 66.9766
1828 66.8256 66.8846
1829 66.8256 66.8256
1830 66.8256 66.8256
1831 66.8256 66.8407
1832 66.8256 66.8993
1833 66.8256 66.8289
1834 66.8256 66.8489
1835 66.8256 67.0331
1836 66.8256 66.869
1837 66.8256 66.8314
1838 66.8256 66.8639
1839 66.8256 66.8256
1840 66.8256 66.8515
1841 66.8256 66.8309
1842 66.8256 66.8489
1843 66.8256 66.8256
1844 66.8256 66.8796
1845 66.8256 66.8882
1846 66.8256 66.949
1847 66.8256 66.8606
1848 66.8256 66.8884
1849 66.8256 66.9004
1850 66.8256 66.8726
1851 66.8256 66.966
1852 66.8256 66.898
1853 66.8256 66.9087
1854 66.8256 66.937
1855 66.8256 66.878
1856 66.8256 66.8443
1857 66.8256 67.0192
1858 66.8256 66.9083
1859 66.8256 66.8533
1860 66.8256 66.8256
1861 66.8256 66.8256
1862 66.8256 66.8733
1863 66.8256 66.8382
1864 66.8256 66.8641
1865 66.8256 66.8758
1866 66.8256 66.8307
1867 66.8256 66.8265
1868 66.8256 66.8256
1869 66.8256 66.8256
1870 66.8256 66.8438
1871 66.8256 66.8621
1872 66.8256 66.8499
1873 66.8256 66.9064
1874 66.8256 66.8256
1875 66.8256 66.8276
1876 66.8256 66.8256
1877 66.8256 66.8771
1878 66.8256 66.9424
1879 66.8256 66.8256
1880 66.8256 66.8256
1881 66.8256 66.8256
1882 66.8256 66.8276
1883 66.8256 66.8275
1884 66.8256 67.144
1885 66.8256 66.8363
1886 66.8256 66.9022
1887 66.8256 66.8257
1888 66.8256 66.9554
1889 66.8256 66.8768
1890 66.8256 66.8662
1891 66.8256 66.8511
1892 66.8256 66.9376
1893 66.8256 66.9952
1894 66.8256 66.9983
1895 66.8256 66.9367
1896 66.8256 67.0077
1897 66.8256 66.8689
1898 66.8256 66.9172
1899 66.8256 66.9103
1900 66.8256 66.8457
1901 66.8256 66.9738
1902 66.8256 67.0615
1903 66.8256 66.842
1904 66.8256 66.8588
1905 66.8256 66.8283
1906 66.8256 66.8256
1907 66.8256 66.8633
1908 66.8256 67.1343
1909 66.8256 66.8546
1910 66.8256 66.9403
1911 66.8256 66.8423
1912 66.8256 66.8695
1913 66.8256 66.8256
1914 66.8256 66.8256
1915 66.8256 66.8256
1916 66.8256 66.8576
1917 66.8256 66.8256
1918 66.8256 66.8686
1919 66.8256 66.8617
1920 66.8256 66.8303
1921 66.8256 66.8381
1922 66.8256 66.9046
1923 66.8256 67.0164
1924 66.8256 67.0065
1925 66.8256 66.829
1926 66.8256 66.9032
1927 66.8256 66.9622
1928 66.8256 66.9026
1929 66.8256 66.8499
1930 66.8256 66.8368
1931 66.8256 66.8256
1932 66.8256 66.8898
1933 66.8256 66.8291
1934 66.8256 66.8405
1935 66.8256 66.8363
1936 66.8256 66.8587
1937 66.8256 66.89
1938 66.8256 66.8812
1939 66.8256 66.8533
1940 66.8256 66.8526
1941 66.8256 66.9055
1942 66.8256 66.8256
1943 66.8256 66.8276
1944 66.8256 66.9444
1945 66.8256 66.8259
1946 66.8256 66.8355
1947 66.8256 66.8458
1948 66.8256 67.189
1949 66.8256 66.9314
1950 66.8256 66.9501
1951 66.8256 66.8933
1952 66.8256 66.8942
1953 66.8256 66.8308
1954 66.8256 66.8256
1955 66.8256 66.8256
1956 66.8256 66.8821
1957 66.8256 66.8256
1958 66.8256 66.929
1959 66.8256 66.8835
1960 66.8256 66.9194
1961 66.8256 66.8449
1962 66.8256 66.851
1963 66.8256 66.8577
1964 66.8256 66.8392
1965 66.8256 66.8635
1966 66.8256 66.8256
1967 66.8256 66.8368
1968 66.8256 66.8704
1969 66.8256 66.8263
1970 66.8256 66.8626
1971 66.8256 66.9791
1972 66.8256 66.9931
1973 66.8256 66.9179
1974 66.8256 67.0562
1975 66.8256 66.8539
1976 66.8256 66.919
1977 66.8256 66.9092
1978 66.8256 66.8256
1979 66.8256 66.8643
1980 66.8256 66.8256
1981 66.8256 66.848
1982 66.8256 66.8698
1983 66.8256 66.9548
1984 66.8256 66.8256
1985 66.8256 66.8256
1986 66.8256 66.8256
1987 66.8256 66.8256
1988 66.8256 66.8256
1989 66.8256 66.8256
1990 66.8256 66.8574
1991 66.8256 66.8315
1992 66.8256 67.1166
1993 66.8256 66.9378
1994 66.8256 66.8256
1995 66.8256 66.8484
1996 66.8256 66.8262
1997 66.8256 66.8256
1998 66.8256 66.8351
1999 66.8256 66.8262
2000 66.6123 66.7933
2001 66.6123 66.7072
2002 66.6123 66.737
2003 66.6123 66.8099
2004 66.6123 66.6918
2005 66.6123 66.6644
2006 66.6123 66.7018
2007 66.6123 66.6469
2008 66.6123 66.6186
2009 66.6123 66.6564
2010 66.6123 66.6123
2011 66.6123 66.6726
2012 66.6123 66.6386
2013 66.6123 66.7277
2014 66.6123 66.6416
2015 66.6123 66.6123
2016 66.6123 66.6213
2017 66.6123 66.6257
2018 66.6123 66.6336
2019 66.6123 66.7493
2020 66.6123 66.6597
2021 66.6123 66.6128
2022 66.6123 66.615
2023 66.6123 66.6282
2024 66.6123 66.7231
2025 66.6123 66.6286
2026 66.6123 66.8375
2027 66.6123 67.0552
2028 66.6123 66.8018
2029 66.6123 66.621
2030 66.6123 66.6661
2031 66.6123 66.6123
2032 66.6123 66.6513
2033 66.6123 66.66
2034 66.6123 66.7098
2035 66.6123 66.683
2036 66.6123 66.719
2037 66.6123 66.6123
2038 66.6123 66.663
2039 66.6123 66.6123
2040 66.6123 66.6145
2041 66.6123 66.6432
2042 66.6123 66.6374
2043 66.6123 66.7257
2044 66.6123 66.705
2045 66.6123 66.6766
2046 66.6123 66.6872
2047 66.6123 66.7207
2048 66.6123 66.68
2049 66.6123 66.6126
2050 66.6123 66.624
2051 66.6123 66.6207
2052 66.6123 66.6256
2053 66.6123 66.6123
2054 66.6123 66.6589
2055 66.6123 66.7055
2056 66.6123 66.6389
2057 66.6123 66.6414
2058 66.6123 66.6123
2059 66.6123 66.6123
2060 66.6123 66.71
2061 66.6123 66.6448
2062 66.6123 66.6614
2063 66.6123 66.688
2064 66.6123 66.6848
2065 66.6123 66.6677
2066 66.6123 66.6305
2067 66.6123 66.6665
2068 66.6123 66.7822
2069 66.6123 66.7153
2070 66.6123 66.6398
2071 66.6123 66.6544
2072 66.6123 66.6407
2073 66.6123 66.6534
2074 66.6123 66.6123
2075 66.6123 66.7106
2076 66.6123 66.6212
2077 66.6123 66.6234
2078 66.6123 66.6123
2079 66.6123 66.6123
2080 66.6123 66.6536
2081 66.6123 66.6193
2082 66.6123 66.6123
2083 66.6123 66.6133
2084 66.6123 66.6317
2085 66.6123 66.6547
2086 66.6123 66.8752
2087 66.6123 66.6316
2088 66.6123 66.6123
2089 66.6123 66.6123
2090 66.6123 66.6123
2091 66.6123 66.6265
2092 66.6123 66.7035
2093 66.6123 66.7609
2094 66.6123 66.6478
2095 66.6123 66.687
2096 66.6123 66.6123
2097 66.6123 66.6167
2098 66.6123 66.6123
2099 66.6123 66.6232
2100 66.6123 66.7147
2101 66.6123 66.924
2102 66.6123 66.8587
2103 66.6123 66.7036
2104 66.6123 66.6129
2105 66.6123 66.6644
2106 66.6123 66.6286
2107 66.6123 66.6123
2108 66.6123 66.8137
2109 66.6123 66.7974
2110 66.6123 66.6492
2111 66.6123 66.8718
2112 66.6123 66.7986
2113 66.6123 66.8944
2114 66.6123 66.7056
2115 66.6123 66.695
2116 66.6123 66.7091
2117 66.6123 66.6123
2118 66.6123 66.6154
2119 66.6123 66.635
2120 66.6123 66.7428
2121 66.6123 66.6906
2122 66.6123 66.6211
2123 66.6123 66.7414
2124 66.6123 66.6266
2125 66.6123 66.6575
2126 66.6123 66.6123
2127 66.6123 66.6465
2128 66.6123 66.6123
2129 66.6123 66.6123
2130 66.6123 66.6322
2131 66.6123 66.6618
2132 66.6123 66.6502
2133 66.6123 66.7708
2134 66.6123 66.6224
2135 66.6123 66.6123
2136 66.6123 66.6275
2137 66.6123 66.6303
2138 66.6123 66.7474
2139 66.6123 66.6657
2140 66.6123 66.6123
2141 66.6123 66.6239
2142 66.6123 66.6442
2143 66.6123 66.6609
2144 66.6123 66.7699
2145 66.6123 66.743
2146 66.6123 66.8285
2147 66.6123 66.7527
2148 66.6123 66.6401
2149 66.6123 66.651
2150 66.6123 66.716
2151 66.6123 66.6745
2152 66.6123 66.7079
2153 66.6123 66.6238
2154 66.6123 66.6141
2155 66.6123 66.6142
2156 66.6123 66.6538
2157 66.6123 66.6882
2158 66.6123 66.6123
2159 66.6123 66.6123
2160 66.6123 66.6123
2161 66.6123 66.6341
2162 66.6123 66.6123
2163 66.6123 66.6161
2164 66.6123 66.7222
2165 66.6123 66.7792
2166 66.6123 66.686
2167 66.6123 66.8252
2168 66.6123 66.6507
2169 66.6123 66.6595
2170 66.6123 66.7038
2171 66.6123 66.6319
2172 66.6123 66.708
2173 66.6123 66.7107
2174 66.6123 66.6878
2175 66.6123 66.8624
2176 66.6123 66.7089
2177 66.6123 66.7065
2178 66.6123 66.6123
2179 66.6123 66.6395
2180 66.6123 66.6203
2181 66.6123 66.8498
2182 66.6123 66.84
2183 66.6123 66.8976
2184 66.6123 66.6947
2185 66.6123 66.7875
2186 66.6123 67.0036
2187 66.6123 66.8856
2188 66.6123 66.735
2189 66.6123 66.6338
2190 66.6123 66.8485
2191 66.6123 66.6133
2192 66.6123 66.6123
2193 66.6123 66.6123
2194 66.6123 66.6893
2195 66.6123 66.993
2196 66.6123 66.8215
2197 66.6123 66.6123
2198 66.6123 66.6498
2199 66.6123 66.6152
2200 66.6123 66.6721
2201 66.6123 66.6345
2202 66.6123 66.6123
2203 66.6123 66.6123
2204 66.6123 66.6123
2205 66.6123 66.6123
2206 66.6123 66.6123
2207 66.6123 66.6396
2208 66.6123 66.6244
2209 66.6123 67.0173
2210 66.6123 66.7611
2211 66.6123 66.7081
2212 66.6123 66.6362
2213 66.6123 66.621
2214 66.6123 66.6123
2215 66.6123 66.6228
2216 66.6123 66.6794
2217 66.6123 66.8149
2218 66.6123 66.6373
2219 66.6123 66.6364
2220 66.6123 66.6123
2221 66.6123 66.6123
2222 66.6123 66.6167
2223 66.6123 66.6136
2224 66.6123 66.6743
2225 66.6123 66.618
2226 66.6123 66.6249
2227 66.6123 66.6487
2228 66.6123 66.6773
2229 66.6123 66.7102
2230 66.6123 66.7696
2231 66.6123 66.6797
2232 66.6123 66.6123
2233 66.6123 66.6123
2234 66.6123 66.6582
2235 66.6123 66.7871
2236 66.6123 66.651
2237 66.6123 66.6654
2238 66.6123 66.6123
2239 66.6123 66.6497
2240 66.6123 66.6346
2241 66.6123 66.7363
2242 66.6123 66.9895
2243 66.6123 67.1386
2244 66.6123 67.1235
2245 66.6123 67.1025
2246 66.6123 66.7029
2247 66.6123 66.6773
2248 66.6123 66.6514
2249 66.6123 66.8024
2250 66.6123 66.7745
2251 66.6123 66.7855
2252 66.6123 67.3407
2253 66.6123 66.8881
2254 66.6123 66.6629
2255 66.6123 66.6139
2256 66.6123 66.6123
2257 66.6123 66.6221
2258 66.6123 66.6123
2259 66.6123 66.6123
2260 66.6123 66.6134
2261 66.6123 66.6183
2262 66.6123 66.7775
2263 66.6123 66.6255
2264 66.6123 66.6305
2265 66.6123 66.9673
2266 66.6123 66.8664
2267 66.6123 66.7498
2268 66.6123 66.7762
2269 66.6123 66.9985
2270 66.6123 66.8939
2271 66.6123 66.626
2272 66.6123 66.6607
2273 66.6123 66.6578
2274 66.6123 66.6379
2275 66.6123 66.6792
2276 66.6123 66.6123
2277 66.6123 66.6123
2278 66.6123 66.6123
2279 66.6123 66.6273
2280 66.6123 66.6123
2281 66.6123 66.6779
2282 66.6123 66.6198
2283 66.6123 66.6791
2284 66.6123 66.7971
2285 66.6123 66.6317
2286 66.6123 66.6123
2287 66.6123 66.6123
2288 66.6123 66.6123
2289 66.6123 66.6202
2290 66.6123 66.6654
2291 66.6123 66.6756
2292 66.6123 66.6123
2293 66.6123 66.682
2294 66.6123 66.6436
2295 66.6123 66.621
2296 66.6123 66.805
2297 66.4952 66.6284
2298 66.4952 66.6119
2299 66.4952 66.5447
2300 66.4952 66.5183
2301 66.4952 66.602
2302 66.4952 66.5357
2303 66.4952 66.5527
2304 66.4952 66.5111
2305 66.4952 66.5515
2306 66.4952 66.4987
2307 66.4952 66.6031
2308 66.4952 66.6011
2309 66.4952 66.5027
2310 66.4952 66.4952
2311 66.4952 66.4965
2312 66.4952 66.5019
2313 66.4952 66.7546
2314 66.4952 66.5621
2315 66.4952 66.6238
2316 66.4952 66.4981
2317 66.4952 66.4952
2318 66.4952 66.6793
2319 66.4952 66.6571
2320 66.4952 66.4952
2321 66.4952 66.5153
2322 66.4952 66.4952
2323 66.4952 66.5352
2324 66.4952 66.4977
2325 66.4952 66.5699
2326 66.4952 66.5975
2327 66.4952 66.4952
2328 66.4952 66.4952
2329 66.4952 66.4952
2330 66.4952 66.4952
2331 66.4952 66.6161
2332 66.4952 66.5009
2333 66.4952 66.7243
2334 66.4952 66.5556
2335 66.4952 66.5243
2336 66.4952 66.5462
2337 66.4952 66.4968
2338 66.4952 66.4962
2339 66.4952 66.546
2340 66.4952 66.5179
2341 66.4952 66.5317
2342 66.4952 66.4952
2343 66.4952 66.5012
2344 66.4952 66.6148
2345 66.4952 66.5052
2346 66.4952 66.5039
2347 66.4952 66.5259
2348 66.4952 66.5814
2349 66.4952 66.6726
2350 66.4952 66.8454
2351 66.4952 66.6841
2352 66.4952 66.7305
2353 66.4952 66.5024
2354 66.4952 66.5328
2355 66.4952 66.6565
2356 66.4952 66.4952
2357 66.4952 66.5275
2358 66.4952 66.4952
2359 66.4952 66.4952
2360 66.4952 66.6547
2361 66.4952 66.6745
2362 66.4952 66.7873
2363 66.4952 66.9663
2364 66.4952 66.506
2365 66.4952 66.5177
2366 66.4952 66.5744
2367 66.4952 66.6226
2368 66.4952 66.5363
2369 66.4952 66.5323
2370 66.4952 66.607
2371 66.4952 66.5259
2372 66.4952 66.7306
2373 66.4952 66.6858
2374 66.4952 66.5023
2375 66.4952 66.4952
2376 66.4952 66.4959
2377 66.4952 66.4952
2378 66.4952 66.5121
2379 66.4952 66.5226
2380 66.4952 66.5464
2381 66.4952 66.4952
2382 66.4952 66.4952
2383 66.4952 66.5574
2384 66.4952 66.8134
2385 66.4952 66.6001
2386 66.4952 66.4952
2387 66.4952 66.5169
2388 66.4952 66.5517
2389 66.4952 66.5005
2390 66.4952 66.4952
2391 66.4952 66.4952
2392 66.4952 66.4952
2393 66.4952 66.5164
2394 66.4952 66.531
2395 66.4952 66.5279
2396 66.4952 66.6574
2397 66.4952 66.6606
2398 66.4952 66.4981
2399 66.4952 66.5072
2400 66.4952 66.4952
2401 66.4952 66.5002
2402 66.4952 66.5273
2403 66.4952 66.5071
2404 66.4952 66.4952
2405 66.4952 66.4952
2406 66.4952 66.4952
2407 66.4952 66.5293
2408 66.4952 66.4952
2409 66.4952 66.4952
2410 66.4952 66.6353
2411 66.4952 66.4999
2412 66.4952 66.5954
2413 66.4952 66.5266
2414 66.4952 66.5038
2415 66.4952 66.904
2416 66.4952 66.809
2417 66.4952 66.6563
2418 66.4952 66.6291
2419 66.4952 66.7013
2420 66.4952 66.65
2421 66.4952 66.5358
2422 66.4952 66.572
2423 66.4952 66.5242
2424 66.4952 66.4973
2425 66.4952 66.5082
2426 66.4952 66.5928
2427 66.4952 66.5224
2428 66.4952 66.5051
2429 66.4952 66.5398
2430 66.4952 66.5354
2431 66.4952 66.4952
2432 66.4952 66.5083
2433 66.4952 66.5082
2434 66.4952 66.4952
2435 66.4952 66.538
2436 66.4952 66.598
2437 66.4952 66.556
2438 66.4952 66.4964
2439 66.4952 66.5853
2440 66.4952 66.5479
2441 66.4952 66.5894
2442 66.4952 66.6895
2443 66.4952 66.5205
2444 66.4952 66.6853
2445 66.4952 66.5763
2446 66.4952 66.5119
2447 66.4952 66.4973
2448 66.4952 66.5018
2449 66.4952 66.6002
2450 66.4952 66.5171
2451 66.4952 66.5001
2452 66.4952 66.5357
2453 66.4952 66.6663
2454 66.4952 66.6057
2455 66.4952 66.5556
2456 66.4952 66.5071
2457 66.4952 66.5234
2458 66.4952 66.5322
2459 66.4952 66.5042
2460 66.4952 66.5875
2461 66.4952 66.5033
2462 66.4952 66.4977
2463 66.4952 66.6198
2464 66.4952 66.5726
2465 66.4952 66.4952
2466 66.4952 66.4953
2467 66.4952 66.5253
2468 66.4952 66.665
2469 66.4952 66.5263
2470 66.4952 66.5279
2471 66.4952 66.4952
2472 66.4952 66.5219
2473 66.4952 66.4952
2474 66.4952 66.5842
2475 66.4952 66.5387
2476 66.4952 66.5008
2477 66.4952 66.5713
2478 66.4952 66.4952
2479 66.4952 66.5033
2480 66.4952 66.5245
2481 66.4952 66.8403
2482 66.4952 66.6014
2483 66.4952 66.6096
2484 66.4952 66.5119
2485 66.4952 66.5675
2486 66.4952 66.5665
2487 66.4952 66.4981
2488 66.4952 66.5476
2489 66.4952 66.5856
2490 66.4952 66.5137
2491 66.4952 66.5181
2492 66.4952 66.5527
2493 66.4952 66.4954
2494 66.4952 66.5144
2495 66.4952 66.678
2496 66.4952 66.6494
2497 66.4952 66.869
2498 66.4952 66.5822
2499 66.4952 66.5013
2500 66.4952 66.4952
2501 66.4952 66.4952
2502 66.4952 66.7514
2503 66.4952 66.5398
2504 66.4952 66.5678
2505 66.4952 66.6015
2506 66.4952 66.5183
2507 66.4952 66.5357
2508 66.4952 66.504
2509 66.4952 66.6459
2510 66.4952 66.624
2511 66.4952 66.5725
2512 66.4952 66.6881
2513 66.4952 66.6196
2514 66.4952 66.4952
2515 66.4952 66.5455
2516 66.4952 66.7226
2517 66.4952 66.5098
2518 66.4952 66.8105
2519 66.4952 66.7983
2520 66.4952 66.6251
2521 66.4952 66.5223
2522 66.4952 66.5506
2523 66.4952 66.6876
2524 66.4952 66.5835
2525 66.4952 66.5092
2526 66.4952 66.4952
2527 66.4952 66.6557
2528 66.4952 66.7319
2529 66.4952 66.7326
2530 66.4952 66.5105
2531 66.4952 66.4952
2532 66.4952 66.4952
2533 66.4952 66.4952
2534 66.4952 66.5109
2535 66.4952 66.534
2536 66.4952 66.6426
2537 66.4952 66.5817
2538 66.4952 66.8141
2539 66.4952 66.7567
2540 66.4952 66.6756
2541 66.4952 66.7462
2542 66.4952 66.8607
2543 66.4952 66.604
2544 66.4952 66.5331
2545 66.4952 66.4952
2546 66.4952 66.4952
2547 66.4952 66.5222
2548 66.4952 66.4952
2549 66.4952 66.5118
2550 66.4952 66.5187
2551 66.4952 66.6468
2552 66.4952 66.5644
2553 66.4952 66.5254
2554 66.4952 66.5784
2555 66.4952 66.5343
2556 66.4952 66.5825
2557 66.4952 66.5933
2558 66.4952 66.5712
2559 66.4952 66.499
2560 66.4952 66.5726
2561 66.4952 66.4952
2562 66.4952 66.4952
2563 66.4952 66.4952
2564 66.4952 66.4952
2565 66.4952 66.5713
2566 66.4952 66.5164
2567 66.4952 66.4952
2568 66.4952 66.5056
2569 66.4952 66.5244
2570 66.4952 66.5003
2571 66.4952 66.7007
2572 66.4952 66.6719
2573 66.4952 66.4952
2574 66.4952 66.5069
2575 66.4952 66.6834
2576 66.4952 66.58
2577 66.4952 66.5333
2578 66.4952 66.5928
2579 66.4952 66.5499
2580 66.4952 66.6495
2581 66.4952 66.6309
2582 66.4952 66.4952
2583 66.4952 66.4952
2584 66.4952 66.4952
2585 66.4952 66.6275
2586 66.4952 66.7541
2587 66.4952 66.5122
2588 66.4952 66.5038
2589 66.4952 66.4974
2590 66.4952 66.6062
2591 66.4952 66.4952
2592 66.4952 66.5105
2593 66.4952 66.5378
2594 66.4952 66.533
2595 66.4952 66.5791
2596 66.4952 66.578
2597 66.4952 66.8192
2598 66.4952 66.5222
2599 66.4952 66.5466
2600 66.4952 66.5705
2601 66.4952 66.673
2602 66.4952 66.6366
2603 66.4952 66.7193
2604 66.4952 66.545
2605 66.4952 66.4976
2606 66.4952 66.5516
2607 66.4952 66.5371
2608 66.4952 66.5194
2609 66.4952 66.5654
2610 66.4952 66.5348
2611 66.4952 66.5911
2612 66.4952 66.4971
2613 66.4952 66.5055
2614 66.4952 66.5253
2615 66.4952 66.5147
2616 66.4952 66.4961
2617 66.4952 66.545
2618 66.4952 66.5039
2619 66.4952 66.5498
2620 66.4952 66.7154
2621 66.4952 66.4952
2622 66.4952 66.5121
2623 66.4952 66.4952
2624 66.4952 66.4952
2625 66.4952 66.5136
2626 66.4952 66.5956
2627 66.4952 66.5905
2628 66.4952 66.5833
2629 66.4952 66.5187
2630 66.4952 66.532
2631 66.4952 66.6085
2632 66.4952 66.5349
2633 66.4952 66.4952
2634 66.4952 66.5133
2635 66.4952 66.7215
2636 66.4952 67.1503
2637 66.4952 66.6751
2638 66.4952 66.8347
2639 66.4952 67.0065
2640 66.4952 66.5043
2641 66.4952 66.4952
2642 66.4952 66.4952
2643 66.4952 66.4952
2644 66.4952 66.5
2645 66.4952 66.626
2646 66.4952 66.5276
2647 66.4952 66.4952
2648 66.4952 66.4973
2649 66.4952 66.496
2650 66.4952 66.6309
2651 66.4952 66.4952
2652 66.4952 66.4952
2653 66.4952 66.525
2654 66.4952 66.5775
2655 66.4952 66.5243
2656 66.4952 66.5418
2657 66.4952 66.8258
2658 66.4952 66.5057
2659 66.4952 66.4952
2660 66.4952 66.4952
2661 66.4952 66.6618
2662 66.4952 66.7544
2663 66.4952 66.6939
2664 66.4952 66.7547
2665 66.4952 66.4978
2666 66.4952 66.56
2667 66.4952 66.5761
2668 66.4952 66.5755
2669 66.4952 66.5794
2670 66.4952 66.5374
2671 66.4952 66.4954
2672 66.4952 66.496
2673 66.4952 66.4952
2674 66.4952 66.4952
2675 66.4952 66.4952
2676 66.4952 66.5199
2677 66.4952 66.5369
2678 66.4952 66.5143
2679 66.4952 66.8816
2680 66.4952 66.5965
2681 66.4952 66.4952
2682 66.4952 66.4952
2683 66.4952 66.4952
2684 66.4952 66.5506
2685 66.4952 66.5774
2686 66.4952 66.5627
2687 66.4952 66.5814
2688 66.4952 66.6965
2689 66.4952 66.5543
2690 66.4952 66.5109
2691 66.4952 66.8638
2692 66.4952 66.6023
2693 66.4952 66.7167
2694 66.4952 66.5335
2695 66.4952 66.593
2696 66.4952 66.7001
2697 66.4952 66.5269
2698 66.4952 66.4952
2699 66.4952 66.5098
2700 66.4952 66.4952
2701 66.4952 66.5454
2702 66.4952 66.55
2703 66.4952 66.7326
2704 66.4952 66.5376
2705 66.4952 66.4952
2706 66.4952 66.5994
2707 66.4952 66.5343
2708 66.4952 66.4952
2709 66.4952 66.4952
2710 66.4952 66.4961
2711 66.4952 66.4952
2712 66.4952 66.5194
2713 66.4952 66.5906
2714 66.4952 66.5396
2715 66.4952 66.6264
2716 66.4952 66.5371
2717 66.4952 66.5763
2718 66.4952 66.573
2719 66.4952 66.6361
2720 66.4952 66.6865
2721 66.4952 66.5274
2722 66.4952 66.6677
2723 66.4952 66.5359
2724 66.4952 66.4952
2725 66.4952 66.5072
2726 66.4952 66.4952
2727 66.4952 66.5074
2728 66.4952 66.5179
2729 66.4952 66.4952
2730 66.4952 66.5882
2731 66.4952 66.5062
2732 66.4952 66.742
2733 66.4952 66.7339
2734 66.4952 66.6311
2735 66.4952 66.5613
2736 66.4952 66.5826
2737 66.4952 66.5095
2738 66.4952 66.4952
2739 66.4952 66.7242
2740 66.4952 66.5843
2741 66.4952 66.6436
2742 66.4952 66.5717
2743 66.4952 66.7265
2744 66.4952 66.4981
2745 66.4952 66.4952
2746 66.4952 66.6404
2747 66.4952 66.5677
2748 66.4952 66.6286
2749 66.4952 66.516
2750 66.4952 66.5029
2751 66.4952 66.5458
2752 66.4952 66.4952
2753 66.4952 66.4952
2754 66.4952 66.5668
2755 66.4952 66.4952
2756 66.4952 66.5047
2757 66.4952 66.4952
2758 66.4952 66.5334
2759 66.4952 66.4952
2760 66.4952 66.4982
2761 66.4952 66.4952
2762 66.4952 66.4952
2763 66.4952 66.4952
2764 66.4952 66.5851
2765 66.4952 66.5669
2766 66.4952 66.4952
2767 66.4952 66.5012
2768 66.4952 66.5869
2769 66.4952 66.5088
2770 66.4952 66.5265
2771 66.4952 66.5038
2772 66.4952 66.4962
2773 66.4952 66.6613
2774 66.4952 66.8043
2775 66.4952 66.7435
2776 66.4952 66.5142
2777 66.4952 66.5193
2778 66.4952 66.4952
2779 66.4952 66.4952
2780 66.4952 66.5794
2781 66.4952 66.5144
2782 66.4952 66.5315
2783 66.4952 66.5059
2784 66.4952 66.5016
2785 66.4952 66.5107
2786 66.4952 66.5884
2787 66.4952 66.6205
2788 66.4952 66.5305
2789 66.4952 66.4983
2790 66.4952 66.5474
2791 66.4952 66.5453
2792 66.4952 66.5417
2793 66.4952 66.5007
2794 66.4952 66.594
2795 66.4952 66.4953
2796 66.4952 66.5529
2797 66.4952 66.602
2798 66.4952 66.7255
2799 66.4952 66.5141
2800 65.9145 66.5447
2801 65.9145 66.3712
2802 65.9145 66.1767
2803 65.9145 66.0207
2804 65.9145 66.0252
2805 65.9145 66.2282
2806 65.9145 66.1483
2807 65.9145 65.9145
2808 65.9145 65.9466
2809 65.9145 66.1536
2810 65.9145 65.9972
2811 65.9145 65.939
2812 65.9145 65.9595
2813 65.9145 65.9214
2814 65.9145 65.9145
2815 65.9145 65.9145
2816 65.9145 65.988
2817 65.9145 65.924
2818 65.9145 65.9145
2819 65.9145 65.9152
2820 65.9145 65.9174
2821 65.9145 65.921
2822 65.9145 65.9589
2823 65.9145 65.9145
2824 65.9145 65.9526
2825 65.9145 65.9145
2826 65.9145 65.9145
2827 65.9145 65.9763
2828 65.9145 65.9868
2829 65.9145 66.0198
2830 65.9145 65.9145
2831 65.9145 65.9145
2832 65.9145 65.9145
2833 65.9145 66.0784
2834 65.9145 65.9854
2835 65.9145 66.5597
2836 65.9145 65.9744
2837 65.9145 66.0261
2838 65.9145 66.4631
2839 65.9145 66.2271
2840 65.9145 66.0007
2841 65.9145 65.9969
2842 65.9145 66.067
2843 65.9145 66.2958
2844 65.9145 66.1521
2845 65.9145 65.9589
2846 65.9145 66.0296
2847 65.9145 66.0703
2848 65.9145 65.9145
2849 65.9145 65.9267
2850 65.9145 65.9628
2851 65.9145 65.9145
2852 65.9145 65.9557
2853 65.9145 65.9145
2854 65.9145 65.9364
2855 65.9145 65.9457
2856 65.9145 65.9246
2857 65.9145 65.9257
2858 65.9145 65.9145
2859 65.9145 65.9145
2860 65.9145 66.0738
2861 65.9145 66.0485
2862 65.9145 65.9261
2863 65.9145 65.9164
2864 65.9145 65.9199
2865 65.9145 66.0204
2866 65.9145 66.0614
2867 65.9145 65.9145
2868 65.9145 65.9145
2869 65.9145 65.9957
2870 65.9145 65.9413
2871 65.9145 65.9427
2872 65.9145 65.9154
2873 65.9145 65.9216
2874 65.9145 65.9649
2875 65.9145 65.9823
2876 65.9145 65.9157
2877 65.9145 66.2006
2878 65.9145 65.9145
2879 65.9145 65.9336
2880 65.9145 66.0447
2881 65.9145 65.9317
2882 65.9145 65.9145
2883 65.9145 65.9145
2884 65.9145 65.9145
2885 65.9145 65.9145
2886 65.9145 65.9169
2887 65.9145 65.9605
2888 65.9145 66.0023
2889 65.9145 66.0352
2890 65.9145 65.9873
2891 65.9145 65.9206
2892 65.9145 65.9542
2893 65.9145 66.0183
2894 65.9145 66.0103
2895 65.9145 65.9526
2896 65.9145 65.9208
2897 65.9145 66.0293
2898 65.9145 66.044
2899 65.9145 65.9677
2900 65.9145 66.0071
2901 65.9145 65.9813
2902 65.9145 66.1317
2903 65.9145 66.1024
2904 65.9145 66.0823
2905 65.9145 66.0414
2906 65.9145 65.937
2907 65.9145 66.0369
2908 65.9145 65.951
2909 65.9145 65.9145
2910 65.9145 65.9145
2911 65.9145 65.9145
2912 65.9145 65.9594
2913 65.9145 65.9314
2914 65.9145 65.9614
2915 65.9145 65.9145
2916 65.9145 65.9145
2917 65.9145 65.9145
2918 65.9145 65.9145
2919 65.9145 66.2119
2920 65.9145 66.1187
2921 65.9145 66.1812
2922 65.9145 65.9223
2923 65.9145 66.1119
2924 65.9145 66.1337
2925 65.9145 66.0384
2926 65.9145 66.2099
2927 65.9145 66.0368
2928 65.9145 66.0001
2929 65.9145 66.1147
2930 65.9145 66.0171
2931 65.9145 66.0491
2932 65.9145 65.9145
2933 65.9145 65.9221
2934 65.9145 65.9823
2935 65.9145 65.9145
2936 65.9145 65.9145
2937 65.9145 65.9467
2938 65.9145 65.9854
2939 65.9145 66.0029
2940 65.9145 66.2451
2941 65.9145 66.1262
2942 65.9145 66.1341
2943 65.9145 66.3379
2944 65.9145 66.3264
2945 65.9145 65.9593
2946 65.9145 65.9497
2947 65.9145 65.9145
2948 65.9145 65.9145
2949 65.9145 65.9328
2950 65.9145 66.0141
2951 65.9145 66.0607
2952 65.9145 65.9583
2953 65.9145 65.9251
2954 65.9145 65.9155
2955 65.9145 66.0055
2956 65.9145 65.9145
2957 65.9145 65.9313
2958 65.9145 65.9145
2959 65.9145 65.9224
2960 65.9145 65.95
2961 65.9145 65.9145
2962 65.9145 65.9768
2963 65.9145 65.9382
2964 65.9145 65.9436
2965 65.9145 65.934
2966 65.9145 66.2297
2967 65.9145 66.0457
2968 65.9145 65.9801
2969 65.9145 65.9276
2970 65.9145 66.0614
2971 65.9145 66.0698
2972 65.9145 65.9531
2973 65.9145 65.9374
2974 65.9145 65.9416
2975 65.9145 65.955
2976 65.9145 65.9544
2977 65.9145 65.9213
2978 65.9145 65.919
2979 65.9145 65.9145
2980 65.9145 65.9145
2981 65.9145 65.9145
2982 65.9145 65.9158
2983 65.9145 65.9202
2984 65.9145 65.9175
2985 65.9145 65.9404
2986 65.9145 65.957
2987 65.9145 65.9459
2988 65.9145 65.9145
2989 65.9145 65.9302
2990 65.9145 66.1222
2991 65.9145 65.9972
2992 65.9145 65.9651
2993 65.9145 66.0013
2994 65.9145 66.1012
2995 65.9145 65.9657
2996 65.9145 66.0259
2997 65.9145 65.9145
2998 65.9145 65.9418
2999 65.9145 65.9373
3000 65.9145 65.9275
3001 65.9145 65.9234
3002 65.9145 65.9729
3003 65.9145 65.9289
3004 65.9145 65.9145
3005 65.9145 66.3103
3006 65.9145 65.9996
3007 65.9145 65.9432
3008 65.9145 66.026
3009 65.9145 66.3315
3010 65.9145 66.388
3011 65.9145 66.1631
3012 65.9145 65.9912
3013 65.9145 65.9429
3014 65.9145 66.0128
3015 65.9145 66.1433
3016 65.9145 66.285
3017 65.9145 65.9908
3018 65.9145 65.9392
3019 65.9145 65.9157
3020 65.9145 65.9145
3021 65.9145 65.9145
3022 65.9145 65.9229
3023 65.9145 65.9441
3024 65.9145 65.9448
3025 65.9145 65.9225
3026 65.9145 65.9478
3027 65.9145 65.9499
3028 65.9145 65.9294
3029 65.9145 65.9145
3030 65.9145 66.0184
3031 65.9145 65.9145
3032 65.9145 65.9204
3033 65.9145 65.9596
3034 65.9145 65.9145
3035 65.9145 66.0064
3036 65.9145 66.0577
3037 65.9145 65.9372
3038 65.9145 65.9145
3039 65.9145 65.9145
3040 65.9145 65.9255
3041 65.9145 65.9145
3042 65.9145 65.9145
3043 65.9145 65.9145
3044 65.9145 65.9145
3045 65.9145 65.9794
3046 65.9145 66.0127
3047 65.9145 65.9743
3048 65.9145 65.921
3049 65.9145 66.0427
3050 65.9145 65.9223
3051 65.9145 65.9344
3052 65.9145 66.1126
3053 65.9145 65.9638
3054 65.9145 65.9145
3055 65.9145 65.9805
3056 65.9145 66.0221
3057 65.9145 66.0553
3058 65.9145 65.9164
3059 65.9145 66.0408
3060 65.9145 65.9987
3061 65.9145 65.9598
3062 65.9145 66.047
3063 65.9145 66.0197
3064 65.9145 65.9145
3065 65.9145 65.9145
3066 65.9145 65.9728
3067 65.9145 65.9569
3068 65.9145 65.9419
3069 65.9145 66.0323
3070 65.9145 66.1068
3071 65.9145 66.0156
3072 65.9145 66.1295
3073 65.9145 66.134
3074 65.9145 65.9461
3075 65.9145 66.0922
3076 65.9145 65.9283
3077 65.9145 65.9433
3078 65.9145 65.9387
3079 65.9145 65.9152
3080 65.9145 65.9145
3081 65.9145 65.9145
3082 65.9145 65.9145
3083 65.9145 65.9145
3084 65.9145 65.9241
3085 65.9145 65.9482
3086 65.9145 65.9468
3087 65.9145 65.9145
3088 65.9145 65.9183
3089 65.9145 65.9145
3090 65.9145 65.9222
3091 65.9145 65.9145
3092 65.9145 65.9362
3093 65.9145 65.9548
3094 65.9145 65.9758
3095 65.9145 65.9925
3096 65.9145 65.9383
3097 65.9145 65.9512
3098 65.9145 66.0103
3099 65.9145 65.9244
3100 65.9145 65.9866
3101 65.9145 65.9399
3102 65.9145 65.9991
3103 65.9145 66.2461
3104 65.9145 66.3147
3105 65.9145 66.0558
3106 65.9145 65.9411
3107 65.9145 65.9145
3108 65.9145 65.9201
3109 65.9145 65.9735
3110 65.9145 66.182
3111 65.9145 65.9483
3112 65.9145 65.958
3113 65.9145 65.9145
3114 65.9145 65.9273
3115 65.9145 65.9201
3116 65.9145 65.9145
3117 65.9145 65.9145
3118 65.9145 66.0218
3119 65.9145 65.9902
3120 65.9145 65.924
3121 65.9145 65.9145
3122 65.9145 65.9145
3123 65.9145 65.9145
3124 65.9145 65.9414
3125 65.9145 65.9145
3126 65.9145 65.9355
3127 65.9145 65.966
3128 65.9145 65.9145
3129 65.9145 65.9145
3130 65.9145 65.9331
3131 65.9145 66.1871
3132 65.9145 66.0125
3133 65.9145 65.9311
3134 65.9145 65.9741
3135 65.9145 66.0188
3136 65.9145 65.9302
3137 65.9145 66.0419
3138 65.9145 65.9476
3139 65.9145 65.9673
3140 65.9145 65.9667
3141 65.9145 65.9145
3142 65.9145 65.9145
3143 65.9145 66.0051
3144 65.9145 66.0477
3145 65.9145 66.1879
3146 65.9145 66.1228
3147 65.9145 66.122
3148 65.9145 66.0775
3149 65.9145 66.0964
3150 65.9145 65.9493
3151 65.9145 65.9145
3152 65.9145 66.1859
3153 65.9145 65.9145
3154 65.9145 65.9545
3155 65.9145 65.9396
3156 65.9145 65.9145
3157 65.9145 65.917
3158 65.9145 66.0224
3159 65.9145 65.9151
3160 65.9145 65.9165
3161 65.9145 65.9179
3162 65.9145 65.9707
3163 65.9145 65.9235
3164 65.9145 65.9414
3165 65.9145 65.9145
3166 65.9145 65.9145
3167 65.9145 65.9145
3168 65.9145 65.9268
3169 65.9145 66.2496
3170 65.9145 66.1097
3171 65.9145 65.9529
3172 65.9145 65.9145
3173 65.9145 65.9193
3174 65.9145 65.9145
3175 65.9145 65.9145
3176 65.9145 65.976
3177 65.9145 66.0646
3178 65.9145 65.9717
3179 65.9145 65.9145
3180 65.9145 65.9441
3181 65.9145 65.9506
3182 65.9145 65.9286
3183 65.9145 65.9178
3184 65.9145 65.9145
3185 65.9145 65.9922
3186 65.9145 65.9348
3187 65.9145 66.0481
3188 65.9145 65.9971
3189 65.9145 66.2074
3190 65.9145 65.9664
3191 65.9145 66.0098
3192 65.9145 66.364
3193 65.9145 66.0529
3194 65.9145 65.9538
3195 65.9145 65.9456
3196 65.9145 65.9385
3197 65.9145 65.9632
3198 65.9145 65.9145
3199 65.9145 65.9178
3200 65.9145 65.9275
3201 65.9145 65.9145
3202 65.9145 65.9161
3203 65.9145 66.035
3204 65.9145 65.9145
3205 65.9145 65.9145
3206 65.9145 66.0599
3207 65.9145 65.9591
3208 65.9145 65.9241
3209 65.9145 65.9145
3210 65.9145 66.1949
3211 65.9145 66.1281
3212 65.9145 65.985
3213 65.9145 65.9462
3214 65.9145 65.9145
3215 65.9145 65.92
3216 65.9145 65.9174
3217 65.9145 65.9541
3218 65.9145 65.9226
3219 65.9145 65.9145
3220 65.9145 65.9145
3221 65.9145 65.9145
3222 65.9145 65.9145
3223 65.9145 66.0485
3224 65.9145 65.9145
3225 65.9145 65.9369
3226 65.9145 65.9145
3227 65.9145 65.9145
3228 65.9145 65.9349
3229 65.9145 65.9206
3230 65.9145 65.9172
3231 65.9145 66.0103
3232 65.9145 66.1882
3233 65.9145 65.9319
3234 65.9145 65.9145
3235 65.9145 66.0478
3236 65.9145 66.1045
3237 65.9145 65.9145
3238 65.9145 65.9145
3239 65.9145 65.9234
3240 65.9145 65.9211
3241 65.9145 65.9255
3242 65.9145 65.9922
3243 65.9145 66.0173
3244 65.9145 65.9386
3245 65.9145 66.0504
3246 65.9145 66.0753
3247 65.9145 66.0071
3248 65.9145 65.9942
3249 65.9145 66.1356
3250 65.9145 65.9934
3251 65.9145 66.0774
3252 65.9145 66.0454
3253 65.9145 65.9546
3254 65.9145 65.9187
3255 65.9145 65.9893
3256 65.9145 66.0602
3257 65.9145 66.0792
3258 65.9145 65.9818
3259 65.9145 66.0444
3260 65.9145 66.0477
3261 65.9145 66.104
3262 65.9145 65.9145
3263 65.9145 66.1478
3264 65.9145 65.9624
3265 65.9145 66.2468
3266 65.9145 66.0211
3267 65.9145 65.9339
3268 65.9145 65.9162
3269 65.9145 65.9479
3270 65.9145 65.9369
3271 65.9145 66.1109
3272 65.9145 66.0106
3273 65.9145 65.9221
3274 65.9145 65.9309
3275 65.9145 65.9168
3276 65.9145 65.9225
3277 65.9145 66.0656
3278 65.9145 66.1971
3279 65.9145 65.953
3280 65.9145 65.9515
3281 65.9145 65.9145
3282 65.9145 65.9145
3283 65.9145 65.9402
3284 65.9145 65.9145
3285 65.9145 65.9249
3286 65.9145 65.9924
3287 65.9145 65.9832
3288 65.9145 66.0802
3289 65.9145 65.9416
3290 65.9145 65.9978
3291 65.9145 65.9145
3292 65.9145 66.0653
3293 65.9145 65.92
3294 65.9145 65.9145
3295 65.9145 65.9721
3296 65.9145 65.9145
3297 65.9145 65.9459
3298 65.9145 65.9475
3299 65.9145 65.9145
3300 65.9145 65.9174
3301 65.9145 65.9155
3302 65.9145 66.0281
3303 65.9145 66.0925
3304 65.9145 65.9899
3305 65.9145 65.9167
3306 65.9145 65.9145
3307 65.9145 65.9145
3308 65.9145 66.0256
3309 65.9145 66.0233
3310 65.9145 66.0224
3311 65.9145 66.0689
3312 65.9145 65.9676
3313 65.9145 65.9175
3314 65.9145 66.138
3315 65.9145 66.0055
3316 65.9145 65.9321
3317 65.9145 65.9735
3318 65.9145 65.9159
3319 65.9145 65.9426
3320 65.9145 65.9749
3321 65.9145 65.9355
3322 65.9145 65.9145
3323 65.9145 65.9147
3324 65.9145 65.9467
3325 65.9145 65.9145
3326 65.9145 65.9145
3327 65.9145 65.9183
3328 65.9145 65.9165
3329 65.9145 66.0013
3330 65.9145 66.0183
3331 65.9145 65.93
3332 65.9145 65.9807
3333 65.9145 65.9219
3334 65.9145 65.9435
3335 65.9145 65.9388
3336 65.9145 65.9625
3337 65.9145 65.9145
3338 65.9145 65.9145
3339 65.9145 65.9219
3340 65.9145 65.921
3341 65.9145 65.9145
3342 65.9145 65.9145
3343 65.9145 65.9204
3344 65.9145 65.9189
3345 65.9145 65.9647
3346 65.9145 65.9145
3347 65.9145 66.0484
3348 65.9145 66.0525
3349 65.9145 65.9304
3350 65.9145 65.9249
3351 65.9145 65.9443
3352 65.9145 65.9251
3353 65.9145 65.9145
3354 65.9145 65.9623
3355 65.9145 65.9632
3356 65.9145 66.0058
3357 65.9145 65.9233
3358 65.9145 65.9428
3359 65.9145 65.9145
3360 65.9145 65.9145
3361 65.9145 65.9145
3362 65.9145 65.9855
3363 65.9145 66.0773
3364 65.9145 65.9228
3365 65.9145 65.9154
3366 65.9145 65.9301
3367 65.9145 66.2776
3368 65.9145 66.2681
3369 65.9145 66.0856
3370 65.9145 65.9425
3371 65.9145 65.9145
3372 65.9145 65.9145
3373 65.9145 65.9203
3374 65.9145 65.9205
3375 65.9145 65.9217
3376 65.9145 65.931
3377 65.9145 66.0924
3378 65.9145 66.0262
3379 65.9145 66.0423
3380 65.9145 66.1832
3381 65.9145 65.9517
3382 65.9145 65.9677
3383 65.9145 65.9377
3384 65.9145 65.9161
3385 65.9145 65.9357
3386 65.9145 66.4748
3387 65.9145 66.1918
3388 65.9145 66.1026
3389 65.9145 66.0576
3390 65.9145 66.1479
3391 65.9145 65.928
3392 65.9145 65.9837
3393 65.9145 65.9145
3394 65.9145 65.9165
3395 65.9145 65.9145
3396 65.9145 65.975
3397 65.9145 65.9234
3398 65.9145 65.9927
3399 65.9145 65.9222
3400 65.9145 65.9812
3401 65.9145 65.9145
3402 65.9145 65.9253
3403 65.9145 65.9145
3404 65.9145 66.0454
3405 65.9145 65.9499
3406 65.9145 65.9228
3407 65.9145 65.9145
3408 65.9145 65.9145
3409 65.9145 66.0525
3410 65.9145 65.9677
3411 65.9145 65.9275
3412 65.9145 65.9554
3413 65.9145 65.9145
3414 65.9145 65.9403
3415 65.9145 65.9909
3416 65.9145 65.9296
3417 65.9145 65.9775
3418 65.9145 65.9208
3419 65.9145 65.9176
3420 65.9145 66.0128
3421 65.9145 66.048
3422 65.9145 66.1241
3423 65.9145 66.2612
3424 65.9145 66.4422
3425 65.9145 66.2485
3426 65.9145 66.0542
3427 65.9145 66.3042
3428 65.9145 66.1409
3429 65.9145 65.973
3430 65.9145 65.9743
3431 65.9145 65.9785
3432 65.9145 65.9145
3433 65.9145 65.9189
3434 65.9145 65.9151
3435 65.9145 65.9165
3436 65.9145 65.99
3437 65.9145 66.0022
3438 65.9145 65.9903
3439 65.9145 66.0664
3440 65.9145 65.9888
3441 65.9145 66.0121
3442 65.9145 65.9145
3443 65.9145 65.9145
3444 65.9145 65.9163
3445 65.9145 65.9229
3446 65.9145 65.9886
3447 65.9145 66.0819
3448 65.9145 66.0836
3449 65.9145 65.97
3450 65.9145 65.9452
3451 65.9145 65.9211
3452 65.9145 65.9979
3453 65.9145 66.0002
3454 65.9145 66.0472
3455 65.9145 65.9172
3456 65.9145 65.9145
3457 65.9145 65.942
3458 65.9145 66.0299
3459 65.9145 65.9178
3460 65.9145 65.9145
3461 65.9145 66.0844
3462 65.9145 66.0662
3463 65.9145 66.1948
3464 65.9145 66.0187
3465 65.9145 65.952
3466 65.9145 66.0147
3467 65.9145 66.0621
3468 65.9145 66.1181
3469 65.9145 65.9307
3470 65.9145 65.9145
3471 65.9145 65.9145
3472 65.9145 65.9706
3473 65.9145 66.0995
3474 65.9145 66.1686
3475 65.9145 66.1335
3476 65.9145 65.9524
3477 65.9145 65.9145
3478 65.9145 65.9145
3479 65.9145 65.9145
3480 65.9145 65.9145
3481 65.9145 65.9145
3482 65.9145 65.9145
3483 65.9145 65.9145
3484 65.9145 65.9145
3485 65.9145 65.9833
3486 65.9145 66.1477
3487 65.9145 65.9171
3488 65.9145 65.9353
3489 65.9145 66.1905
3490 65.9145 66.053
3491 65.9145 66.2108
3492 65.9145 66.1409
3493 65.9145 65.9434
3494 65.9145 65.9145
3495 65.9145 65.9245
3496 65.9145 65.9169
3497 65.9145 66.0943
3498 65.9145 66.0145
3499 65.9145 65.9397
3500 65.9145 66.0602
3501 65.9145 65.9525
3502 65.9145 65.9796
3503 65.9145 66.2541
3504 65.9145 65.9584
3505 65.9145 66.0295
3506 65.9145 65.9164
3507 65.9145 65.9145
3508 65.9145 65.9145
3509 65.9145 65.9319
3510 65.9145 66.0274
3511 65.9145 65.935
3512 65.9145 65.947
3513 65.9145 65.9145
3514 65.9145 65.9235
3515 65.9145 65.9511
3516 65.9145 65.9145
3517 65.9145 65.9419
3518 65.9145 66.0548
3519 65.9145 65.9145
3520 65.9145 65.9357
3521 65.9145 66.0693
3522 65.9145 65.9695
3523 65.9145 66.0656
3524 65.9145 65.9347
3525 65.9145 65.9489
3526 65.9145 65.9145
3527 65.9145 66.0017
3528 65.9145 66.3253
3529 65.9145 66.2135
3530 65.9145 66.2933
3531 65.9145 65.9776
3532 65.9145 65.9545
3533 65.9145 65.9145
3534 65.9145 65.918
3535 65.9145 65.9145
3536 65.9145 65.9241
3537 65.9145 65.9145
3538 65.9145 65.9145
3539 65.9145 65.9157
3540 65.9145 65.9325
3541 65.9145 65.9145
3542 65.9145 65.9145
3543 65.9145 66.1112
3544 65.9145 65.9599
3545 65.9145 66.0072
3546 65.9145 65.9531
3547 65.9145 65.9145
3548 65.9145 65.9309
3549 65.9145 65.984
3550 65.9145 66.1097
3551 65.9145 66.0223
3552 65.9145 66.1093
3553 65.9145 66.1457
3554 65.9145 66.0825
3555 65.9145 65.9442
3556 65.9145 66.106
3557 65.9145 65.9145
3558 65.9145 65.9512
3559 65.9145 65.9145
3560 65.9145 65.9222
3561 65.9145 66.0023
3562 65.9145 66.2161
3563 65.9145 65.9503
3564 65.9145 66.0651
3565 65.9145 65.9319
3566 65.9145 65.9774
3567 65.9145 65.9405
3568 65.9145 65.9145
3569 65.9145 65.9145
3570 65.9145 65.9145
3571 65.9145 65.9274
3572 65.9145 65.9145
3573 65.9145 66.0372
3574 65.9145 65.9874
3575 65.9145 65.9289
3576 65.9145 66.0096
3577 65.9145 66.1248
3578 65.9145 66.0315
3579 65.9145 65.9145
3580 65.9145 65.9165
3581 65.9145 66.3727
3582 65.9145 65.9325
3583 65.9145 66.1693
3584 65.9145 66.0326
3585 65.9145 65.9446
3586 65.9145 66.0228
3587 65.9145 65.971
3588 65.9145 66.0409
3589 65.9145 66.0197
3590 65.9145 65.9245
3591 65.9145 65.9394
3592 65.9145 65.9326
3593 65.9145 65.9422
3594 65.9145 65.9179
3595 65.9145 65.9648
3596 65.9145 65.9228
3597 65.9145 65.9542
3598 65.9145 65.9205
3599 65.9145 65.9295
3600 65.9145 65.9751
3601 65.9145 65.9328
3602 65.9145 66.087
3603 65.9145 66.158
3604 65.9145 66.0641
3605 65.9145 65.9319
3606 65.9145 65.9145
3607 65.9145 65.9145
3608 65.9145 65.9691
3609 65.9145 65.9145
3610 65.9145 65.9197
3611 65.9145 65.9341
3612 65.9145 65.9145
3613 65.9145 65.9145
3614 65.9145 65.9145
3615 65.9145 65.9145
3616 65.9145 66.1383
3617 65.9145 66.0155
3618 65.9145 66.0572
3619 65.9145 65.9374
3620 65.9145 65.9529
3621 65.9145 65.9145
3622 65.9145 65.9145
3623 65.9145 65.9145
3624 65.9145 65.9145
3625 65.9145 65.9145
3626 65.9145 65.9145
3627 65.9145 65.9851
3628 65.9145 65.9212
3629 65.9145 65.9247
3630 65.9145 66.106
3631 65.9145 66.0048
3632 65.9145 65.9199
3633 65.9145 65.9556
3634 65.9145 65.9203
3635 65.9145 65.9478
3636 65.9145 65.9145
3637 65.9145 65.9329
3638 65.9145 65.9721
3639 65.9145 66.0114
3640 65.9145 65.9145
3641 65.9145 65.9145
3642 65.9145 65.9145
3643 65.9145 66.153
3644 65.9145 66.2701
3645 65.9145 65.9902
3646 65.9145 66.0339
3647 65.9145 66.0948
3648 65.9145 65.966
3649 65.9145 65.9555
3650 65.9145 65.9155
3651 65.9145 65.9187
3652 65.9145 65.9173
3653 65.9145 66.0637
3654 65.9145 66.1934
3655 65.9145 65.9482
3656 65.9145 66.0126
3657 65.9145 66.2538
3658 65.9145 66.0411
3659 65.9145 66.0994
3660 65.9145 65.9746
3661 65.9145 65.9331
3662 65.9145 65.9199
3663 65.9145 65.9752
3664 65.9145 65.957
3665 65.9145 65.9145
3666 65.9145 65.9162
3667 65.9145 65.9772
3668 65.9145 65.9168
3669 65.9145 65.9462
3670 65.9145 65.9174
3671 65.9145 65.9281
3672 65.9145 65.9235
3673 65.9145 65.938
3674 65.9145 65.9145
3675 65.9145 65.9154
3676 65.9145 65.9349
3677 65.9145 65.9469
3678 65.9145 65.9194
3679 65.9145 65.9521
3680 65.9145 65.9279
3681 65.9145 65.9145
3682 65.9145 65.945
3683 65.9145 65.916
3684 65.9145 66.1061
3685 65.9145 66.1218
3686 65.9145 65.9228
3687 65.9145 65.9531
3688 65.9145 65.9734
3689 65.9145 65.9189
3690 65.9145 65.9145
3691 65.9145 66.0639
3692 65.9145 65.9241
3693 65.9145 65.9145
3694 65.9145 65.976
3695 65.9145 65.9329
3696 65.9145 65.9145
3697 65.9145 65.9164
3698 65.9145 65.9145
3699 65.9145 65.9145
3700 65.9145 65.9145
3701 65.9145 65.9145
3702 65.9145 65.9214
3703 65.9145 66.0333
3704 65.9145 66.0407
3705 65.9145 66.0027
3706 65.9145 66.3294
3707 65.9145 65.9196
3708 65.9145 65.9389
3709 65.9145 65.9677
3710 65.9145 65.9145
3711 65.9145 65.9361
3712 65.9145 66.0802
3713 65.9145 66.1704
3714 65.9145 65.9868
3715 65.9145 65.9723
3716 65.9145 66.0719
3717 65.9145 65.9931
3718 65.9145 66.1059
3719 65.9145 66.2718
3720 65.9145 65.9306
3721 65.9145 65.9976
3722 65.9145 65.9145
3723 65.9145 65.9958
3724 65.9145 66.0344
3725 65.9145 66.12
3726 65.9145 65.9427
3727 65.9145 65.9338
3728 65.9145 65.9646
3729 65.9145 65.9145
3730 65.9145 65.9362
3731 65.9145 65.9931
3732 65.9145 65.9715
3733 65.9145 66.0317
3734 65.9145 66.0737
3735 65.9145 65.9266
3736 65.9145 66.5144
3737 65.9145 66.2891
3738 65.9145 66.1852
3739 65.9145 66.0895
3740 65.9145 66.054
3741 65.9145 65.9592
3742 65.9145 66.0534
3743 65.9145 65.9398
3744 65.9145 65.9314
3745 65.9145 65.9145
3746 65.9145 65.9573
3747 65.9145 65.9519
3748 65.9145 65.9723
3749 65.9145 65.9842
3750 65.9145 66.2249
3751 65.9145 66.0172
3752 65.9145 66.0329
3753 65.9145 66.0112
3754 65.9145 65.9446
3755 65.9145 65.9145
3756 65.9145 65.9694
3757 65.9145 65.9145
3758 65.9145 66.0442
3759 65.9145 65.9283
3760 65.9145 65.9219
3761 65.9145 65.9145
3762 65.9145 66.1728
3763 65.9145 66.1102
3764 65.9145 65.9683
3765 65.9145 66.3207
3766 65.9145 66.1647
3767 65.9145 65.9155
3768 65.9145 65.9145
3769 65.9145 65.9651
3770 65.9145 66.0383
3771 65.9145 65.9284
3772 65.9145 65.9598
3773 65.9145 66.0783
3774 65.9145 65.9145
3775 65.9145 65.9145
3776 65.9145 65.9145
3777 65.9145 65.925
3778 65.9145 65.9385
3779 65.9145 65.928
3780 65.9145 65.9688
3781 65.9145 65.9145
3782 65.9145 65.9145
3783 65.9145 65.9145
3784 65.9145 65.9145
3785 65.9145 66.0789
3786 65.9145 65.9348
3787 65.9145 65.9479
3788 65.9145 66.3129
3789 65.9145 65.9715
3790 65.9145 65.9903
3791 65.9145 65.9266
3792 65.9145 65.9188
3793 65.9145 65.9212
3794 65.9145 66.0256
3795 65.9145 65.9376
3796 65.9145 66.0571
3797 65.9145 66.1491
3798 65.9145 65.9613
3799 65.9145 66.0023
3800 65.9145 66.0165
3801 65.9145 66.0044
3802 65.9145 65.9645
3803 65.9145 66.3179
3804 65.9145 65.9497
3805 65.9145 66.0385
3806 65.9145 65.9213
3807 65.9145 65.9145
3808 65.9145 65.9914
3809 65.9145 65.9964
3810 65.9145 66.171
3811 65.9145 66.1302
3812 65.9145 65.9832
3813 65.9145 65.9312
3814 65.9145 65.9285
3815 65.9145 65.9145
3816 65.9145 65.9887
3817 65.9145 65.9145
3818 65.9145 65.9575
3819 65.9145 66.1589
3820 65.9145 65.9736
3821 65.9145 65.9191
3822 65.9145 66.0096
3823 65.9145 65.9145
3824 65.9145 65.9183
3825 65.9145 65.9145
3826 65.9145 65.9145
3827 65.9145 65.9524
3828 65.9145 65.9195
3829 65.9145 65.965
3830 65.9145 65.9416
3831 65.9145 65.9846
3832 65.9145 65.9635
3833 65.9145 65.9677
3834 65.9145 65.9984
3835 65.9145 65.9444
3836 65.9145 65.926
3837 65.9145 65.9172
3838 65.9145 65.9145
3839 65.9145 65.9854
3840 65.9145 66.1046
3841 65.9145 65.9514
3842 65.9145 65.9681
3843 65.9145 65.9145
3844 65.9145 66.1559
3845 65.9145 65.9382
3846 65.9145 65.9145
3847 65.9145 65.9145
3848 65.9145 65.9145
3849 65.9145 65.9145
3850 65.9145 65.9247
3851 65.9145 66.0727
3852 65.9145 66.0889
3853 65.9145 66.0241
3854 65.9145 66.1084
3855 65.9145 66.0668
3856 65.9145 66.0901
3857 65.9145 66.0465
3858 65.9145 65.9517
3859 65.9145 65.9331
3860 65.9145 66.0612
3861 65.9145 65.9673
3862 65.9145 65.9641
3863 65.9145 65.9608
3864 65.9145 65.9321
3865 65.9145 65.9145
3866 65.9145 65.9145
3867 65.9145 65.9179
3868 65.9145 65.9252
3869 65.9145 66.0398
3870 65.9145 65.9263
3871 65.9145 65.9267
3872 65.9145 65.9792
3873 65.9145 65.9145
3874 65.9145 65.9153
3875 65.9145 65.9145
3876 65.9145 65.9145
3877 65.9145 65.9145
3878 65.9145 65.9638
3879 65.9145 65.9145
3880 65.9145 65.922
3881 65.9145 65.9987
3882 65.9145 66.1293
3883 65.9145 65.9874
3884 65.9145 66.0925
3885 65.9145 65.9506
3886 65.9145 66.0004
3887 65.9145 65.9525
3888 65.9145 65.9402
3889 65.9145 65.9311
3890 65.9145 66.0745
3891 65.9145 66.0457
3892 65.9145 65.9501
3893 65.9145 65.9963
3894 65.9145 65.9812
3895 65.9145 65.9746
3896 65.9145 65.9437
3897 65.9145 66.0214
3898 65.9145 65.9878
3899 65.9145 65.9145
3900 65.9145 65.9145
3901 65.9145 65.9145
3902 65.9145 65.974
3903 65.9145 65.9554
3904 65.9145 65.9145
3905 65.9145 65.9145
3906 65.9145 65.9611
3907 65.9145 66.0815
3908 65.9145 66.2495
3909 65.9145 65.9172
3910 65.9145 65.9145
3911 65.9145 65.9209
3912 65.9145 65.9485
3913 65.9145 65.9865
3914 65.9145 66.0801
3915 65.9145 66.0319
3916 65.9145 66.0401
3917 65.9145 65.9145
3918 65.9145 65.9145
3919 65.9145 66.0845
3920 65.9145 66.1244
3921 65.9145 65.9459
3922 65.9145 65.9907
3923 65.9145 66.1774
3924 65.9145 66.0202
3925 65.9145 65.9478
3926 65.9145 65.9145
3927 65.9145 65.9145
3928 65.9145 65.9145
3929 65.9145 65.9227
3930 65.9145 65.9235
3931 65.9145 65.987
3932 65.9145 66.0753
3933 65.9145 65.9145
3934 65.9145 65.93
3935 65.9145 65.9698
3936 65.9145 65.9506
3937 65.9145 66.029
3938 65.9145 65.919
3939 65.9145 65.9257
3940 65.9145 65.9182
3941 65.9145 65.9145
3942 65.9145 65.9383
3943 65.9145 65.9895
3944 65.9145 66.0134
3945 65.9145 65.991
3946 65.9145 66.0507
3947 65.9145 66.2023
3948 65.9145 66.0544
3949 65.9145 66.0858
3950 65.9145 65.9813
3951 65.9145 65.9145
3952 65.9145 66.0469
3953 65.9145 65.9278
3954 65.9145 65.9178
3955 65.9145 65.9352
3956 65.9145 65.9145
3957 65.9145 65.9145
3958 65.9145 65.9384
3959 65.9145 65.9145
3960 65.9145 65.9553
3961 65.9145 65.9666
3962 65.9145 65.9285
3963 65.9145 66.1608
3964 65.9145 66.1168
3965 65.9145 66.0671
3966 65.9145 65.974
3967 65.9145 66.0764
3968 65.9145 66.0081
3969 65.9145 66.1167
3970 65.9145 65.9294
3971 65.9145 65.9916
3972 65.9145 65.972
3973 65.9145 66.0051
3974 65.9145 66.0362
3975 65.9145 65.9664
3976 65.9145 65.9214
3977 65.9145 66.002
3978 65.9145 66.019
3979 65.9145 66.1059
3980 65.9145 66.0039
3981 65.9145 65.978
3982 65.9145 65.9305
3983 65.9145 66.0868
3984 65.9145 65.9373
3985 65.9145 65.9542
3986 65.9145 65.9145
3987 65.9145 65.9319
3988 65.9145 66.0162
3989 65.9145 65.9544
3990 65.9145 66.0047
3991 65.9145 66.0171
3992 65.9145 66.1664
3993 65.9145 66.1516
3994 65.9145 66.0691
3995 65.9145 65.9145
3996 65.9145 65.9145
3997 65.9145 65.9164
3998 65.9145 65.9925
3999 65.9145 65.9338
