0 421.32 461.591
1 409.653 436.904
2 400.341 422.173
3 388.815 410.975
4 374.135 398.303
5 359.44 386.298
6 355.767 375.025
7 342.801 364.158
8 338.516 354.718
9 332.568 346.985
10 323.128 341.942
11 313.667 334.655
12 310.883 326.097
13 305.259 318.26
14 304.441 312.774
15 300.445 307.876
16 295.02 304.201
17 289.08 300.816
18 285.779 295.612
19 279.277 290.893
20 276.154 286.83
21 273.185 282.653
22 266.175 278.395
23 261.125 274.137
24 255.858 269.011
25 250.918 263.565
26 241.532 258.814
27 239.588 253.234
28 234.912 246.949
29 228.502 241.956
30 224.246 236.466
31 223.014 230.482
32 220.455 227.272
33 219.094 224.011
34 215.291 221.416
35 213.815 219.276
36 209.295 216.696
37 208.497 214.51
38 207.076 211.675
39 204.556 209.671
40 203.621 208.3
41 201.66 206.18
42 197.142 203.845
43 195.975 201.682
44 195.361 199.694
45 194.903 198.114
46 192.666 196.678
47 192.054 195.917
48 190.641 195.095
49 189.039 193.766
50 178.667 191.556
51 177.404 189.562
52 176.508 185.718
53 174.873 180.309
54 173.549 178.108
55 171.639 176.911
56 170.979 174.505
57 170.979 172.981
58 167.996 171.797
59 167.336 170.768
60 164.897 169.744
61 160.066 168.373
62 158.7 166.418
63 158.155 164.179
64 156.83 161.04
65 156.294 159.291
66 153.281 157.8
67 151.745 156.834
68 150.491 155.453
69 149.925 154.021
70 149.364 152.326
71 146.241 150.92
72 145.489 150.346
73 144.62 148.166
74 144.42 146.666
75 143.539 145.718
76 142.466 144.805
77 142.466 144.138
78 141.874 143.476
79 141.725 142.697
80 140.404 142.411
81 140.349 142.596
82 137.363 142.132
83 135.426 141.56
84 135.426 140.462
85 134.306 138.844
86 133.484 136.747
87 133.484 135.363
88 132.307 134.712
89 132.307 134.605
90 132.197 133.836
91 131.237 133.404
92 130.846 133.377
93 130.204 133.656
94 128.518 132.428
95 127.674 131.574
96 127.674 130.526
97 126.649 129.576
98 125.339 128.455
99 123.695 127.614
100 118.455 126.012
101 118.279 125.201
102 118.113 122.405
103 117.832 120.284
104 115.057 119.34
105 114.818 118.828
106 111.451 118.043
107 111.276 115.142
108 111.276 113.133
109 111.208 112.31
110 110.287 111.667
111 110.287 111.876
112 110.068 110.836
113 109.303 110.728
114 109.084 110.36
115 108.955 109.681
116 108.576 109.397
117 108.576 109.054
118 107.835 108.886
119 107.025 108.573
120 106.284 108.428
121 106.104 107.691
122 105.39 107.028
123 104.889 106.359
124 104.51 105.809
125 104.355 105.449
126 103.106 104.941
127 102.952 104.643
128 102.952 104.413
129 102.898 104.185
130 102.157 103.532
131 101.917 103.173
132 101.795 102.602
133 101.555 102.226
134 101.029 101.944
135 100.646 101.702
136 100.284 101.449
137 99.721 101.048
138 99.6167 100.766
139 99.61 100.305
140 99.0313 99.946
141 98.5285 99.8357
142 98.5285 99.478
143 98.5285 100.172
144 98.5285 100.016
145 98.4661 99.4894
146 98.4661 98.8696
147 98.2447 98.5993
148 98.0597 98.6278
149 96.677 99.2388
150 92.196 98.779
151 91.2055 96.6913
152 91.2055 94.7899
153 90.8445 93.0064
154 90.8445 92.1119
155 90.702 91.3527
156 90.6402 91.1189
157 90.1368 90.911
158 89.6494 90.6044
159 89.3313 90.3035
160 88.4814 89.8607
161 88.4814 89.4006
162 88.07 89.0499
163 88.07 88.7453
164 87.4916 88.6185
165 87.4916 88.1507
166 87.4343 87.8366
167 87.2812 87.6005
168 87.2238 87.5297
169 86.8816 87.3594
170 86.3143 87.3033
171 86.0999 87.0413
172 85.3336 86.7295
173 84.9642 86.2875
174 84.9069 85.9487
175 84.8612 85.819
176 84.6508 85.3271
177 84.6508 84.8657
178 84.1647 84.7715
179 84.1647 84.6499
180 83.7533 84.414
181 83.3419 84.5348
182 83.3419 84.2712
183 83.3419 84.121
184 83.0865 84.345
185 83.0865 83.8551
186 83.0865 84.3163
187 82.9015 84.0684
188 82.9015 83.5569
189 82.7777 83.3375
190 82.3627 83.2737
191 82.1995 83.0491
192 82.1995 82.9865
193 82.1995 82.6869
194 81.3685 82.7976
195 81.3685 82.2067
196 81.3685 81.7836
197 81.3685 81.553
198 81.3642 81.4662
199 81.3642 81.4218
200 81.3642 81.4207
201 81.1396 81.3671
202 81.1396 81.4833
203 80.804 81.821
204 80.804 81.4643
205 80.2081 81.4192
206 80.2081 80.8996
207 80.2081 80.655
208 80.2081 80.3452
209 80.2081 80.3937
210 80.2081 80.2596
211 80.2081 80.2636
212 80.2081 80.2189
213 80.2081 80.3204
214 80.2081 80.2923
215 80.2081 80.2267
216 80.2081 80.2606
217 80.2081 80.2082
218 80.1423 80.2079
219 80.1423 80.2288
220 80.1423 80.1833
221 80.1423 80.2933
222 80.053 80.256
223 80.053 80.2262
224 80.0232 80.1634
225 80.0232 80.0917
226 80.0232 80.1819
227 80.0232 80.2487
228 80.0232 80.2264
229 80.0232 80.0902
230 80.0232 80.0364
231 80.0232 80.0232
232 80.0232 80.0232
233 80.0232 80.0232
234 80.0232 80.0232
235 80.0232 80.0352
236 80.0232 80.0424
237 80.0232 80.026
238 80.0232 80.2772
239 80.0232 80.055
240 80.0232 80.1721
241 79.8357 80.1255
242 79.8357 80.0007
243 79.7926 79.9381
244 79.7926 79.8692
245 79.747 79.8179
246 79.747 79.8004
247 79.747 79.7751
248 79.747 79.8063
249 79.747 79.7674
250 75.5976 79.9914
251 75.5976 80.0376
252 75.5976 78.8778
253 75.5976 77.1857
254 75.5976 76.2367
255 75.5976 76.4168
256 75.5976 75.9754
257 75.5976 75.6101
258 74.9132 75.6335
259 74.9132 75.5921
260 74.9132 75.254
261 74.9132 75.159
262 74.9132 74.9709
263 74.9132 74.9146
264 74.9132 74.9132
265 74.909 74.9781
266 74.7422 75.0499
267 74.5234 75.5128
268 74.5191 76.2385
269 74.5191 76.1794
270 74.4627 75.4667
271 74.4585 74.817
272 74.2872 74.8596
273 74.0678 74.634
274 74.0678 74.4282
275 73.9652 74.3155
276 73.9652 74.3769
277 73.9652 74.6288
278 73.9652 74.5538
279 73.6708 74.4133
280 73.6708 74.0401
281 73.6708 73.8305
282 73.6708 73.752
283 73.6708 73.7007
284 73.6708 73.6805
285 73.6708 73.8484
286 73.6708 73.7437
287 73.6708 73.7417
288 73.6708 73.702
289 73.6708 73.6708
290 73.6708 73.7732
291 73.6708 73.6744
292 73.6708 73.7694
293 73.6708 73.7193
294 73.6708 73.6731
295 73.6708 73.6851
296 73.6708 73.6836
297 73.6708 73.6952
298 73.6708 73.7291
299 73.6708 73.8433
300 73.6708 73.7795
301 73.6708 73.7341
302 73.6708 73.7286
303 73.6708 73.6921
304 73.6708 73.6708
305 73.6708 73.7149
306 73.6708 73.7417
307 73.6708 73.9007
308 73.6708 73.7636
309 73.6708 73.7528
310 73.6708 73.8387
311 73.6708 73.748
312 73.6708 73.6841
313 73.6708 73.712
314 73.6708 73.6708
315 73.6708 73.6743
316 73.6708 73.9232
317 73.4857 73.6917
318 73.4857 73.8044
319 73.4857 73.8115
320 73.4857 73.5614
321 73.4857 73.5126
322 73.4857 73.5182
323 73.4857 73.7019
324 73.4857 73.5379
325 73.423 73.6288
326 73.423 74.257
327 73.423 75.1354
328 73.423 76.3784
329 73.423 75.3532
330 73.423 74.9938
331 73.423 74.0718
332 73.423 73.799
333 73.423 73.658
334 73.423 73.4355
335 73.423 73.423
336 73.423 73.423
337 73.423 73.4285
338 73.423 73.4908
339 73.423 73.559
340 73.423 73.5187
341 73.423 73.423
342 73.423 73.478
343 73.423 73.4907
344 73.423 73.5691
345 73.423 73.4671
346 73.423 73.4266
347 72.3248 73.5028
348 72.3248 73.8396
349 72.3248 73.9599
350 71.5893 75.108
351 71.5893 75.6959
352 71.5893 75.4798
353 71.5893 73.0745
354 71.5893 71.6095
355 71.5893 71.6712
356 71.5893 72.0367
357 71.5893 71.8482
358 71.5893 71.9394
359 71.5893 71.6933
360 71.5893 71.5893
361 71.5893 71.6608
362 71.5893 71.756
363 71.5893 71.7388
364 71.5893 71.6734
365 71.5893 71.601
366 71.5893 71.5893
367 71.5893 71.5893
368 71.5893 71.5899
369 71.5893 71.5893
370 71.5893 71.677
371 71.5893 71.5894
372 71.5893 71.5906
373 71.5893 71.5893
374 71.5893 71.6112
375 71.5893 71.6567
376 71.5893 71.7385
377 71.5893 71.663
378 71.5893 71.7232
379 71.5893 71.6015
380 71.5893 71.6079
381 71.5893 71.6982
382 71.5893 71.6614
383 71.5893 71.5893
384 71.5893 71.6213
385 71.5893 71.6758
386 71.5893 71.6337
387 71.5893 71.5893
388 71.5893 71.5893
389 71.5893 71.5978
390 71.5893 71.5893
391 71.5893 71.5972
392 71.5893 71.618
393 71.5893 71.5893
394 71.5262 71.5889
395 71.5262 71.6096
396 71.5262 71.5512
397 71.5262 71.5357
398 71.5262 71.6471
399 71.5262 71.6777
400 70.6682 72.0161
401 70.6682 72.4344
402 70.6682 72.8776
403 70.6682 72.2053
404 70.6682 71.3428
405 70.6682 71.1778
406 70.6682 70.7943
407 70.6682 70.9944
408 70.6682 71.0629
409 70.6682 70.703
410 70.6682 70.6858
411 70.6682 70.747
412 70.6682 70.6682
413 70.6682 70.8001
414 70.6682 70.7773
415 70.6682 70.8182
416 70.6682 70.9931
417 70.6682 70.8302
418 70.6682 70.69
419 70.6682 70.6683
420 70.6682 70.7143
421 70.6682 70.6682
422 70.6682 70.7099
423 70.6682 70.9511
424 70.1104 70.6764
425 70.1104 70.5805
426 70.1104 70.3909
427 70.1104 70.253
428 70.1104 70.1477
429 69.9302 70.1709
430 69.9302 70.0932
431 69.9302 70.0131
432 69.9302 69.9926
433 69.8701 69.9442
434 69.8397 69.9698
435 69.8397 69.9229
436 69.7795 69.8721
437 69.7795 69.9416
438 69.7795 69.8966
439 69.7795 69.9274
440 69.7795 69.8353
441 69.7795 69.9312
442 69.7795 70.041
443 69.7795 69.8788
444 69.7795 70.0374
445 69.7795 70.3452
446 69.7795 69.8743
447 69.7795 69.9523
448 69.7795 69.8221
449 69.7795 69.7822
450 69.451 70.0878
451 69.451 70.7455
452 69.451 71.2472
453 69.451 70.8386
454 69.451 70.3592
455 69.451 69.9051
456 69.451 69.481
457 69.451 69.451
458 69.451 69.4838
459 69.451 69.4705
460 69.451 69.451
461 69.451 69.451
462 69.451 69.451
463 69.451 69.4913
464 69.451 69.7541
465 69.451 69.4866
466 69.451 69.5129
467 69.451 69.4846
468 69.451 69.451
469 69.451 69.451
470 69.451 69.4907
471 69.451 69.6999
472 69.451 69.664
473 69.451 69.4574
474 69.451 69.5192
475 69.451 69.7004
476 69.451 69.6809
477 69.451 69.6363
478 69.451 69.4731
479 69.451 69.4563
480 69.451 69.4985
481 69.451 69.451
482 69.451 69.451
483 69.451 69.451
484 69.451 69.5251
485 69.451 69.4877
486 69.451 69.4849
487 69.451 69.5172
488 69.451 69.4596
489 69.451 69.451
490 69.451 69.451
491 69.451 69.451
492 69.451 69.451
493 69.451 69.5188
494 69.451 69.4567
495 69.451 69.4523
496 69.451 69.4882
497 69.451 69.4717
498 69.451 69.5748
499 69.451 69.6746
500 69.451 69.7311
501 69.451 69.4922
502 69.451 69.4581
503 69.451 69.4676
504 69.451 69.5628
505 69.451 69.7952
506 69.451 69.9141
507 69.451 69.5977
508 69.451 69.451
509 69.451 69.451
510 69.451 69.451
511 69.451 69.623
512 69.451 69.689
513 69.451 69.4598
514 69.451 69.6417
515 69.451 69.6268
516 69.451 69.451
517 69.451 69.451
518 69.451 69.5643
519 69.451 69.6428
520 69.451 69.451
521 69.451 69.451
522 69.451 69.5197
523 69.451 69.4673
524 69.451 69.451
525 69.451 69.451
526 69.451 69.451
527 69.451 69.451
528 69.451 69.451
529 69.451 69.4607
530 69.451 69.451
531 69.451 69.6005
532 69.451 69.7579
533 69.451 69.7193
534 69.451 69.4617
535 69.451 69.451
536 69.451 69.463
537 69.451 69.6853
538 69.451 69.5155
539 69.451 69.451
540 69.451 69.4649
541 69.451 69.451
542 69.451 69.4711
543 69.451 69.4726
544 69.451 69.488
545 69.451 69.508
546 69.451 69.4823
547 69.451 69.4795
548 69.451 69.5511
549 69.451 69.4924
550 69.451 69.4918
551 69.451 69.4665
552 69.451 69.4993
553 69.451 69.451
554 69.451 69.4625
555 69.451 69.451
556 69.451 69.4728
557 69.451 69.5136
558 69.451 69.4539
559 69.451 69.6035
560 69.451 69.4606
561 69.451 69.451
562 69.451 69.6635
563 69.451 69.589
564 69.451 69.576
565 69.451 69.7324
566 69.451 69.4561
567 69.451 69.477
568 69.451 69.527
569 69.451 69.5014
570 69.451 69.5181
571 69.451 69.6298
572 69.451 69.5926
573 69.451 69.7774
574 69.451 69.605
575 69.451 69.4512
576 69.451 69.4909
577 69.451 69.5111
578 69.451 69.555
579 69.451 69.4776
580 69.451 69.451
581 69.451 69.4541
582 69.451 69.5544
583 69.451 69.4531
584 69.451 69.6691
585 69.451 69.4849
586 69.451 69.4942
587 69.451 69.4713
588 69.451 69.6021
589 69.451 69.6035
590 69.451 69.5092
591 69.451 69.4708
592 69.451 69.451
593 69.451 69.451
594 69.451 69.451
595 69.451 69.4589
596 69.451 69.4674
597 69.451 69.451
598 69.451 69.451
599 69.451 69.451
600 67.6688 69.5437
601 67.6688 70.0769
602 67.6688 69.7528
603 67.6688 68.8836
604 67.6688 68.4862
605 67.6688 67.8211
606 67.6688 67.7157
607 67.3957 67.6682
608 67.3957 67.6448
609 67.3957 67.7135
610 67.3957 67.637
611 67.3957 67.7102
612 67.3957 67.5698
613 67.3957 67.539
614 67.3957 67.4035
615 67.3957 67.3957
616 67.3957 67.4219
617 67.3957 67.4739
618 67.3957 67.7921
619 67.3957 67.736
620 67.3957 67.5073
621 67.3957 67.4469
622 67.3957 67.4734
623 67.3957 67.4702
624 67.3957 67.5635
625 67.3957 67.5189
626 67.3957 67.3988
627 67.3957 67.3977
628 67.3957 67.3969
629 67.3957 67.4013
630 67.3957 67.5095
631 67.3957 67.423
632 67.3957 67.4619
633 67.3957 67.525
634 67.3957 67.7142
635 67.3957 67.4521
636 67.3957 67.6012
637 67.3957 67.415
638 67.3957 67.487
639 67.3957 67.598
640 67.3957 67.6202
641 67.3957 67.421
642 67.3957 67.3957
643 67.3957 67.4284
644 67.3957 67.5013
645 67.3957 67.484
646 67.3957 67.4375
647 67.3957 67.477
648 67.3957 67.4453
649 67.3957 67.6825
650 67.3957 67.6333
651 67.3957 67.6846
652 67.3957 67.4922
653 67.3957 67.4596
654 67.3957 67.4544
655 67.3957 67.3957
656 67.3957 67.4149
657 67.3957 67.488
658 67.3957 67.3957
659 67.3957 67.3957
660 67.3957 67.3957
661 67.3957 67.4111
662 67.3957 67.5317
663 67.3957 67.4371
664 67.3957 67.4474
665 67.3957 67.5151
666 67.3957 67.4883
667 67.3957 67.5551
668 67.3957 67.4125
669 67.3957 67.3957
670 67.3957 67.4092
671 67.3957 67.5232
672 67.3957 67.5683
673 67.3957 67.4054
674 67.3957 67.4232
675 67.3957 67.4753
676 67.3957 67.3957
677 67.3957 67.3957
678 67.3957 67.3957
679 67.3957 67.4141
680 67.3957 67.5122
681 67.3957 67.6775
682 67.3957 67.4323
683 67.3957 67.4694
684 67.3957 67.5078
685 67.3957 67.4626
686 67.3957 67.4563
687 67.3957 67.4061
688 67.3957 67.4368
689 67.3957 67.5223
690 67.3957 67.443
691 67.3957 67.4767
692 67.3957 67.4725
693 67.3957 67.4096
694 67.3957 67.4126
695 67.3957 67.6151
696 67.3957 67.6187
697 67.3957 67.5945
698 67.3957 67.4105
699 67.3957 67.3957
700 67.3957 67.4163
701 67.3957 67.6011
702 67.3957 67.4461
703 67.3957 67.406
704 67.3957 67.3957
705 67.3957 67.5653
706 67.3957 67.6048
707 67.3957 67.6366
708 67.3957 67.4674
709 67.3957 67.4434
710 67.3957 67.5355
711 67.3957 67.4585
712 67.3957 67.4775
713 67.3957 67.4089
714 67.3957 67.6172
715 67.3957 67.4313
716 67.3957 67.4045
717 67.3957 67.5408
718 67.3957 67.3957
719 67.3957 67.3957
720 67.3957 67.3957
721 67.3957 67.3957
722 67.3957 67.4497
723 67.3957 67.3957
724 67.3957 67.5394
725 67.3957 67.398
726 67.3957 67.5551
727 67.3957 67.5441
728 67.3957 67.555
729 67.3957 67.4176
730 67.3957 67.5674
731 67.3957 67.5717
732 67.3957 67.6512
733 67.3957 67.5925
734 67.3957 67.6443
735 67.3957 67.9093
736 67.3957 67.6126
737 67.3957 67.4198
738 67.3957 67.4974
739 67.3957 67.4482
740 67.3957 67.3969
741 67.3957 67.415
742 67.3957 67.4695
743 67.3957 67.4716
744 67.3957 67.5973
745 67.3957 67.5227
746 67.3957 67.4603
747 67.3957 67.5332
748 67.3957 67.4193
749 67.3957 67.5518
750 67.3957 67.6053
751 67.3957 67.4109
752 67.3957 67.3963
753 67.3957 67.7444
754 67.3957 67.4069
755 67.3957 67.4098
756 67.3957 67.4058
757 67.3957 67.4733
758 67.3957 67.4564
759 67.3957 67.465
760 67.3957 67.5629
761 67.3957 67.5702
762 67.3957 67.5463
763 67.3957 67.3957
764 67.3957 67.3957
765 67.3957 67.4002
766 67.3957 67.5846
767 67.3957 67.4601
768 67.3957 67.4913
769 67.3957 67.4021
770 67.3957 67.4103
771 67.3957 67.4368
772 67.3957 67.3957
773 67.3957 67.4029
774 67.3957 67.3988
775 67.3957 67.3957
776 67.3957 67.3957
777 67.3957 67.4488
778 67.3957 67.4411
779 67.3957 67.4482
780 67.3957 67.5187
781 67.3957 67.6419
782 67.3957 67.4629
783 67.3957 67.4666
784 67.3957 67.6689
785 67.3957 67.5192
786 67.3957 67.4092
787 67.3957 67.5011
788 67.3957 67.4245
789 67.3957 67.3957
790 67.3957 67.3957
791 67.3957 67.4122
792 67.3957 67.3957
793 67.3957 67.3957
794 67.3957 67.4118
795 67.3957 67.4818
796 67.3957 67.3957
797 67.3957 67.445
798 67.3957 67.4076
799 67.3957 67.5077
800 67.3957 67.6649
801 67.3957 67.4808
802 67.3957 67.4728
803 67.3957 67.4021
804 67.3957 67.5722
805 67.3957 67.4605
806 67.3957 67.3992
807 67.3957 67.3974
808 67.3957 67.4175
809 67.3957 67.3957
810 67.3957 67.3989
811 67.3957 67.4023
812 67.3957 67.5011
813 67.3957 67.3973
814 67.3957 67.4732
815 67.3957 67.7297
816 67.3957 67.6049
817 67.3957 67.4279
818 67.3957 67.4439
819 67.3957 67.4265
820 67.3957 67.3957
821 67.3957 67.3976
822 67.3957 67.462
823 67.3957 67.4393
824 67.3957 67.4275
825 67.3957 67.3957
826 67.3957 67.3957
827 67.3957 67.3957
828 67.3957 67.3957
829 67.3957 67.3957
830 67.3957 67.3957
831 67.3957 67.3957
832 67.3957 67.4166
833 67.3957 67.4001
834 67.3957 67.399
835 67.3957 67.3957
836 67.3957 67.4187
837 67.3957 67.4259
838 67.3957 67.5522
839 67.3957 67.3957
840 67.3957 67.3957
841 67.3957 67.3957
842 67.3957 67.5346
843 67.3957 67.4472
844 67.3957 67.5313
845 67.3957 67.4884
846 67.3957 67.422
847 67.3957 67.3957
848 67.3957 67.3957
849 67.3957 67.3957
850 67.3957 67.427
851 67.3957 67.3957
852 67.3957 67.3957
853 67.3957 67.4051
854 67.3957 67.4029
855 67.3957 67.3957
856 67.3957 67.3957
857 67.3957 67.3957
858 67.3957 67.4456
859 67.3957 67.4033
860 67.3957 67.3957
861 67.3957 67.3957
862 67.3957 67.5309
863 67.3957 67.5563
864 67.3957 67.5139
865 67.3957 67.4625
866 67.3957 67.3957
867 67.3957 67.3957
868 67.3957 67.4286
869 67.3957 67.4569
870 67.3957 67.6088
871 67.3957 67.5461
872 67.3957 67.4227
873 67.3957 67.4076
874 67.3957 67.4669
875 67.3957 67.4644
876 67.3957 67.418
877 67.3957 67.3957
878 67.3957 67.404
879 67.3957 67.4965
880 67.3957 67.4277
881 67.3957 67.4186
882 67.3957 67.3966
883 67.3957 67.3957
884 67.3957 67.4908
885 67.3957 67.3967
886 67.3957 67.3959
887 67.3957 67.4101
888 67.3957 67.3958
889 67.3957 67.3957
890 67.3957 67.5168
891 67.3957 67.3957
892 67.3957 67.4023
893 67.3957 67.4142
894 67.3957 67.4041
895 67.3957 67.4158
896 67.3957 67.6975
897 67.3957 67.4202
898 67.3957 67.4318
899 67.3957 67.3959
900 67.3957 67.4087
901 67.3957 67.4933
902 67.3957 67.3965
903 67.3957 67.4254
904 67.3957 67.5304
905 67.3957 67.7009
906 67.3957 67.5031
907 67.3957 67.3957
908 67.3957 67.3957
909 67.3957 67.4581
910 67.3957 67.5475
911 67.3957 67.536
912 67.3957 67.593
913 67.3957 67.3968
914 67.3957 67.4111
915 67.3957 67.4036
916 67.3957 67.4067
917 67.3957 67.4118
918 67.3957 67.3987
919 67.3957 67.3974
920 67.3957 67.3957
921 67.3957 67.4644
922 67.3957 67.5574
923 67.3957 67.4504
924 67.3957 67.4042
925 67.3957 67.528
926 67.3957 67.4329
927 67.3957 67.4808
928 67.3957 67.475
929 67.3957 67.4168
930 67.3957 67.4415
931 67.3957 67.4371
932 67.3957 67.3957
933 67.3957 67.4743
934 67.3957 67.4066
935 67.3957 67.5837
936 67.3957 67.466
937 67.3957 67.6833
938 67.3957 67.778
939 67.3957 67.9124
940 67.3957 67.4903
941 67.3957 67.6221
942 67.3957 67.3976
943 67.3957 67.396
944 67.3957 67.3957
945 67.3957 67.4747
946 67.3957 67.453
947 67.3957 67.4549
948 67.3957 67.4696
949 67.3957 67.3957
950 66.9713 67.4337
951 66.9713 67.3461
952 66.9713 67.2149
953 66.9713 67.3013
954 66.9713 67.2633
955 66.9713 67.0706
956 66.9713 66.9789
957 66.9713 66.9713
958 66.9713 66.9713
959 66.9713 66.9713
960 66.9713 66.9713
961 66.9713 66.9713
962 66.9713 67.2144
963 66.9713 67.0194
964 66.9713 67.0363
965 66.9713 67.4234
966 66.9713 67.188
967 66.9713 67.0158
968 66.9713 67.1023
969 66.9713 66.9958
970 66.9713 67.1183
971 66.9713 67.118
972 66.9713 67.0752
973 66.9713 67.1133
974 66.9713 67.1124
975 66.9713 67.1082
976 66.9713 67.1213
977 66.9713 67.0472
978 66.9713 67.1166
979 66.9713 67.2088
980 66.9713 66.9802
981 66.9713 67.0234
982 66.9713 67.0192
983 66.9713 67.1658
984 66.9713 67.0013
985 66.9713 66.9713
986 66.9713 66.9795
987 66.9713 67.0676
988 66.9713 67.103
989 66.9713 67.0294
990 66.9713 67.0183
991 66.9713 67.2498
992 66.9713 67.1086
993 66.9713 67.1347
994 66.9713 67.2241
995 66.9713 67.1249
996 66.9713 67.118
997 66.9713 67.0074
998 66.9713 67.0125
999 66.9713 66.9923
1000 66.9713 67.2652
1001 66.9713 67.1164
1002 66.9713 67.0164
1003 66.9713 67.1119
1004 66.9713 67.0147
1005 66.9713 66.9713
1006 66.9713 66.9713
1007 66.9713 67.0312
1008 66.9713 66.9713
1009 66.9713 67.0266
1010 66.9713 66.975
1011 66.9713 66.9749
1012 66.9713 66.9833
1013 66.9713 67.0342
1014 66.9713 67.2207
1015 66.9713 67.1025
1016 66.9713 66.9804
1017 66.9713 66.9713
1018 66.9713 66.9889
1019 66.9713 66.9713
1020 66.9713 66.9867
1021 66.9713 66.9923
1022 66.9713 67.0128
1023 66.9713 67.2621
1024 66.9713 67.2736
1025 66.9713 67.1076
1026 66.9713 67.1067
1027 66.9713 66.9922
1028 66.9713 67.2794
1029 66.9713 67.2591
1030 66.9713 67.1485
1031 66.9713 67.0516
1032 66.9713 67.0373
1033 66.9713 66.9713
1034 66.9713 67.1058
1035 66.9713 67.0085
1036 66.9713 66.9713
1037 66.9713 66.9713
1038 66.9713 66.9713
1039 66.9713 66.9713
1040 66.9713 66.9713
1041 66.9713 66.9713
1042 66.9713 67.0302
1043 66.9713 67.0575
1044 66.9713 66.9815
1045 66.9713 66.9713
1046 66.9713 67.0648
1047 66.9713 67.0071
1048 66.9713 67.0447
1049 66.9713 67.1462
1050 66.9713 66.9713
1051 66.9713 66.9713
1052 66.9713 67.0535
1053 66.9713 67.1516
1054 66.9713 67.0451
1055 66.9713 67.0857
1056 66.9713 66.9713
1057 66.9713 66.9732
1058 66.9713 66.9713
1059 66.9713 66.9713
1060 66.9713 67.0063
1061 66.9713 67.1403
1062 66.9713 67.3714
1063 66.9713 66.9806
1064 66.9713 67.0197
1065 66.9713 67.0107
1066 66.9713 67.0819
1067 66.9713 67.1935
1068 66.9713 67.2006
1069 66.9713 66.9775
1070 66.9713 66.9806
1071 66.9713 67.1464
1072 66.9713 67.0058
1073 66.9713 67.038
1074 66.9713 67.0412
1075 66.9713 67.3735
1076 66.9713 67.1083
1077 66.9713 67.3467
1078 66.9713 66.9756
1079 66.9713 67.0069
1080 66.9713 66.9742
1081 66.9713 66.9994
1082 66.9713 67.1906
1083 66.9713 67.0974
1084 66.9713 67.0798
1085 66.9713 67.0667
1086 66.9713 66.9764
1087 66.9713 66.9749
1088 66.9713 67.0546
1089 66.9713 66.9723
1090 66.9713 67.0899
1091 66.9713 67.1265
1092 66.9713 67.003
1093 66.9713 66.9713
1094 66.9713 67.0113
1095 66.9713 67.0903
1096 66.9713 67.0655
1097 66.9713 67.0638
1098 66.9713 67.1989
1099 66.9713 67.0821
1100 66.9713 67.1134
1101 66.9713 67.1569
1102 66.9713 67.0408
1103 66.9713 67.1001
1104 66.9713 66.9875
1105 66.9713 66.9748
1106 66.9713 67.0317
1107 66.9713 67.0934
1108 66.9713 67.0596
1109 66.9713 67.0002
1110 66.9713 67.0486
1111 66.9713 67.3001
1112 66.9713 67.0787
1113 66.9713 67.0879
1114 66.9713 66.9713
1115 66.9713 66.9713
1116 66.9713 67.0821
1117 66.9713 67.0349
1118 66.9713 66.9759
1119 66.9713 67.0592
1120 66.9713 66.981
1121 66.9713 67.0516
1122 66.9713 67.0964
1123 66.9713 66.9773
1124 66.9713 67.1173
1125 66.9713 67.004
1126 66.9713 66.9733
1127 66.9713 66.996
1128 66.9713 67.0471
1129 66.9713 67.2295
1130 66.9713 67.0685
1131 66.9713 67.0151
1132 66.9713 66.9727
1133 66.9713 66.9713
1134 66.9713 66.9713
1135 66.9713 67.0916
1136 66.9713 67.2975
1137 66.9713 67.0089
1138 66.9713 67.1129
1139 66.9713 67.3403
1140 66.9713 67.3413
1141 66.9713 67.0749
1142 66.9713 67.0843
1143 66.9713 67.2184
1144 66.9713 67.128
1145 66.9713 67.0781
1146 66.9713 67.0088
1147 66.9713 67.0621
1148 66.9713 67.0056
1149 66.9713 67.025
1150 66.9713 67.178
1151 66.9713 67.1496
1152 66.9713 67.0631
1153 66.9713 67.0056
1154 66.9713 66.9713
1155 66.9713 66.9936
1156 66.9713 66.9713
1157 66.9713 67.0088
1158 66.9713 67.0716
1159 66.9713 66.9713
1160 66.9713 67.0342
1161 66.9713 66.9713
1162 66.9713 66.9713
1163 66.9713 66.9713
1164 66.9713 67.1965
1165 66.9713 67.2698
1166 66.9713 67.0068
1167 66.9713 67.0753
1168 66.9713 67.3627
1169 66.9713 67.7414
1170 66.9713 67.0585
1171 66.9713 66.9793
1172 66.9713 67.1121
1173 66.9713 67.0127
1174 66.9713 67.1259
1175 66.9713 67.1379
1176 66.9713 67.2609
1177 66.9713 67.1036
1178 66.9713 66.9713
1179 66.9713 67.0203
1180 66.9713 66.9833
1181 66.9713 66.9749
1182 66.9713 67.0798
1183 66.9713 66.9877
1184 66.9713 66.9713
1185 66.9713 66.9722
1186 66.9713 67.0528
1187 66.9713 66.9713
1188 66.9713 66.9713
1189 66.9713 66.9768
1190 66.9713 67.0248
1191 66.9713 67.0088
1192 66.9713 66.9716
1193 66.9713 67.1133
1194 66.9713 67.0357
1195 66.9713 66.9776
1196 66.9713 66.9713
1197 66.9713 66.9713
1198 66.9713 67.0099
1199 66.9713 67.2674
1200 66.9713 66.9886
1201 66.9713 66.9713
1202 66.9713 66.9938
1203 66.9713 67.024
1204 66.9713 66.9975
1205 66.9713 67.1795
1206 66.9713 67.0315
1207 66.9713 67.0389
1208 66.9713 67.0411
1209 66.9713 66.9992
1210 66.9713 67.004
1211 66.9713 67.0081
1212 66.9713 67.0098
1213 66.9713 66.9737
1214 66.9713 67.0126
1215 66.9713 67.0462
1216 66.9713 67.0514
1217 66.9713 66.9977
1218 66.9713 66.9713
1219 66.9713 67.0421
1220 66.9713 67.017
1221 66.9713 66.9713
1222 66.9713 67.0938
1223 66.9713 67.0824
1224 66.9713 67.0416
1225 66.9713 67.2796
1226 66.9713 67.0114
1227 66.9713 67.0382
1228 66.9713 67.0087
1229 66.9713 67.1691
1230 66.9713 67.1046
1231 66.9713 67.0371
1232 66.9713 67.007
1233 66.9713 67.0613
1234 66.9713 67.2464
1235 66.9713 67
1236 66.9713 67.0155
1237 66.9713 66.9899
1238 66.9713 66.9713
1239 66.9713 66.9713
1240 66.9713 67.0209
1241 66.9713 67.0159
1242 66.9713 66.9713
1243 66.9713 66.9807
1244 66.9713 66.9713
1245 66.9713 66.9713
1246 66.9713 66.9814
1247 66.9713 67.1022
1248 66.9713 67.0993
1249 66.9713 67.1919
1250 66.9713 66.9816
1251 66.9713 66.9713
1252 66.9713 66.9713
1253 66.9713 67.065
1254 66.9713 66.9713
1255 66.9713 66.9713
1256 66.9713 67.124
1257 66.9713 67.185
1258 66.9713 67.0257
1259 66.9713 66.9795
1260 66.9713 67.2104
1261 66.9713 67.0255
1262 66.9713 67.0755
1263 66.9713 66.9737
1264 66.9713 67.0004
1265 66.9713 66.9734
1266 66.9713 66.9713
1267 66.9713 66.9769
1268 66.9713 66.9713
1269 66.9713 66.9846
1270 66.9713 66.9713
1271 66.9713 66.9824
1272 66.9713 66.9713
1273 66.9713 66.9713
1274 66.9713 66.9713
1275 66.9713 67.0072
1276 66.9713 66.9775
1277 66.9713 67.0672
1278 66.9713 67.0702
1279 66.9713 67.0589
1280 66.9713 66.9765
1281 66.9713 66.9725
1282 66.9713 66.9713
1283 66.9713 66.9957
1284 66.9713 66.9713
1285 66.9713 66.9752
1286 66.9713 67.0399
1287 66.9713 66.9894
1288 66.9713 67.0356
1289 66.9713 67.0501
1290 66.9713 66.9734
1291 66.9713 66.9713
1292 66.9713 66.9713
1293 66.9713 66.9724
1294 66.9713 66.9713
1295 66.9713 67.0475
1296 66.9713 67.0598
1297 66.9713 66.9713
1298 66.9713 66.9878
1299 66.9713 67.0065
1300 66.9713 67.1118
1301 66.9713 67.009
1302 66.9713 66.9909
1303 66.9713 67.0379
1304 66.9713 66.9713
1305 66.9713 66.9888
1306 66.9713 67.3425
1307 66.9713 67.1688
1308 66.9713 67.2077
1309 66.9713 67.0877
1310 66.9713 67.0436
1311 66.9713 67.0206
1312 66.9713 67.0762
1313 66.9713 67.1537
1314 66.9713 67.2652
1315 66.9713 67.4559
1316 66.9713 67.3071
1317 66.9713 67.0056
1318 66.9713 66.9864
1319 66.9713 67.0446
1320 66.9713 66.9756
1321 66.9713 66.9713
1322 66.9713 67.1251
1323 66.9713 67.1163
1324 66.9713 67.0748
1325 66.9713 66.9713
1326 66.9713 66.9885
1327 66.9713 67.0291
1328 66.9713 66.983
1329 66.9713 66.9713
1330 66.9713 66.9713
1331 66.9713 66.9819
1332 66.9713 66.9713
1333 66.9713 66.9713
1334 66.9713 67.0053
1335 66.9713 66.9802
1336 66.9713 67.1928
1337 66.9713 67.0605
1338 66.9713 67.1838
1339 66.9713 66.9926
1340 66.9713 67.1043
1341 66.9713 67.0384
1342 66.9713 67.1848
1343 66.9713 67.0803
1344 66.9713 67.1602
1345 66.9713 67.068
1346 66.9713 67.0082
1347 66.9713 67.102
1348 66.9713 66.9718
1349 66.9713 67.0421
1350 66.8256 67.0162
1351 66.8256 67.0133
1352 66.8256 67.0727
1353 66.8256 66.8906
1354 66.8256 66.8281
1355 66.8256 66.9972
1356 66.8256 66.909
1357 66.8256 66.8256
1358 66.8256 66.8515
1359 66.8256 66.8256
1360 66.8256 66.8256
1361 66.8256 66.8256
1362 66.8256 66.8256
1363 66.8256 66.8563
1364 66.8256 66.8266
1365 66.8256 66.8355
1366 66.8256 66.8913
1367 66.8256 66.8269
1368 66.8256 66.8256
1369 66.8256 66.9496
1370 66.8256 66.9882
1371 66.8256 66.9128
1372 66.8256 66.9631
1373 66.8256 67.0371
1374 66.8256 67.0332
1375 66.8256 66.9353
1376 66.8256 66.9684
1377 66.8256 66.8926
1378 66.8256 66.9818
1379 66.8256 67.0052
1380 66.8256 66.883
1381 66.8256 66.8774
1382 66.8256 66.8934
1383 66.8256 66.8507
1384 66.8256 66.9281
1385 66.8256 67.0819
1386 66.8256 66.945
1387 66.8256 66.9667
1388 66.8256 66.856
1389 66.8256 66.8256
1390 66.8256 66.9892
1391 66.8256 66.8673
1392 66.8256 66.8256
1393 66.8256 66.9667
1394 66.8256 67.1604
1395 66.8256 66.9936
1396 66.8256 66.8346
1397 66.8256 66.8304
1398 66.8256 66.8735
1399 66.8256 66.8917
1400 66.8256 66.8256
1401 66.8256 66.8256
1402 66.8256 66.8256
1403 66.8256 66.8694
1404 66.8256 66.8256
1405 66.8256 66.8294
1406 66.8256 66.8846
1407 66.8256 66.8257
1408 66.8256 66.8256
1409 66.8256 66.8281
1410 66.8256 66.8318
1411 66.8256 66.8256
1412 66.8256 66.8276
1413 66.8256 67.0427
1414 66.8256 66.8847
1415 66.8256 66.8256
1416 66.8256 66.8256
1417 66.8256 66.8376
1418 66.8256 66.8256
1419 66.8256 67.0409
1420 66.8256 66.9212
1421 66.8256 66.8734
1422 66.8256 66.8983
1423 66.8256 67.0114
1424 66.8256 66.973
1425 66.8256 66.924
1426 66.8256 66.9213
1427 66.8256 66.8723
1428 66.8256 66.8786
1429 66.8256 66.8302
1430 66.8256 66.8606
1431 66.8256 66.917
1432 66.8256 66.9352
1433 66.8256 66.8272
1434 66.8256 67.1124
1435 66.8256 67.1967
1436 66.8256 66.9525
1437 66.8256 66.865
1438 66.8256 66.8493
1439 66.8256 66.9187
1440 66.8256 67.0105
1441 66.8256 66.8256
1442 66.8256 66.8256
1443 66.8256 66.8256
1444 66.8256 66.8312
1445 66.8256 66.8256
1446 66.8256 66.8273
1447 66.8256 66.8628
1448 66.8256 66.8768
1449 66.8256 66.9135
1450 66.8256 67.0176
1451 66.8256 66.8582
1452 66.8256 66.8366
1453 66.8256 66.87
1454 66.8256 66.8256
1455 66.8256 66.8423
1456 66.8256 66.8939
1457 66.8256 66.8668
1458 66.8256 67.0312
1459 66.8256 66.956
1460 66.8256 66.9115
1461 66.8256 66.8266
1462 66.8256 66.9388
1463 66.8256 66.9045
1464 66.8256 66.8852
1465 66.8256 66.8256
1466 66.8256 66.9879
1467 66.8256 66.8256
1468 66.8256 66.8256
1469 66.8256 66.9721
1470 66.8256 66.8256
1471 66.8256 66.8257
1472 66.8256 66.8438
1473 66.8256 66.8302
1474 66.8256 66.8256
1475 66.8256 66.8434
1476 66.8256 66.8272
1477 66.8256 66.8512
1478 66.8256 66.8888
1479 66.8256 66.911
1480 66.8256 66.8276
1481 66.8256 66.9213
1482 66.8256 66.8565
1483 66.8256 66.8256
1484 66.8256 66.8311
1485 66.8256 66.843
1486 66.8256 66.9434
1487 66.8256 66.8544
1488 66.8256 66.8969
1489 66.8256 66.8673
1490 66.8256 66.8256
1491 66.8256 66.8292
1492 66.8256 66.853
1493 66.8256 66.9
1494 66.8256 67.0958
1495 66.8256 66.9014
1496 66.8256 66.8256
1497 66.8256 66.8256
1498 66.8256 66.8256
1499 66.8256 66.8777
1500 66.8256 66.927
1501 66.8256 66.9059
1502 66.8256 67.0645
1503 66.8256 67.0494
1504 66.8256 66.9307
1505 66.8256 66.877
1506 66.8256 66.8289
1507 66.8256 66.9204
1508 66.8256 66.9962
1509 66.8256 66.8831
1510 66.8256 66.8256
1511 66.8256 66.8256
1512 66.8256 66.8256
1513 66.8256 66.8262
1514 66.8256 66.8281
1515 66.8256 66.8256
1516 66.8256 66.8256
1517 66.8256 66.9401
1518 66.8256 67.1067
1519 66.8256 66.8894
1520 66.8256 66.9155
1521 66.8256 66.8354
1522 66.8256 66.8685
1523 66.8256 67.0297
1524 66.8256 67.0453
1525 66.8256 67.0492
1526 66.8256 67.1365
1527 66.8256 66.8342
1528 66.8256 66.8686
1529 66.8256 66.8293
1530 66.8256 66.8256
1531 66.8256 66.9206
1532 66.8256 66.885
1533 66.8256 66.8256
1534 66.8256 66.8324
1535 66.8256 66.8429
1536 66.8256 66.8256
1537 66.8256 66.834
1538 66.8256 67.0444
1539 66.8256 67.0233
1540 66.8256 66.9615
1541 66.8256 67.0608
1542 66.8256 66.8972
1543 66.8256 66.9074
1544 66.8256 66.8614
1545 66.8256 66.8906
1546 66.8256 66.9632
1547 66.8256 66.9337
1548 66.8256 66.944
1549 66.8256 67.0556
1550 66.8256 67.0084
1551 66.8256 67.1214
1552 66.8256 66.8795
1553 66.8256 66.8865
1554 66.8256 66.9732
1555 66.8256 66.911
1556 66.8256 66.9559
1557 66.8256 66.904
1558 66.8256 66.8272
1559 66.8256 66.8274
1560 66.8256 66.9282
1561 66.8256 66.8763
1562 66.8256 66.8259
1563 66.8256 66.9602
1564 66.8256 66.8631
1565 66.8256 66.8571
1566 66.8256 66.8256
1567 66.8256 66.9093
1568 66.8256 66.8256
1569 66.8256 66.8332
1570 66.8256 66.8332
1571 66.8256 66.9385
1572 66.8256 66.9153
1573 66.8256 67.0146
1574 66.8256 67.1314
1575 66.8256 67.3093
1576 66.8256 66.8364
1577 66.8256 66.8385
1578 66.8256 66.8528
1579 66.8256 66.8598
1580 66.8256 66.834
1581 66.8256 66.877
1582 66.8256 66.9131
1583 66.8256 66.9564
1584 66.8256 67.0402
1585 66.8256 66.8344
1586 66.8256 66.8256
1587 66.8256 66.9483
1588 66.8256 66.8688
1589 66.8256 66.9091
1590 66.8256 67.1881
1591 66.8256 67.1793
1592 66.8256 66.9683
1593 66.8256 66.8443
1594 66.8256 66.8256
1595 66.8256 66.8256
1596 66.8256 66.8256
1597 66.8256 66.8782
1598 66.8256 66.8682
1599 66.8256 66.8256
1600 66.8256 66.8256
1601 66.8256 66.8256
1602 66.8256 66.8256
1603 66.8256 66.9614
1604 66.8256 66.8256
1605 66.8256 66.8256
1606 66.8256 66.8469
1607 66.8256 66.8381
1608 66.8256 66.8818
1609 66.8256 66.992
1610 66.8256 66.9554
1611 66.8256 67.0754
1612 66.8256 66.8734
1613 66.8256 66.8309
1614 66.8256 66.9705
1615 66.8256 67.0664
1616 66.8256 67.0054
1617 66.8256 67.0425
1618 66.8256 66.923
1619 66.8256 66.9161
1620 66.8256 67.1103
1621 66.8256 66.8381
1622 66.8256 66.9936
1623 66.8256 66.8256
1624 66.8256 66.8478
1625 66.8256 67.0245
1626 66.8256 66.8624
1627 66.8256 67.1434
1628 66.8256 66.8634
1629 66.8256 66.8256
1630 66.8256 66.8256
1631 66.8256 66.8336
1632 66.8256 66.9038
1633 66.8256 66.833
1634 66.8256 66.8256
1635 66.8256 66.8256
1636 66.8256 66.8256
1637 66.8256 66.8256
1638 66.8256 66.8783
1639 66.8256 66.8533
1640 66.8256 66.8539
1641 66.8256 66.8374
1642 66.8256 66.8256
1643 66.8256 66.8265
1644 66.8256 66.9484
1645 66.8256 67.2553
1646 66.8256 66.9488
1647 66.8256 66.9292
1648 66.8256 66.8982
1649 66.8256 66.8567
1650 66.8256 66.885
1651 66.8256 66.8548
1652 66.8256 66.8256
1653 66.8256 66.8256
1654 66.8256 66.8256
1655 66.8256 66.8922
1656 66.8256 66.895
1657 66.8256 66.9273
1658 66.8256 66.8473
1659 66.8256 66.8256
1660 66.8256 66.9162
1661 66.8256 66.9824
1662 66.8256 66.8644
1663 66.8256 66.8256
1664 66.8256 66.8256
1665 66.8256 66.8256
1666 66.8256 66.8296
1667 66.8256 66.9111
1668 66.8256 66.8256
1669 66.8256 66.8256
1670 66.8256 66.8256
1671 66.8256 66.8285
1672 66.8256 66.8256
1673 66.8256 66.8256
1674 66.8256 66.8256
1675 66.8256 66.8256
1676 66.8256 66.8256
1677 66.8256 66.8362
1678 66.8256 66.8256
1679 66.8256 66.8896
1680 66.8256 67.0227
1681 66.8256 66.8371
1682 66.8256 66.846
1683 66.8256 66.924
1684 66.8256 66.8886
1685 66.8256 66.837
1686 66.8256 66.8628
1687 66.8256 67.1908
1688 66.8256 67.0814
1689 66.8256 66.8405
1690 66.8256 66.8342
1691 66.8256 66.8256
1692 66.8256 66.8256
1693 66.8256 66.8334
1694 66.8256 66.8369
1695 66.8256 66.8256
1696 66.8256 66.8256
1697 66.8256 66.8321
1698 66.8256 66.8559
1699 66.8256 66.8306
1700 66.8256 66.8454
1701 66.8256 66.9338
1702 66.8256 67.1024
1703 66.8256 66.9671
1704 66.8256 66.8663
1705 66.8256 66.8299
1706 66.8256 66.8256
1707 66.8256 66.862
1708 66.8256 66.8964
1709 66.8256 67.0888
1710 66.8256 66.9865
1711 66.8256 66.8256
1712 66.8256 66.8256
1713 66.8256 66.8256
1714 66.8256 66.8256
1715 66.8256 66.8296
1716 66.8256 67.0359
1717 66.8256 66.9869
1718 66.8256 67.2646
1719 66.8256 66.9317
1720 66.8256 66.9026
1721 66.8256 66.8357
1722 66.8256 66.8319
1723 66.8256 66.8311
1724 66.8256 67.1102
1725 66.8256 66.9594
1726 66.8256 66.8256
1727 66.8256 66.8256
1728 66.8256 66.8419
1729 66.8256 66.8548
1730 66.8256 66.8256
1731 66.8256 66.8256
1732 66.8256 66.8279
1733 66.8256 66.8687
1734 66.8256 66.8618
1735 66.8256 66.8506
1736 66.8256 66.8942
1737 66.8256 66.8797
1738 66.8256 67.0302
1739 66.8256 66.8256
1740 66.8256 66.8256
1741 66.8256 66.8256
1742 66.8256 66.8715
1743 66.8256 66.8256
1744 66.8256 66.8256
1745 66.8256 66.8256
1746 66.8256 66.8256
1747 66.8256 66.8498
1748 66.8256 67.0033
1749 66.8256 66.9924
1750 66.8256 66.8779
1751 66.8256 66.997
1752 66.8256 66.8776
1753 66.8256 66.8446
1754 66.8256 66.8256
1755 66.8256 66.8655
1756 66.8256 66.8768
1757 66.8256 66.8317
1758 66.8256 66.8416
1759 66.8256 66.8256
1760 66.8256 66.8256
1761 66.8256 66.8256
1762 66.8256 66.9499
1763 66.8256 66.8534
1764 66.8256 66.9189
1765 66.8256 66.9041
1766 66.8256 66.9065
1767 66.8256 66.9763
1768 66.8256 66.8256
1769 66.8256 66.8256
1770 66.8256 66.8256
1771 66.8256 66.8423
1772 66.8256 66.8586
1773 66.8256 66.8256
1774 66.8256 66.9561
1775 66.8256 67.0811
1776 66.8256 66.9167
1777 66.8256 67.16
1778 66.8256 66.8523
1779 66.8256 66.8737
1780 66.8256 66.8466
1781 66.8256 67.0058
1782 66.8256 66.9378
1783 66.8256 66.8642
1784 66.8256 66.9483
1785 66.8256 67.0177
1786 66.8256 66.8982
1787 66.8256 66.8939
1788 66.8256 66.8347
1789 66.8256 67.079
1790 66.8256 66.9259
1791 66.8256 66.8842
1792 66.8256 66.8885
1793 66.8256 66.8547
1794 66.8256 67.0588
1795 66.8256 66.8617
1796 66.8256 67.0701
1797 66.8256 67.0578
1798 66.8256 67.3272
1799 66.8256 66.8982
1800 66.8256 66.8256
1801 66.8256 66.841
1802 66.8256 66.8355
1803 66.8256 66.9204
1804 66.8256 66.9469
1805 66.8256 66.9216
1806 66.8256 66.9104
1807 66.8256 66.9573
1808 66.8256 67.1438
1809 66.8256 66.85
1810 66.8256 66.8663
1811 66.8256 66.8256
1812 66.8256 66.8605
1813 66.8256 66.9374
1814 66.8256 66.9373
1815 66.8256 66.9331
1816 66.8256 66.8269
1817 66.8256 66.8256
1818 66.8256 66.8377
1819 66.8256 66.8266
1820 66.8256 66.8679
1821 66.8256 66.8891
1822 66.8256 66.8374
1823 66.8256 66.8432
1824 66.8256 66.8608
1825 66.8256 66.9204
1826 66.8256 66.86
1827 66.8256 67.1667
1828 66.8256 66.9785
1829 66.8256 66.9058
1830 66.8256 66.9275
1831 66.8256 67.2237
1832 66.8256 66.9239
1833 66.8256 66.9921
1834 66.8256 66.8623
1835 66.8256 66.8256
1836 66.8256 66.8654
1837 66.8256 66.8256
1838 66.8256 66.8256
1839 66.8256 66.8688
1840 66.8256 67.0755
1841 66.8256 66.8257
1842 66.8256 66.8434
1843 66.8256 66.8532
1844 66.8256 66.9408
1845 66.8256 66.8648
1846 66.8256 66.9176
1847 66.8256 66.9615
1848 66.8256 66.9251
1849 66.8256 67.0563
1850 66.8256 66.9165
1851 66.8256 66.8533
1852 66.8256 66.8376
1853 66.8256 66.8256
1854 66.8256 66.8256
1855 66.8256 66.8256
1856 66.8256 66.9087
1857 66.8256 66.8256
1858 66.8256 66.834
1859 66.8256 66.9148
1860 66.8256 66.8319
1861 66.8256 66.8639
1862 66.8256 67.0978
1863 66.8256 66.8438
1864 66.8256 66.9009
1865 66.8256 66.8996
1866 66.8256 66.9172
1867 66.8256 66.8873
1868 66.8256 66.8938
1869 66.8256 67.0662
1870 66.8256 66.9807
1871 66.8256 66.8407
1872 66.8256 66.9675
1873 66.8256 66.9396
1874 66.8256 67.2805
1875 66.8256 67.0436
1876 66.8256 66.9505
1877 66.8256 66.9059
1878 66.8256 66.8706
1879 66.8256 66.843
1880 66.8256 67.0514
1881 66.8256 66.8749
1882 66.8256 66.8725
1883 66.8256 66.9997
1884 66.8256 66.8256
1885 66.8256 66.8256
1886 66.8256 67.0826
1887 66.8256 66.9753
1888 66.8256 67.2973
1889 66.8256 67.0733
1890 66.8256 67.0039
1891 66.8256 67.0009
1892 66.8256 66.846
1893 66.8256 67.0508
1894 66.8256 66.9661
1895 66.8256 66.8256
1896 66.8256 66.841
1897 66.8256 66.8292
1898 66.8256 66.8256
1899 66.8256 66.8256
1900 66.8256 66.8826
1901 66.8256 66.8256
1902 66.8256 66.8256
1903 66.8256 66.8286
1904 66.8256 66.9993
1905 66.8256 66.8574
1906 66.8256 66.9611
1907 66.8256 66.8256
1908 66.8256 66.8371
1909 66.8256 66.8831
1910 66.8256 67.1149
1911 66.8256 66.8367
1912 66.8256 66.8256
1913 66.8256 66.8924
1914 66.8256 66.849
1915 66.8256 66.9571
1916 66.8256 66.9071
1917 66.8256 66.8256
1918 66.8256 66.8256
1919 66.8256 66.8355
1920 66.8256 66.827
1921 66.8256 66.8256
1922 66.8256 66.8346
1923 66.8256 66.8256
1924 66.8256 66.8578
1925 66.8256 66.8256
1926 66.8256 66.9045
1927 66.8256 66.8746
1928 66.8256 66.8256
1929 66.8256 66.8256
1930 66.8256 66.8278
1931 66.8256 66.9097
1932 66.8256 66.9812
1933 66.8256 66.8957
1934 66.8256 66.9249
1935 66.8256 66.9666
1936 66.8256 66.8329
1937 66.8256 66.8738
1938 66.8256 66.9103
1939 66.8256 66.8443
1940 66.8256 66.8366
1941 66.8256 66.842
1942 66.8256 67.2663
1943 66.8256 66.9773
1944 66.8256 66.9369
1945 66.8256 66.8684
1946 66.8256 66.8256
1947 66.8256 66.835
1948 66.8256 66.9808
1949 66.8256 67.0328
1950 66.6123 66.9049
1951 66.6123 66.8785
1952 66.6123 66.6989
1953 66.6123 66.6258
1954 66.6123 66.613
1955 66.6123 66.7228
1956 66.6123 66.6693
1957 66.6123 66.6814
1958 66.6123 66.6178
1959 66.6123 66.6257
1960 66.6123 66.6124
1961 66.6123 66.8038
1962 66.6123 66.634
1963 66.6123 66.6497
1964 66.6123 66.6248
1965 66.6123 66.6266
1966 66.6123 66.6331
1967 66.6123 66.6123
1968 66.6123 66.6136
1969 66.6123 66.6232
1970 66.6123 66.6384
1971 66.6123 66.6123
1972 66.6123 66.6123
1973 66.6123 66.6123
1974 66.6123 66.6123
1975 66.6123 66.6123
1976 66.6123 66.6123
1977 66.6123 66.6123
1978 66.6123 66.6123
1979 66.6123 66.6184
1980 66.6123 66.6123
1981 66.6123 66.6525
1982 66.6123 66.6529
1983 66.6123 66.6408
1984 66.6123 66.6663
1985 66.6123 66.6359
1986 66.6123 66.947
1987 66.6123 66.8122
1988 66.6123 66.6176
1989 66.6123 66.6814
1990 66.6123 66.7666
1991 66.6123 66.6366
1992 66.6123 66.9314
1993 66.6123 66.6682
1994 66.6123 66.7635
1995 66.6123 66.772
1996 66.6123 66.8335
1997 66.6123 66.6123
1998 66.6123 66.6832
1999 66.6123 66.679
2000 66.6123 66.6123
2001 66.6123 66.6123
2002 66.6123 66.6123
2003 66.6123 66.6295
2004 66.6123 66.7026
2005 66.6123 66.665
2006 66.6123 66.7952
2007 66.6123 66.979
2008 66.6123 67.0479
2009 66.6123 66.7205
2010 66.6123 66.6123
2011 66.6123 66.6511
2012 66.6123 66.6471
2013 66.6123 66.628
2014 66.6123 66.6123
2015 66.6123 66.8043
2016 66.6123 66.7163
2017 66.6123 66.6379
2018 66.6123 66.9548
2019 66.6123 66.6611
2020 66.6123 66.6123
2021 66.6123 66.623
2022 66.6123 66.6206
2023 66.6123 66.6372
2024 66.6123 66.7636
2025 66.6123 66.848
2026 66.6123 66.6123
2027 66.6123 66.6294
2028 66.6123 66.6123
2029 66.6123 66.6165
2030 66.6123 66.6123
2031 66.6123 66.6382
2032 66.6123 66.6338
2033 66.6123 66.6123
2034 66.6123 66.6377
2035 66.6123 66.6123
2036 66.6123 66.6159
2037 66.6123 66.6175
2038 66.6123 66.6494
2039 66.6123 66.6123
2040 66.6123 66.7024
2041 66.6123 66.6137
2042 66.6123 66.6304
2043 66.6123 66.7391
2044 66.6123 66.6125
2045 66.6123 66.6285
2046 66.6123 66.6123
2047 66.6123 66.7817
2048 66.6123 66.6535
2049 66.6123 66.6123
2050 66.6123 66.618
2051 66.6123 66.6328
2052 66.6123 66.8351
2053 66.6123 66.8053
2054 66.6123 66.7318
2055 66.6123 66.7371
2056 66.6123 66.7353
2057 66.6123 66.7446
2058 66.6123 66.6409
2059 66.6123 66.6123
2060 66.6123 66.6483
2061 66.6123 66.6681
2062 66.6123 66.709
2063 66.6123 66.6123
2064 66.6123 66.6222
2065 66.6123 66.6187
2066 66.6123 66.7624
2067 66.6123 66.8371
2068 66.6123 67.0606
2069 66.6123 66.6591
2070 66.6123 66.927
2071 66.6123 66.8573
2072 66.6123 66.7192
2073 66.6123 66.894
2074 66.6123 67.1696
2075 66.6123 66.7787
2076 66.6123 66.9927
2077 66.6123 66.7412
2078 66.6123 66.6429
2079 66.6123 66.6123
2080 66.6123 66.7626
2081 66.6123 66.6123
2082 66.6123 66.6139
2083 66.6123 66.7209
2084 66.6123 66.7059
2085 66.6123 66.6981
2086 66.6123 67.1581
2087 66.6123 66.7505
2088 66.6123 66.7129
2089 66.6123 66.6126
2090 66.6123 66.7139
2091 66.6123 66.6813
2092 66.6123 66.6529
2093 66.6123 66.6272
2094 66.6123 66.6387
2095 66.6123 66.6322
2096 66.6123 66.6123
2097 66.6123 66.6141
2098 66.6123 66.6123
2099 66.6123 66.6123
2100 66.6123 66.6234
2101 66.6123 66.6123
2102 66.6123 66.618
2103 66.6123 66.6124
2104 66.6123 66.6123
2105 66.6123 66.6944
2106 66.6123 66.6123
2107 66.6123 66.6123
2108 66.6123 66.6393
2109 66.6123 66.723
2110 66.6123 66.7942
2111 66.6123 66.6596
2112 66.6123 66.7169
2113 66.6123 66.862
2114 66.6123 66.9432
2115 66.6123 66.9219
2116 66.6123 66.8198
2117 66.6123 66.6743
2118 66.6123 66.6881
2119 66.6123 66.8343
2120 66.6123 66.9173
2121 66.6123 66.6123
2122 66.6123 66.618
2123 66.6123 66.6155
2124 66.6123 66.6594
2125 66.6123 66.7501
2126 66.6123 66.799
2127 66.6123 66.6655
2128 66.6123 66.6777
2129 66.6123 66.6149
2130 66.6123 66.7178
2131 66.6123 66.6137
2132 66.6123 66.6627
2133 66.6123 66.8093
2134 66.6123 66.9188
2135 66.6123 66.6774
2136 66.6123 66.6334
2137 66.6123 66.6216
2138 66.6123 66.6467
2139 66.6123 66.6467
2140 66.6123 66.682
2141 66.6123 66.6299
2142 66.6123 66.6818
2143 66.6123 66.6172
2144 66.6123 66.8034
2145 66.6123 66.6283
2146 66.6123 66.6172
2147 66.6123 66.6988
2148 66.6123 66.6263
2149 66.6123 66.6123
2150 66.6123 66.7035
2151 66.6123 66.6123
2152 66.6123 66.6123
2153 66.6123 66.6454
2154 66.6123 66.6297
2155 66.6123 66.6267
2156 66.6123 66.6123
2157 66.6123 66.6471
2158 66.6123 66.6521
2159 66.6123 66.6123
2160 66.6123 66.7121
2161 66.6123 66.7145
2162 66.6123 66.6123
2163 66.6123 66.6123
2164 66.6123 66.616
2165 66.6123 66.6255
2166 66.6123 66.677
2167 66.6123 66.6217
2168 66.6123 66.6251
2169 66.6123 66.636
2170 66.6123 66.6797
2171 66.6123 66.6183
2172 66.6123 66.6123
2173 66.6123 66.7653
2174 66.6123 66.6551
2175 66.6123 66.6159
2176 66.6123 66.6815
2177 66.6123 66.7531
2178 66.6123 66.762
2179 66.6123 66.7634
2180 66.6123 66.7253
2181 66.6123 66.6988
2182 66.6123 66.6186
2183 66.6123 66.6123
2184 66.6123 66.6212
2185 66.6123 66.617
2186 66.6123 66.6123
2187 66.6123 66.6622
2188 66.6123 66.7611
2189 66.6123 66.6123
2190 66.6123 66.6207
2191 66.6123 66.6123
2192 66.6123 66.7008
2193 66.6123 66.6616
2194 66.6123 66.6123
2195 66.6123 66.6329
2196 66.6123 66.6123
2197 66.6123 66.6437
2198 66.6123 66.6251
2199 66.6123 66.8147
2200 66.6123 66.7447
2201 66.6123 66.6927
2202 66.6123 66.6319
2203 66.6123 66.699
2204 66.6123 66.7854
2205 66.6123 66.6123
2206 66.6123 66.6123
2207 66.6123 66.6123
2208 66.6123 66.6786
2209 66.6123 66.777
2210 66.6123 66.7335
2211 66.6123 66.6704
2212 66.6123 66.6165
2213 66.6123 66.6123
2214 66.6123 66.6123
2215 66.6123 66.8139
2216 66.6123 66.8423
2217 66.6123 66.6438
2218 66.6123 66.7459
2219 66.6123 66.6698
2220 66.6123 66.7045
2221 66.6123 66.652
2222 66.6123 66.6123
2223 66.6123 66.7577
2224 66.6123 66.6123
2225 66.6123 66.6216
2226 66.6123 66.6271
2227 66.6123 66.6532
2228 66.6123 66.628
2229 66.6123 66.6123
2230 66.6123 66.6673
2231 66.6123 66.7391
2232 66.6123 66.9657
2233 66.6123 66.7932
2234 66.6123 66.6251
2235 66.6123 66.6131
2236 66.6123 66.6155
2237 66.6123 66.656
2238 66.6123 66.7764
2239 66.6123 66.8748
2240 66.6123 66.6998
2241 66.6123 66.6123
2242 66.6123 66.6131
2243 66.6123 66.6123
2244 66.6123 66.683
2245 66.6123 66.7458
2246 66.6123 66.6123
2247 66.6123 66.7
2248 66.6123 66.6133
2249 66.6123 66.6404
2250 66.6123 66.7538
2251 66.6123 66.6529
2252 66.6123 66.6123
2253 66.6123 66.713
2254 66.6123 66.6994
2255 66.6123 66.8054
2256 66.6123 66.6637
2257 66.6123 66.6366
2258 66.6123 66.6347
2259 66.6123 66.7797
2260 66.6123 66.6242
2261 66.6123 66.6859
2262 66.6123 66.6346
2263 66.6123 66.613
2264 66.6123 66.6402
2265 66.6123 66.7569
2266 66.6123 66.7705
2267 66.6123 66.6309
2268 66.6123 66.6846
2269 66.6123 66.6349
2270 66.6123 66.6537
2271 66.6123 66.6659
2272 66.6123 66.6222
2273 66.6123 66.6613
2274 66.6123 66.9155
2275 66.6123 66.6507
2276 66.6123 66.6123
2277 66.6123 66.6529
2278 66.6123 66.6871
2279 66.6123 66.7263
2280 66.6123 66.7113
2281 66.6123 66.7042
2282 66.6123 66.6677
2283 66.6123 66.7088
2284 66.6123 66.793
2285 66.6123 66.7324
2286 66.6123 66.667
2287 66.6123 66.7284
2288 66.6123 66.6123
2289 66.6123 66.6811
2290 66.6123 66.6152
2291 66.6123 66.6921
2292 66.6123 66.7116
2293 66.6123 66.6123
2294 66.6123 66.6123
2295 66.6123 66.7032
2296 66.6123 66.9411
2297 66.6123 66.6771
2298 66.6123 66.6223
2299 66.6123 66.6273
2300 66.6123 66.6673
2301 66.6123 66.6624
2302 66.6123 66.6123
2303 66.6123 66.6404
2304 66.6123 66.6951
2305 66.6123 66.6131
2306 66.6123 66.613
2307 66.6123 66.6123
2308 66.6123 66.6123
2309 66.6123 66.6549
2310 66.6123 66.6808
2311 66.6123 66.6123
2312 66.6123 66.6123
2313 66.6123 66.6297
2314 66.6123 66.6235
2315 66.6123 66.6657
2316 66.6123 66.6388
2317 66.6123 66.6174
2318 66.6123 66.6634
2319 66.6123 66.6776
2320 66.6123 66.7182
2321 66.6123 66.7863
2322 66.6123 66.9545
2323 66.6123 66.7023
2324 66.6123 66.7033
2325 66.6123 66.6207
2326 66.6123 66.628
2327 66.6123 66.6985
2328 66.6123 66.6123
2329 66.6123 66.637
2330 66.6123 66.6123
2331 66.6123 66.6123
2332 66.6123 66.6668
2333 66.6123 66.9592
2334 66.6123 66.7533
2335 66.6123 66.6723
2336 66.6123 66.641
2337 66.6123 66.7577
2338 66.6123 66.8005
2339 66.6123 66.7127
2340 66.6123 66.7346
2341 66.6123 66.7203
2342 66.6123 66.6708
2343 66.6123 66.6728
2344 66.6123 66.6336
2345 66.6123 66.802
2346 66.6123 66.6503
2347 66.6123 66.6123
2348 66.6123 66.6123
2349 66.6123 66.6373
2350 66.6123 66.6123
2351 66.6123 66.6123
2352 66.6123 66.6471
2353 66.6123 66.6543
2354 66.6123 66.6848
2355 66.6123 66.6441
2356 66.6123 66.6973
2357 66.6123 66.7816
2358 66.6123 66.7156
2359 66.6123 66.6382
2360 66.6123 66.6383
2361 66.6123 66.6734
2362 66.6123 66.7014
2363 66.6123 66.6123
2364 66.6123 66.617
2365 66.6123 66.6123
2366 66.6123 66.6516
2367 66.6123 66.6286
2368 66.6123 66.6408
2369 66.6123 66.6515
2370 66.6123 66.721
2371 66.6123 66.712
2372 66.6123 66.6439
2373 66.6123 66.8017
2374 66.6123 66.6507
2375 66.6123 66.6123
2376 66.6123 66.7184
2377 66.6123 66.6577
2378 66.6123 66.7469
2379 66.6123 66.6337
2380 66.6123 66.6614
2381 66.6123 66.7296
2382 66.6123 67.0469
2383 66.6123 66.8433
2384 66.6123 66.7916
2385 66.6123 66.6628
2386 66.6123 66.6264
2387 66.6123 66.6757
2388 66.6123 66.7732
2389 66.6123 66.6442
2390 66.6123 66.7543
2391 66.6123 66.9035
2392 66.6123 66.7272
2393 66.6123 66.6652
2394 66.6123 66.6304
2395 66.6123 66.6751
2396 66.6123 66.6827
2397 66.6123 66.8985
2398 66.6123 66.6593
2399 66.6123 66.6722
2400 66.6123 66.7635
2401 66.6123 66.6123
2402 66.6123 66.6278
2403 66.6123 66.6754
2404 66.6123 66.6515
2405 66.6123 66.7174
2406 66.6123 66.6123
2407 66.6123 66.6123
2408 66.6123 66.6257
2409 66.6123 66.6123
2410 66.6123 66.6249
2411 66.6123 66.8103
2412 66.6123 66.8292
2413 66.6123 66.6431
2414 66.6123 66.825
2415 66.6123 66.784
2416 66.6123 66.7997
2417 66.6123 66.7624
2418 66.6123 66.9385
2419 66.6123 66.6241
2420 66.6123 66.6123
2421 66.6123 66.6154
2422 66.6123 66.6205
2423 66.6123 66.7702
2424 66.6123 66.6751
2425 66.6123 66.6511
2426 66.6123 66.6249
2427 66.6123 66.6123
2428 66.6123 66.6133
2429 66.6123 66.7248
2430 66.6123 66.9343
2431 66.6123 66.7
2432 66.6123 66.6939
2433 66.6123 66.6123
2434 66.6123 66.6328
2435 66.6123 66.6233
2436 66.6123 66.8579
2437 66.6123 66.8645
2438 66.6123 66.709
2439 66.6123 66.6289
2440 66.6123 66.6123
2441 66.6123 66.7591
2442 66.6123 66.6195
2443 66.6123 66.623
2444 66.6123 66.6123
2445 66.6123 66.6224
2446 66.6123 66.694
2447 66.6123 66.6988
2448 66.6123 66.6303
2449 66.6123 66.6568
2450 66.4952 66.5936
2451 66.4952 66.6337
2452 66.4952 66.8284
2453 66.4952 66.6064
2454 66.4952 66.5934
2455 66.4952 66.5525
2456 66.4952 66.5679
2457 66.4952 66.6189
2458 66.4952 66.7251
2459 66.4952 66.7899
2460 66.4952 66.8822
2461 66.4952 66.7238
2462 66.4952 66.4952
2463 66.4952 66.5926
2464 66.4952 66.4967
2465 66.4952 66.5242
2466 66.4952 66.4971
2467 66.4952 66.5203
2468 66.4952 66.4952
2469 66.4952 66.5009
2470 66.4952 66.5351
2471 66.4952 66.574
2472 66.4952 66.5415
2473 66.4952 66.5782
2474 66.4952 66.5334
2475 66.4952 66.5712
2476 66.4952 66.4952
2477 66.4952 66.4952
2478 66.4952 66.5584
2479 66.4952 66.5137
2480 66.4952 66.5018
2481 66.4952 66.6074
2482 66.4952 66.579
2483 66.4952 66.4952
2484 66.4952 66.5216
2485 66.4952 66.5315
2486 66.4952 66.5868
2487 66.4952 66.853
2488 66.4952 66.7019
2489 66.4952 66.6793
2490 66.4952 66.6251
2491 66.4952 66.7912
2492 66.4952 66.6616
2493 66.4952 66.4952
2494 66.4952 66.5255
2495 66.4952 66.6032
2496 66.4952 66.5726
2497 66.4952 66.507
2498 66.4952 66.5487
2499 66.4952 66.4963
2500 66.4952 66.5788
2501 66.4952 66.5242
2502 66.4952 66.5909
2503 66.4952 66.5566
2504 66.4952 66.5812
2505 66.4952 66.5194
2506 66.4952 66.6316
2507 66.4952 66.5283
2508 66.4952 66.5544
2509 66.4952 66.5287
2510 66.4952 66.5787
2511 66.4952 66.4967
2512 66.4952 66.4977
2513 66.4952 66.5975
2514 66.4952 66.5383
2515 66.4952 66.4952
2516 66.4952 66.4952
2517 66.4952 66.5808
2518 66.4952 66.5381
2519 66.4952 66.4979
2520 66.4952 66.7666
2521 66.4952 66.5526
2522 66.4952 66.497
2523 66.4952 66.4952
2524 66.4952 66.4952
2525 66.4952 66.4952
2526 66.4952 66.4952
2527 66.4952 66.4952
2528 66.4952 66.6042
2529 66.4952 66.5589
2530 66.4952 66.4985
2531 66.4952 66.5055
2532 66.4952 66.4952
2533 66.4952 66.6768
2534 66.4952 66.6011
2535 66.4952 66.4952
2536 66.4952 66.556
2537 66.4952 66.55
2538 66.4952 66.5428
2539 66.4952 66.62
2540 66.4952 66.5067
2541 66.4952 66.4952
2542 66.4952 66.518
2543 66.4952 66.5454
2544 66.4952 66.564
2545 66.4952 66.7066
2546 66.4952 66.5848
2547 66.4952 66.577
2548 66.4952 66.497
2549 66.4952 66.4952
2550 66.4952 66.4952
2551 66.4952 66.5157
2552 66.4952 66.7725
2553 66.4952 66.7923
2554 66.4952 66.7264
2555 66.4952 66.9761
2556 66.4952 66.6382
2557 66.4952 66.4984
2558 66.4952 66.5523
2559 66.4952 66.621
2560 66.4952 66.4968
2561 66.4952 66.5189
2562 66.4952 66.5661
2563 66.4952 66.5015
2564 66.4952 66.5163
2565 66.4952 66.6946
2566 66.4952 66.5791
2567 66.4952 66.4952
2568 66.4952 66.4952
2569 66.4952 66.4952
2570 66.4952 66.4962
2571 66.4952 66.4952
2572 66.4952 66.4981
2573 66.4952 66.5524
2574 66.4952 66.5848
2575 66.4952 66.5504
2576 66.4952 66.5371
2577 66.4952 66.5072
2578 66.4952 66.5317
2579 66.4952 66.7221
2580 66.4952 66.6306
2581 66.4952 66.5762
2582 66.4952 66.57
2583 66.4952 66.7445
2584 66.4952 66.8607
2585 66.4952 67.0973
2586 66.4952 66.6056
2587 66.4952 66.5046
2588 66.4952 66.71
2589 66.4952 66.5169
2590 66.4952 66.5865
2591 66.4952 66.5322
2592 66.4952 66.5331
2593 66.4952 66.5047
2594 66.4952 66.6297
2595 66.4952 66.5009
2596 66.4952 66.4952
2597 66.4952 66.5176
2598 66.4952 66.5379
2599 66.4952 66.6664
2600 66.4952 66.6406
2601 66.4952 66.6868
2602 66.4952 66.8828
2603 66.4952 66.5704
2604 66.4952 66.5813
2605 66.4952 66.5868
2606 66.4952 66.7013
2607 66.4952 66.7293
2608 66.4952 66.4952
2609 66.4952 66.6182
2610 66.4952 66.5094
2611 66.4952 66.4952
2612 66.4952 66.5062
2613 66.4952 66.5182
2614 66.4952 66.5279
2615 66.4952 66.5382
2616 66.4952 66.5576
2617 66.4952 66.5329
2618 66.4952 66.4952
2619 66.4952 66.4952
2620 66.4952 66.497
2621 66.4952 66.5382
2622 66.4952 66.4952
2623 66.4952 66.725
2624 66.4952 66.55
2625 66.4952 66.6327
2626 66.4952 66.7108
2627 66.4952 66.7538
2628 66.4952 67.324
2629 66.4952 66.7005
2630 66.4952 66.5813
2631 66.4952 66.6458
2632 66.4952 66.512
2633 66.4952 66.5941
2634 66.4952 66.5149
2635 66.4952 66.5492
2636 66.4952 66.5605
2637 66.4952 66.5868
2638 66.4952 66.4952
2639 66.4952 66.5005
2640 66.4952 66.5921
2641 66.4952 66.4952
2642 66.4952 66.4952
2643 66.4952 66.4952
2644 66.4952 66.496
2645 66.4952 66.4983
2646 66.4952 66.4952
2647 66.4952 66.7935
2648 66.4952 66.7926
2649 66.4952 66.4952
2650 66.4952 66.5712
2651 66.4952 66.5275
2652 66.4952 66.4952
2653 66.4952 66.5032
2654 66.4952 66.4952
2655 66.4952 66.4958
2656 66.4952 66.4952
2657 66.4952 66.499
2658 66.4952 66.5822
2659 66.4952 66.5418
2660 66.4952 66.6342
2661 66.4952 66.5152
2662 66.4952 66.5471
2663 66.4952 66.5172
2664 66.4952 66.669
2665 66.4952 66.5532
2666 66.4952 66.5694
2667 66.4952 66.5915
2668 66.4952 66.4952
2669 66.4952 66.5605
2670 66.4952 66.6055
2671 66.4952 66.5129
2672 66.4952 66.4952
2673 66.4952 66.498
2674 66.4952 66.8489
2675 66.4952 66.5061
2676 66.4952 66.4976
2677 66.4952 66.5135
2678 66.4952 66.5436
2679 66.4952 66.5263
2680 66.4952 66.5185
2681 66.4952 66.4952
2682 66.4952 66.4952
2683 66.4952 66.4952
2684 66.4952 66.4952
2685 66.4952 66.4952
2686 66.4952 66.4952
2687 66.4952 66.5054
2688 66.4952 66.5403
2689 66.4952 66.5077
2690 66.4952 66.6651
2691 66.4952 66.5189
2692 66.4952 66.5631
2693 66.4952 66.5441
2694 66.4952 66.5663
2695 66.4952 66.5136
2696 66.4952 66.5987
2697 66.4952 66.4952
2698 66.4952 66.7371
2699 66.4952 66.4975
2700 66.4952 66.5272
2701 66.4952 66.4953
2702 66.4952 66.5083
2703 66.4952 66.507
2704 66.4952 66.5
2705 66.4952 66.5013
2706 66.4952 66.5258
2707 66.4952 66.4952
2708 66.4952 66.4952
2709 66.4952 66.6213
2710 66.4952 66.5675
2711 66.4952 66.594
2712 66.4952 66.6731
2713 66.4952 66.5176
2714 66.4952 66.5196
2715 66.4952 66.4959
2716 66.4952 66.4959
2717 66.4952 66.5303
2718 66.4952 66.568
2719 66.4952 66.5051
2720 66.4952 66.5102
2721 66.4952 66.4952
2722 66.4952 66.501
2723 66.4952 66.5015
2724 66.4952 66.4952
2725 66.4952 66.4952
2726 66.4952 66.6529
2727 66.4952 66.5025
2728 66.4952 66.5858
2729 66.4952 66.5481
2730 66.4952 66.4952
2731 66.4952 66.4952
2732 66.4952 66.4952
2733 66.4952 66.4952
2734 66.4952 66.4952
2735 66.4952 66.6653
2736 66.4952 66.5937
2737 66.4952 66.5257
2738 66.4952 66.4952
2739 66.4952 66.4952
2740 66.4952 66.5284
2741 66.4952 66.4984
2742 66.4952 66.7011
2743 66.4952 66.7866
2744 66.4952 66.9346
2745 66.4952 66.7772
2746 66.4952 66.6006
2747 66.4952 66.6414
2748 66.4952 66.5922
2749 66.4952 66.656
2750 66.4952 66.5086
2751 66.4952 66.5057
2752 66.4952 66.4952
2753 66.4952 66.4952
2754 66.4952 66.5109
2755 66.4952 66.593
2756 66.4952 66.4952
2757 66.4952 66.4952
2758 66.4952 66.6757
2759 66.4952 66.4985
2760 66.4952 66.5317
2761 66.4952 66.5979
2762 66.4952 66.5189
2763 66.4952 66.4952
2764 66.4952 66.5523
2765 66.4952 66.5114
2766 66.4952 66.4952
2767 66.4952 66.5064
2768 66.4952 66.5007
2769 66.4952 66.6029
2770 66.4952 66.5313
2771 66.4952 66.5115
2772 66.4952 66.5006
2773 66.4952 66.5859
2774 66.4952 66.5393
2775 66.4952 66.4952
2776 66.4952 66.4952
2777 66.4952 66.4952
2778 66.4952 66.4952
2779 66.4952 66.4952
2780 66.4952 66.4952
2781 66.4952 66.4952
2782 66.4952 66.5859
2783 66.4952 66.574
2784 66.4952 66.5622
2785 66.4952 66.6606
2786 66.4952 66.5056
2787 66.4952 66.6436
2788 66.4952 66.5087
2789 66.4952 66.5544
2790 66.4952 66.812
2791 66.4952 66.6339
2792 66.4952 66.7483
2793 66.4952 66.5541
2794 66.4952 66.5439
2795 66.4952 66.621
2796 66.4952 66.4967
2797 66.4952 66.6135
2798 66.4952 66.5002
2799 66.4952 66.6367
2800 66.4952 66.5122
2801 66.4952 66.5336
2802 66.4952 66.7549
2803 66.4952 66.7325
2804 66.4952 66.8831
2805 66.4952 66.6959
2806 66.4952 66.5734
2807 66.4952 66.5235
2808 66.4952 66.6552
2809 66.4952 66.5608
2810 66.4952 66.5472
2811 66.4952 66.4952
2812 66.4952 66.6003
2813 66.4952 66.5383
2814 66.4952 66.6229
2815 66.4952 66.4987
2816 66.4952 66.5289
2817 66.4952 66.5395
2818 66.4952 66.4974
2819 66.4952 66.5428
2820 66.4952 66.4952
2821 66.4952 66.5646
2822 66.4952 66.5353
2823 66.4952 66.6091
2824 66.4952 66.6572
2825 66.4952 66.5919
2826 66.4952 66.4952
2827 66.4952 66.574
2828 66.4952 66.4952
2829 66.4952 66.528
2830 66.4952 66.5257
2831 66.4952 66.5096
2832 66.4952 66.4959
2833 66.4952 66.4952
2834 66.4952 66.4952
2835 66.4952 66.4952
2836 66.4952 66.4999
2837 66.4952 66.4955
2838 66.4952 66.4952
2839 66.4952 66.4952
2840 66.4952 66.4989
2841 66.4952 66.4952
2842 66.4952 66.4952
2843 66.4952 66.5367
2844 66.4952 66.5336
2845 66.4952 66.5144
2846 66.4952 66.5178
2847 66.4952 66.5603
2848 66.4952 66.5014
2849 66.4952 66.5551
2850 66.4952 66.8237
2851 66.4952 66.8582
2852 66.4952 66.6464
2853 66.4952 66.6022
2854 66.4952 66.5187
2855 66.4952 66.7107
2856 66.4952 66.6553
2857 66.4952 66.5156
2858 66.4952 66.5041
2859 66.4952 66.4952
2860 66.4952 66.4952
2861 66.4952 66.4952
2862 66.4952 66.4952
2863 66.4952 66.521
2864 66.4952 66.5636
2865 66.4952 66.6914
2866 66.4952 66.5234
2867 66.4952 66.4965
2868 66.4952 66.5322
2869 66.4952 66.4952
2870 66.4952 66.4952
2871 66.4952 66.5104
2872 66.4952 66.5545
2873 66.4952 66.5898
2874 66.4952 66.5435
2875 66.4952 66.6044
2876 66.4952 66.5367
2877 66.4952 66.4975
2878 66.4952 66.5108
2879 66.4952 66.4952
2880 66.4952 66.4952
2881 66.4952 66.5212
2882 66.4952 66.6254
2883 66.4952 66.5162
2884 66.4952 66.4952
2885 66.4952 66.5421
2886 66.4952 66.5109
2887 66.4952 66.4952
2888 66.4952 66.6025
2889 66.4952 66.6328
2890 66.4952 66.5986
2891 66.4952 66.5372
2892 66.4952 66.6229
2893 66.4952 66.991
2894 66.4952 66.7659
2895 66.4952 66.7486
2896 66.4952 66.5011
2897 66.4952 66.5023
2898 66.4952 66.5013
2899 66.4952 66.5725
2900 66.4952 66.5958
2901 66.4952 66.6228
2902 66.4952 66.5621
2903 66.4952 66.5372
2904 66.4952 66.5158
2905 66.4952 66.6573
2906 66.4952 66.5722
2907 66.4952 66.6269
2908 66.4952 66.6512
2909 66.4952 66.5009
2910 66.4952 66.5336
2911 66.4952 66.6091
2912 66.4952 66.5792
2913 66.4952 66.6156
2914 66.4952 66.6852
2915 66.4952 66.506
2916 66.4952 66.7788
2917 66.4952 66.5531
2918 66.4952 66.4952
2919 66.4952 66.5862
2920 66.4952 66.8583
2921 66.4952 66.7229
2922 66.4952 66.5023
2923 66.4952 66.521
2924 66.4952 66.5474
2925 66.4952 66.6009
2926 66.4952 66.5574
2927 66.4952 66.6143
2928 66.4952 66.7629
2929 66.4952 66.6064
2930 66.4952 66.5494
2931 66.4952 66.6729
2932 66.4952 66.5226
2933 66.4952 66.4952
2934 66.4952 66.4952
2935 66.4952 66.5101
2936 66.4952 66.6137
2937 66.4952 66.5462
2938 66.4952 66.4952
2939 66.4952 66.4991
2940 66.4952 66.4952
2941 66.4952 66.5394
2942 66.4952 66.4952
2943 66.4952 66.5088
2944 66.4952 66.5133
2945 66.4952 66.6806
2946 66.4952 66.5077
2947 66.4952 66.5262
2948 66.4952 66.4952
2949 66.4952 66.4952
2950 66.4952 66.501
2951 66.4952 66.4952
2952 66.4952 66.4952
2953 66.4952 66.4952
2954 66.4952 66.5117
2955 66.4952 66.5045
2956 66.4952 66.4952
2957 66.4952 66.5205
2958 66.4952 66.5677
2959 66.4952 66.5218
2960 66.4952 66.4958
2961 66.4952 66.4952
2962 66.4952 66.5391
2963 66.4952 66.5076
2964 66.4952 66.4952
2965 66.4952 66.5054
2966 66.4952 66.4952
2967 66.4952 66.516
2968 66.4952 66.4952
2969 66.4952 66.5014
2970 66.4952 66.5208
2971 66.4952 66.5066
2972 66.4952 66.6406
2973 66.4952 66.8988
2974 66.4952 66.6723
2975 66.4952 66.5441
2976 66.4952 66.4952
2977 66.4952 66.4952
2978 66.4952 66.4952
2979 66.4952 66.4977
2980 66.4952 66.4952
2981 66.4952 66.5143
2982 66.4952 66.4952
2983 66.4952 66.4971
2984 66.4952 66.4952
2985 66.4952 66.4952
2986 66.4952 66.7205
2987 66.4952 66.5782
2988 66.4952 66.5098
2989 66.4952 66.5028
2990 66.4952 66.5029
2991 66.4952 66.5026
2992 66.4952 66.5147
2993 66.4952 66.6877
2994 66.4952 66.5964
2995 66.4952 66.4952
2996 66.4952 66.6553
2997 66.4952 66.7484
2998 66.4952 66.6426
2999 66.4952 66.6084
3000 65.9145 66.4205
3001 65.9145 66.4597
3002 65.9145 66.2477
3003 65.9145 66.3258
3004 65.9145 66.294
3005 65.9145 66.1178
3006 65.9145 65.9145
3007 65.9145 66.0176
3008 65.9145 65.9145
3009 65.9145 65.9198
3010 65.9145 66.0161
3011 65.9145 65.9381
3012 65.9145 65.9948
3013 65.9145 65.9262
3014 65.9145 66.0208
3015 65.9145 66.0026
3016 65.9145 65.9839
3017 65.9145 66.1653
3018 65.9145 66.0801
3019 65.9145 66.0844
3020 65.9145 66.1086
3021 65.9145 66.0572
3022 65.9145 65.9145
3023 65.9145 66.1518
3024 65.9145 65.9145
3025 65.9145 65.9145
3026 65.9145 65.95
3027 65.9145 65.9372
3028 65.9145 65.9227
3029 65.9145 65.9145
3030 65.9145 65.9145
3031 65.9145 66.046
3032 65.9145 65.9234
3033 65.9145 65.9557
3034 65.9145 65.9419
3035 65.9145 65.9536
3036 65.9145 65.9385
3037 65.9145 66.0953
3038 65.9145 65.9946
3039 65.9145 66.1135
3040 65.9145 66.1222
3041 65.9145 65.9773
3042 65.9145 65.984
3043 65.9145 65.9266
3044 65.9145 65.9261
3045 65.9145 65.9839
3046 65.9145 65.9266
3047 65.9145 65.9145
3048 65.9145 65.9165
3049 65.9145 65.9196
3050 65.9145 65.9145
3051 65.9145 65.9574
3052 65.9145 65.967
3053 65.9145 65.9707
3054 65.9145 65.9212
3055 65.9145 66.0621
3056 65.9145 66.2912
3057 65.9145 66.1923
3058 65.9145 66.0233
3059 65.9145 65.9145
3060 65.9145 65.9145
3061 65.9145 65.9145
3062 65.9145 65.9145
3063 65.9145 65.9145
3064 65.9145 66.1426
3065 65.9145 65.9296
3066 65.9145 66.0433
3067 65.9145 65.9425
3068 65.9145 65.9204
3069 65.9145 65.9609
3070 65.9145 65.9145
3071 65.9145 65.9145
3072 65.9145 65.9145
3073 65.9145 65.9311
3074 65.9145 65.9468
3075 65.9145 66.074
3076 65.9145 65.9236
3077 65.9145 65.9145
3078 65.9145 65.9145
3079 65.9145 66.0417
3080 65.9145 65.9165
3081 65.9145 65.9154
3082 65.9145 65.9204
3083 65.9145 65.9278
3084 65.9145 66.0453
3085 65.9145 65.9183
3086 65.9145 66.0604
3087 65.9145 66.0859
3088 65.9145 65.9145
3089 65.9145 65.9797
3090 65.9145 66.0088
3091 65.9145 65.9917
3092 65.9145 66.0904
3093 65.9145 65.9675
3094 65.9145 66.0163
3095 65.9145 65.9283
3096 65.9145 65.9145
3097 65.9145 65.9182
3098 65.9145 65.9195
3099 65.9145 65.9155
3100 65.9145 65.9441
3101 65.9145 65.9664
3102 65.9145 65.9145
3103 65.9145 66.0551
3104 65.9145 65.9392
3105 65.9145 65.9145
3106 65.9145 65.9221
3107 65.9145 65.9967
3108 65.9145 65.9888
3109 65.9145 66.5052
3110 65.9145 66.215
3111 65.9145 65.9227
3112 65.9145 66.2237
3113 65.9145 65.9196
3114 65.9145 65.9145
3115 65.9145 65.9496
3116 65.9145 65.9963
3117 65.9145 65.9472
3118 65.9145 65.9145
3119 65.9145 65.9145
3120 65.9145 65.9744
3121 65.9145 66.0552
3122 65.9145 66.0219
3123 65.9145 66.0715
3124 65.9145 66.4008
3125 65.9145 65.9236
3126 65.9145 65.9376
3127 65.9145 65.9207
3128 65.9145 65.9145
3129 65.9145 65.9499
3130 65.9145 65.9205
3131 65.9145 65.9835
3132 65.9145 66.0189
3133 65.9145 65.9145
3134 65.9145 65.9377
3135 65.9145 66.1711
3136 65.9145 66.1268
3137 65.9145 66.0503
3138 65.9145 66.1474
3139 65.9145 65.9172
3140 65.9145 65.9212
3141 65.9145 65.9145
3142 65.9145 65.9145
3143 65.9145 65.9145
3144 65.9145 65.9145
3145 65.9145 65.9394
3146 65.9145 66.0501
3147 65.9145 66.0445
3148 65.9145 65.9396
3149 65.9145 65.9741
3150 65.9145 65.9209
3151 65.9145 65.9145
3152 65.9145 65.9864
3153 65.9145 65.9185
3154 65.9145 65.9804
3155 65.9145 65.9396
3156 65.9145 65.9476
3157 65.9145 66.0096
3158 65.9145 65.9471
3159 65.9145 65.9338
3160 65.9145 65.9145
3161 65.9145 65.9145
3162 65.9145 65.9145
3163 65.9145 65.9145
3164 65.9145 65.9145
3165 65.9145 65.9145
3166 65.9145 65.9165
3167 65.9145 65.9359
3168 65.9145 65.9163
3169 65.9145 65.9551
3170 65.9145 65.9425
3171 65.9145 66.0866
3172 65.9145 65.9169
3173 65.9145 65.9145
3174 65.9145 66.065
3175 65.9145 65.9233
3176 65.9145 66.1755
3177 65.9145 65.9795
3178 65.9145 65.9145
3179 65.9145 65.9145
3180 65.9145 65.957
3181 65.9145 65.9636
3182 65.9145 65.9145
3183 65.9145 65.9589
3184 65.9145 65.9497
3185 65.9145 65.9145
3186 65.9145 65.9804
3187 65.9145 65.9263
3188 65.9145 65.9464
3189 65.9145 66.1592
3190 65.9145 66.3288
3191 65.9145 66.1942
3192 65.9145 65.9213
3193 65.9145 65.9145
3194 65.9145 65.9145
3195 65.9145 65.9684
3196 65.9145 66.0113
3197 65.9145 65.9145
3198 65.9145 65.9145
3199 65.9145 65.9357
3200 65.9145 65.9246
3201 65.9145 65.9184
3202 65.9145 65.9678
3203 65.9145 65.953
3204 65.9145 65.9149
3205 65.9145 66.0425
3206 65.9145 65.9281
3207 65.9145 65.9977
3208 65.9145 66.137
3209 65.9145 66.1952
3210 65.9145 66.2597
3211 65.9145 65.932
3212 65.9145 65.9266
3213 65.9145 65.9842
3214 65.9145 65.9676
3215 65.9145 65.9145
3216 65.9145 65.9505
3217 65.9145 65.9425
3218 65.9145 65.9502
3219 65.9145 65.9254
3220 65.9145 65.9145
3221 65.9145 65.9145
3222 65.9145 65.9145
3223 65.9145 66.4571
3224 65.9145 65.9623
3225 65.9145 65.9629
3226 65.9145 65.937
3227 65.9145 66.0377
3228 65.9145 66.1136
3229 65.9145 65.9849
3230 65.9145 65.9822
3231 65.9145 65.9145
3232 65.9145 65.9313
3233 65.9145 65.9454
3234 65.9145 65.9872
3235 65.9145 66.1385
3236 65.9145 65.9663
3237 65.9145 66.1426
3238 65.9145 66.0339
3239 65.9145 66.0281
3240 65.9145 65.9557
3241 65.9145 66.001
3242 65.9145 66.1036
3243 65.9145 66.0234
3244 65.9145 66.2254
3245 65.9145 66.3631
3246 65.9145 66.3082
3247 65.9145 66.2346
3248 65.9145 66.0877
3249 65.9145 66.0324
3250 65.9145 66.0476
3251 65.9145 66.1675
3252 65.9145 66.0456
3253 65.9145 66.0447
3254 65.9145 65.9871
3255 65.9145 65.9145
3256 65.9145 65.9244
3257 65.9145 65.9638
3258 65.9145 66.1616
3259 65.9145 65.9145
3260 65.9145 65.9707
3261 65.9145 66.0484
3262 65.9145 65.9145
3263 65.9145 66.08
3264 65.9145 65.9145
3265 65.9145 65.9145
3266 65.9145 65.9145
3267 65.9145 66.0392
3268 65.9145 65.9635
3269 65.9145 65.9391
3270 65.9145 66.1854
3271 65.9145 66.0183
3272 65.9145 66.2493
3273 65.9145 66.1902
3274 65.9145 65.9608
3275 65.9145 65.939
3276 65.9145 66.1157
3277 65.9145 65.9969
3278 65.9145 65.992
3279 65.9145 66.1571
3280 65.9145 66.0413
3281 65.9145 66.2625
3282 65.9145 66.4588
3283 65.9145 66.2815
3284 65.9145 65.9636
3285 65.9145 65.9145
3286 65.9145 65.9145
3287 65.9145 65.9657
3288 65.9145 65.94
3289 65.9145 65.973
3290 65.9145 66.0069
3291 65.9145 65.9519
3292 65.9145 65.9145
3293 65.9145 65.9346
3294 65.9145 65.9145
3295 65.9145 65.9149
3296 65.9145 65.9145
3297 65.9145 65.9145
3298 65.9145 65.9708
3299 65.9145 65.9145
3300 65.9145 65.9259
3301 65.9145 65.9484
3302 65.9145 65.9322
3303 65.9145 66.0229
3304 65.9145 66.0492
3305 65.9145 65.9547
3306 65.9145 65.9751
3307 65.9145 65.9145
3308 65.9145 65.9646
3309 65.9145 65.9205
3310 65.9145 65.9145
3311 65.9145 65.9145
3312 65.9145 65.922
3313 65.9145 66.0304
3314 65.9145 65.9672
3315 65.9145 66.0114
3316 65.9145 65.9877
3317 65.9145 65.9253
3318 65.9145 65.9298
3319 65.9145 65.9814
3320 65.9145 65.9434
3321 65.9145 65.9145
3322 65.9145 65.9209
3323 65.9145 66.0197
3324 65.9145 65.9642
3325 65.9145 66.0899
3326 65.9145 65.9852
3327 65.9145 66.0229
3328 65.9145 65.9766
3329 65.9145 66.3558
3330 65.9145 66.0183
3331 65.9145 65.974
3332 65.9145 66.01
3333 65.9145 65.9488
3334 65.9145 65.9485
3335 65.9145 65.921
3336 65.9145 65.9742
3337 65.9145 65.9502
3338 65.9145 65.9172
3339 65.9145 65.9367
3340 65.9145 65.9701
3341 65.9145 65.9535
3342 65.9145 65.9151
3343 65.9145 66.0676
3344 65.9145 66.0638
3345 65.9145 65.9699
3346 65.9145 65.9603
3347 65.9145 65.9616
3348 65.9145 65.9547
3349 65.9145 66.0605
3350 65.9145 65.9249
3351 65.9145 65.9253
3352 65.9145 65.9145
3353 65.9145 65.9555
3354 65.9145 65.9246
3355 65.9145 65.9676
3356 65.9145 66.0792
3357 65.9145 66.4724
3358 65.9145 66.2838
3359 65.9145 65.9319
3360 65.9145 66.0413
3361 65.9145 65.9377
3362 65.9145 65.9849
3363 65.9145 66.049
3364 65.9145 66.0171
3365 65.9145 65.9503
3366 65.9145 65.9425
3367 65.9145 65.9546
3368 65.9145 65.9251
3369 65.9145 65.9213
3370 65.9145 65.9145
3371 65.9145 65.9145
3372 65.9145 65.9145
3373 65.9145 65.9145
3374 65.9145 65.9635
3375 65.9145 65.9905
3376 65.9145 65.9399
3377 65.9145 65.9145
3378 65.9145 65.9145
3379 65.9145 65.9346
3380 65.9145 65.9222
3381 65.9145 65.9495
3382 65.9145 65.9261
3383 65.9145 65.9301
3384 65.9145 65.986
3385 65.9145 65.9523
3386 65.9145 65.9679
3387 65.9145 66.0312
3388 65.9145 66.1723
3389 65.9145 66.4744
3390 65.9145 65.9869
3391 65.9145 65.9957
3392 65.9145 65.9577
3393 65.9145 65.9282
3394 65.9145 65.9284
3395 65.9145 65.9342
3396 65.9145 65.9145
3397 65.9145 66.0606
3398 65.9145 65.9602
3399 65.9145 65.9145
3400 65.9145 65.9145
3401 65.9145 65.9236
3402 65.9145 65.9846
3403 65.9145 66.0035
3404 65.9145 66.0037
3405 65.9145 66.2181
3406 65.9145 66.0791
3407 65.9145 66.0287
3408 65.9145 66.0239
3409 65.9145 66.0577
3410 65.9145 66.0913
3411 65.9145 66.107
3412 65.9145 66.0886
3413 65.9145 65.9448
3414 65.9145 66.0517
3415 65.9145 66.0542
3416 65.9145 65.9356
3417 65.9145 66.1668
3418 65.9145 65.9264
3419 65.9145 66.2302
3420 65.9145 65.9979
3421 65.9145 65.9852
3422 65.9145 66.0829
3423 65.9145 66.0725
3424 65.9145 65.9617
3425 65.9145 65.9353
3426 65.9145 65.9145
3427 65.9145 65.9587
3428 65.9145 66.0094
3429 65.9145 66.0799
3430 65.9145 66.008
3431 65.9145 65.9145
3432 65.9145 66.0072
3433 65.9145 65.9146
3434 65.9145 66.1897
3435 65.9145 66.1234
3436 65.9145 66.0633
3437 65.9145 65.9593
3438 65.9145 65.9553
3439 65.9145 66.0085
3440 65.9145 65.9885
3441 65.9145 65.9145
3442 65.9145 65.9145
3443 65.9145 66.0422
3444 65.9145 65.983
3445 65.9145 65.9982
3446 65.9145 65.9284
3447 65.9145 66.0288
3448 65.9145 65.9783
3449 65.9145 66.067
3450 65.9145 66.0932
3451 65.9145 66.0583
3452 65.9145 65.9224
3453 65.9145 65.9394
3454 65.9145 65.9288
3455 65.9145 65.9631
3456 65.9145 66.1772
3457 65.9145 65.9416
3458 65.9145 65.9145
3459 65.9145 66.1488
3460 65.9145 65.9877
3461 65.9145 66.0692
3462 65.9145 65.9866
3463 65.9145 65.9412
3464 65.9145 66.0761
3465 65.9145 65.9157
3466 65.9145 65.9201
3467 65.9145 65.9145
3468 65.9145 65.9183
3469 65.9145 65.9196
3470 65.9145 65.9433
3471 65.9145 65.9145
3472 65.9145 65.9456
3473 65.9145 65.9985
3474 65.9145 66.0782
3475 65.9145 66.3157
3476 65.9145 65.952
3477 65.9145 65.9527
3478 65.9145 65.92
3479 65.9145 65.9722
3480 65.9145 65.9145
3481 65.9145 65.9145
3482 65.9145 65.9271
3483 65.9145 65.9405
3484 65.9145 65.9145
3485 65.9145 65.9609
3486 65.9145 65.9228
3487 65.9145 65.921
3488 65.9145 65.9145
3489 65.9145 65.9155
3490 65.9145 65.9145
3491 65.9145 65.9145
3492 65.9145 65.9328
3493 65.9145 66.1306
3494 65.9145 66.1595
3495 65.9145 66.0511
3496 65.9145 65.9683
3497 65.9145 65.9408
3498 65.9145 65.9288
3499 65.9145 65.9395
3500 65.9145 66.0537
3501 65.9145 65.9717
3502 65.9145 66.0003
3503 65.9145 65.9145
3504 65.9145 65.9744
3505 65.9145 65.9864
3506 65.9145 65.9369
3507 65.9145 65.9145
3508 65.9145 66.4718
3509 65.9145 66.1369
3510 65.9145 66.0465
3511 65.9145 66.0167
3512 65.9145 66.0478
3513 65.9145 66.0499
3514 65.9145 65.93
3515 65.9145 66.0457
3516 65.9145 65.9624
3517 65.9145 65.9551
3518 65.9145 66.0499
3519 65.9145 65.9261
3520 65.9145 66.0595
3521 65.9145 66.0096
3522 65.9145 66.0943
3523 65.9145 65.9779
3524 65.9145 65.9146
3525 65.9145 65.9145
3526 65.9145 65.9412
3527 65.9145 66.0321
3528 65.9145 66.2126
3529 65.9145 66.1543
3530 65.9145 66.0382
3531 65.9145 65.9279
3532 65.9145 65.9145
3533 65.9145 65.9145
3534 65.9145 65.9754
3535 65.9145 66.0913
3536 65.9145 65.9887
3537 65.9145 66.0988
3538 65.9145 65.9604
3539 65.9145 65.9145
3540 65.9145 65.9235
3541 65.9145 65.9158
3542 65.9145 65.9145
3543 65.9145 65.9459
3544 65.9145 65.9145
3545 65.9145 65.9504
3546 65.9145 66.0306
3547 65.9145 65.9145
3548 65.9145 65.9201
3549 65.9145 65.9205
3550 65.9145 65.9376
3551 65.9145 66.0342
3552 65.9145 66.2577
3553 65.9145 66.3765
3554 65.9145 66.1471
3555 65.9145 66.0779
3556 65.9145 66.1886
3557 65.9145 65.9919
3558 65.9145 65.9185
3559 65.9145 65.9835
3560 65.9145 65.9454
3561 65.9145 65.9343
3562 65.9145 66.0141
3563 65.9145 66.0795
3564 65.9145 66.1636
3565 65.9145 65.9759
3566 65.9145 65.9145
3567 65.9145 66.0435
3568 65.9145 66.0018
3569 65.9145 66.0249
3570 65.9145 66.0669
3571 65.9145 66.1869
3572 65.9145 65.9391
3573 65.9145 65.9724
3574 65.9145 66.0353
3575 65.9145 66.0908
3576 65.9145 66.0461
3577 65.9145 65.9256
3578 65.9145 65.9414
3579 65.9145 65.9467
3580 65.9145 66.1055
3581 65.9145 65.9636
3582 65.9145 65.9752
3583 65.9145 66.0657
3584 65.9145 65.9145
3585 65.9145 65.9147
3586 65.9145 66.1992
3587 65.9145 65.9383
3588 65.9145 65.9444
3589 65.9145 65.9171
3590 65.9145 65.9145
3591 65.9145 65.9145
3592 65.9145 65.9585
3593 65.9145 66.0997
3594 65.9145 66.1079
3595 65.9145 65.9332
3596 65.9145 65.9267
3597 65.9145 65.9842
3598 65.9145 65.9985
3599 65.9145 65.938
3600 65.9145 65.933
3601 65.9145 65.9832
3602 65.9145 65.9214
3603 65.9145 65.9224
3604 65.9145 65.9145
3605 65.9145 66.0179
3606 65.9145 65.9145
3607 65.9145 65.9216
3608 65.9145 65.9145
3609 65.9145 65.9145
3610 65.9145 65.9371
3611 65.9145 65.9145
3612 65.9145 65.9174
3613 65.9145 65.9145
3614 65.9145 65.9165
3615 65.9145 66.0492
3616 65.9145 66.0071
3617 65.9145 66.0904
3618 65.9145 66.0448
3619 65.9145 65.9145
3620 65.9145 65.9155
3621 65.9145 66.0356
3622 65.9145 66.0038
3623 65.9145 65.932
3624 65.9145 65.9712
3625 65.9145 66.0306
3626 65.9145 65.9931
3627 65.9145 65.9145
3628 65.9145 65.9529
3629 65.9145 65.9145
3630 65.9145 65.9986
3631 65.9145 65.9926
3632 65.9145 66.0064
3633 65.9145 66.1149
3634 65.9145 65.9177
3635 65.9145 66.0535
3636 65.9145 65.9969
3637 65.9145 65.9249
3638 65.9145 66.2024
3639 65.9145 66.1434
3640 65.9145 66.0036
3641 65.9145 66.1049
3642 65.9145 65.925
3643 65.9145 65.9145
3644 65.9145 65.981
3645 65.9145 66.0224
3646 65.9145 66.0115
3647 65.9145 65.9145
3648 65.9145 65.9846
3649 65.9145 65.9285
3650 65.9145 65.9275
3651 65.9145 65.969
3652 65.9145 66.0072
3653 65.9145 65.9623
3654 65.9145 66.1449
3655 65.9145 65.9145
3656 65.9145 65.9765
3657 65.9145 66.008
3658 65.9145 65.9464
3659 65.9145 65.9145
3660 65.9145 65.9325
3661 65.9145 66.0867
3662 65.9145 65.9153
3663 65.9145 66.0757
3664 65.9145 66.24
3665 65.9145 66.0394
3666 65.9145 65.9187
3667 65.9145 66.1925
3668 65.9145 66.0262
3669 65.9145 65.9197
3670 65.9145 65.9145
3671 65.9145 65.9433
3672 65.9145 65.9251
3673 65.9145 65.9673
3674 65.9145 65.9155
3675 65.9145 65.9145
3676 65.9145 65.9145
3677 65.9145 65.9149
3678 65.9145 65.92
3679 65.9145 65.9145
3680 65.9145 65.9145
3681 65.9145 65.9145
3682 65.9145 65.9145
3683 65.9145 65.9145
3684 65.9145 65.9145
3685 65.9145 65.9145
3686 65.9145 65.923
3687 65.9145 65.9145
3688 65.9145 65.9145
3689 65.9145 65.9145
3690 65.9145 65.9731
3691 65.9145 65.9317
3692 65.9145 66.0414
3693 65.9145 66.1845
3694 65.9145 66.3244
3695 65.9145 66.0276
3696 65.9145 65.9145
3697 65.9145 65.9145
3698 65.9145 65.9558
3699 65.9145 65.9338
3700 65.9145 66.0029
3701 65.9145 65.9293
3702 65.9145 65.9145
3703 65.9145 65.9145
3704 65.9145 65.9937
3705 65.9145 65.9145
3706 65.9145 65.9145
3707 65.9145 65.9575
3708 65.9145 65.9616
3709 65.9145 65.989
3710 65.9145 65.9845
3711 65.9145 66.0651
3712 65.9145 66.1082
3713 65.9145 65.9744
3714 65.9145 65.9242
3715 65.9145 65.9233
3716 65.9145 65.9269
3717 65.9145 65.9171
3718 65.9145 65.9394
3719 65.9145 65.9614
3720 65.9145 65.9921
3721 65.9145 65.9911
3722 65.9145 65.9145
3723 65.9145 66.0261
3724 65.9145 65.9592
3725 65.9145 65.9145
3726 65.9145 65.9145
3727 65.9145 65.9199
3728 65.9145 65.9145
3729 65.9145 65.9209
3730 65.9145 65.9145
3731 65.9145 65.9145
3732 65.9145 65.9145
3733 65.9145 65.9145
3734 65.9145 65.9196
3735 65.9145 65.9897
3736 65.9145 65.9273
3737 65.9145 65.995
3738 65.9145 65.9429
3739 65.9145 66.1197
3740 65.9145 65.9417
3741 65.9145 65.9535
3742 65.9145 65.9735
3743 65.9145 65.9145
3744 65.9145 65.9248
3745 65.9145 65.985
3746 65.9145 65.9755
3747 65.9145 65.9845
3748 65.9145 65.9409
3749 65.9145 65.9492
3750 65.9145 65.9174
3751 65.9145 65.9849
3752 65.9145 65.9158
3753 65.9145 66.0753
3754 65.9145 66.1845
3755 65.9145 65.9776
3756 65.9145 65.9145
3757 65.9145 65.9145
3758 65.9145 65.9145
3759 65.9145 65.9351
3760 65.9145 65.9297
3761 65.9145 66.0604
3762 65.9145 66.1518
3763 65.9145 66.1802
3764 65.9145 65.9901
3765 65.9145 65.924
3766 65.9145 65.9738
3767 65.9145 65.9162
3768 65.9145 65.9145
3769 65.9145 65.9215
3770 65.9145 65.9145
3771 65.9145 65.9235
3772 65.9145 65.9322
3773 65.9145 65.9861
3774 65.9145 65.9525
3775 65.9145 66.1617
3776 65.9145 65.9145
3777 65.9145 65.9145
3778 65.9145 66.0302
3779 65.9145 65.9636
3780 65.9145 65.9469
3781 65.9145 66.0238
3782 65.9145 65.9451
3783 65.9145 65.9928
3784 65.9145 65.9356
3785 65.9145 66.0793
3786 65.9145 65.9145
3787 65.9145 65.9332
3788 65.9145 65.9145
3789 65.9145 65.9145
3790 65.9145 66.0107
3791 65.9145 66.0783
3792 65.9145 65.9361
3793 65.9145 65.9145
3794 65.9145 65.9145
3795 65.9145 66.0068
3796 65.9145 65.9145
3797 65.9145 65.9181
3798 65.9145 65.9229
3799 65.9145 66.0278
3800 65.9145 66.1409
3801 65.9145 66.3077
3802 65.9145 65.952
3803 65.9145 65.9395
3804 65.9145 65.9191
3805 65.9145 65.9353
3806 65.9145 65.9145
3807 65.9145 65.9521
3808 65.9145 65.9791
3809 65.9145 65.9202
3810 65.9145 66.058
3811 65.9145 65.9993
3812 65.9145 65.9145
3813 65.9145 65.9145
3814 65.9145 65.9145
3815 65.9145 65.9145
3816 65.9145 65.9278
3817 65.9145 65.9228
3818 65.9145 66.0127
3819 65.9145 65.9224
3820 65.9145 66.0004
3821 65.9145 66.0185
3822 65.9145 66.0884
3823 65.9145 65.9823
3824 65.9145 66.0446
3825 65.9145 66.012
3826 65.9145 65.9804
3827 65.9145 65.9145
3828 65.9145 65.9297
3829 65.9145 66.0124
3830 65.9145 65.9244
3831 65.9145 65.9195
3832 65.9145 65.9513
3833 65.9145 65.9149
3834 65.9145 65.9148
3835 65.9145 65.9543
3836 65.9145 65.9145
3837 65.9145 66.0617
3838 65.9145 66.1411
3839 65.9145 66.1217
3840 65.9145 66.1109
3841 65.9145 65.996
3842 65.9145 66.2238
3843 65.9145 65.9911
3844 65.9145 65.9304
3845 65.9145 65.9145
3846 65.9145 65.9145
3847 65.9145 65.9145
3848 65.9145 65.9145
3849 65.9145 65.9473
3850 65.9145 66.0154
3851 65.9145 65.9982
3852 65.9145 65.956
3853 65.9145 66.0792
3854 65.9145 65.9939
3855 65.9145 65.9164
3856 65.9145 65.949
3857 65.9145 65.9665
3858 65.9145 65.9164
3859 65.9145 65.9874
3860 65.9145 65.9516
3861 65.9145 65.9145
3862 65.9145 65.9145
3863 65.9145 65.925
3864 65.9145 65.9936
3865 65.9145 66.2757
3866 65.9145 65.9145
3867 65.9145 65.9145
3868 65.9145 66.0275
3869 65.9145 65.9516
3870 65.9145 66.0097
3871 65.9145 66.0008
3872 65.9145 66.066
3873 65.9145 66.3533
3874 65.9145 66.1244
3875 65.9145 65.9457
3876 65.9145 65.988
3877 65.9145 65.966
3878 65.9145 65.9183
3879 65.9145 65.955
3880 65.9145 65.9145
3881 65.9145 65.9305
3882 65.9145 65.9155
3883 65.9145 66.0438
3884 65.9145 66.49
3885 65.9145 66.0776
3886 65.9145 66.1296
3887 65.9145 65.9191
3888 65.9145 65.9882
3889 65.9145 65.9845
3890 65.9145 66.1164
3891 65.9145 65.9145
3892 65.9145 65.9145
3893 65.9145 65.9315
3894 65.9145 65.9831
3895 65.9145 65.9145
3896 65.9145 65.9282
3897 65.9145 65.9147
3898 65.9145 65.9145
3899 65.9145 65.9556
3900 65.9145 65.9145
3901 65.9145 66.0598
3902 65.9145 66.0946
3903 65.9145 65.9145
3904 65.9145 65.9145
3905 65.9145 65.9145
3906 65.9145 65.9148
3907 65.9145 65.938
3908 65.9145 65.9145
3909 65.9145 66.0173
3910 65.9145 66.057
3911 65.9145 66.064
3912 65.9145 66.0218
3913 65.9145 66.1442
3914 65.9145 66.1126
3915 65.9145 66.0488
3916 65.9145 65.9145
3917 65.9145 65.9228
3918 65.9145 65.9145
3919 65.9145 65.9577
3920 65.9145 65.9228
3921 65.9145 65.9145
3922 65.9145 65.9372
3923 65.9145 65.9282
3924 65.9145 65.9799
3925 65.9145 66.0508
3926 65.9145 65.9183
3927 65.9145 65.9186
3928 65.9145 65.9349
3929 65.9145 65.9718
3930 65.9145 65.9145
3931 65.9145 65.9145
3932 65.9145 65.9145
3933 65.9145 65.9145
3934 65.9145 66.1465
3935 65.9145 65.9145
3936 65.9145 65.9292
3937 65.9145 65.9145
3938 65.9145 65.9145
3939 65.9145 65.9145
3940 65.9145 65.9145
3941 65.9145 65.9232
3942 65.9145 65.9145
3943 65.9145 65.9145
3944 65.9145 66.064
3945 65.9145 66.2295
3946 65.9145 66.0014
3947 65.9145 65.9145
3948 65.9145 65.9145
3949 65.9145 65.9145
3950 65.9145 65.9145
3951 65.9145 65.9311
3952 65.9145 65.9196
3953 65.9145 65.9145
3954 65.9145 66.0247
3955 65.9145 66.0235
3956 65.9145 65.9776
3957 65.9145 66.0352
3958 65.9145 65.9814
3959 65.9145 65.9649
3960 65.9145 65.9561
3961 65.9145 65.9401
3962 65.9145 65.9312
3963 65.9145 65.966
3964 65.9145 65.9275
3965 65.9145 65.9145
3966 65.9145 65.9145
3967 65.9145 65.9165
3968 65.9145 65.9145
3969 65.9145 65.9145
3970 65.9145 65.9145
3971 65.9145 65.9145
3972 65.9145 65.9546
3973 65.9145 65.9301
3974 65.9145 65.991
3975 65.9145 65.9845
3976 65.9145 65.9683
3977 65.9145 65.9145
3978 65.9145 65.9453
3979 65.9145 66.0523
3980 65.9145 66.1053
3981 65.9145 65.9553
3982 65.9145 66.0311
3983 65.9145 66.0493
3984 65.9145 65.9145
3985 65.9145 65.9237
3986 65.9145 65.9487
3987 65.9145 66.0406
3988 65.9145 65.9994
3989 65.9145 65.9972
3990 65.9145 65.9318
3991 65.9145 65.9145
3992 65.9145 65.9635
3993 65.9145 65.9145
3994 65.9145 65.9486
3995 65.9145 65.9343
3996 65.9145 66.2268
3997 65.9145 65.9663
3998 65.9145 65.9525
3999 65.9145 65.9186
