0 415.551 461.121
1 394.728 435.543
2 387.538 416.303
3 376.317 400.838
4 370.081 388.861
5 363.685 379.168
6 345.917 371.453
7 333.524 359.671
8 324.987 346.539
9 318.661 334.707
10 305.124 326.057
11 304.623 318.135
12 296.57 311.379
13 288.4 304.281
14 284.279 298.374
15 279.761 292.097
16 277.599 286.457
17 267.526 282.319
18 262.974 277.722
19 260.134 270.673
20 258.234 265.219
21 254.857 262.16
22 249.375 259.53
23 244.916 255.97
24 242.605 251.431
25 239.234 246.804
26 236.332 243.547
27 232.336 240.399
28 229.799 237.183
29 226.222 233.863
30 224.071 230.999
31 220.753 228.095
32 220.104 225.37
33 217.34 223.452
34 213.835 221.323
35 213.816 218.932
36 211.92 216.706
37 209.626 214.438
38 207.737 212.615
39 203.653 210.631
40 200.311 208.529
41 197.416 205.687
42 196.067 202.868
43 192.821 200.527
44 191.06 198.023
45 190.491 194.993
46 188.249 192.879
47 184.256 191.512
48 183.83 189.284
49 181.887 187.084
50 176.688 184.728
51 174.42 182.469
52 171.37 178.998
53 169.103 176.617
54 167.248 173.446
55 167.248 171.2
56 166.848 169.089
57 163.88 167.681
58 162.854 167.266
59 162.247 166.189
60 161.555 164.538
61 159.849 163.207
62 158.852 162.084
63 158.476 160.895
64 156.557 159.639
65 156.067 158.681
66 154.135 157.784
67 153.311 156.883
68 152.413 155.304
69 152.413 154.071
70 151.437 153.365
71 149.471 152.693
72 148.761 152.016
73 148.399 151.142
74 147.995 150.377
75 147.537 149.835
76 146.955 149.872
77 146.604 149.038
78 145.445 147.89
79 144.867 147.394
80 142.489 147.028
81 140.548 145.691
82 138.975 145.52
83 136.468 145.148
84 136.317 142.854
85 135.601 139.829
86 135.023 138.046
87 134.65 136.405
88 133.981 135.534
89 129.102 134.967
90 128.804 134.134
91 127.552 132.713
92 127.099 130.825
93 126.838 129.67
94 123.236 128.509
95 122.464 126.783
96 122.464 124.822
97 121.094 123.715
98 119.825 122.649
99 118.455 121.709
100 115.275 120.758
101 114.749 120.843
102 114.748 119.949
103 114.222 118.197
104 114.076 116.699
105 113.326 115.801
106 112.793 114.626
107 112.793 113.992
108 111.908 113.384
109 111.908 112.996
110 111.332 112.436
111 111.054 111.97
112 110.852 111.648
113 110.267 111.448
114 109.346 110.926
115 108.77 110.399
116 108.77 109.725
117 108.235 109.281
118 107.667 109.065
119 107.132 108.511
120 107.132 108.183
121 106.597 107.936
122 105.805 107.387
123 105.17 106.849
124 103.567 106.236
125 102.888 105.446
126 102.537 104.986
127 101.108 104.112
128 101.108 103.708
129 100.696 103.225
130 100.151 101.977
131 100.147 101.493
132 99.8693 100.923
133 99.5505 100.492
134 99.2728 100.1
135 98.0881 99.9388
136 97.7907 99.4012
137 97.7907 98.7507
138 97.6933 98.1108
139 97.6933 97.978
140 97.6933 97.837
141 97.6933 97.9691
142 97.4066 97.6978
143 97.4066 97.6537
144 97.4066 97.6509
145 97.4066 97.5062
146 96.6761 97.5132
147 96.4113 97.3608
148 96.4113 97.1972
149 95.7411 96.9586
150 94.0821 97.2431
151 94.0821 98.2073
152 94.0821 97.0013
153 94.0821 95.2433
154 94.0491 94.3132
155 93.8569 94.2293
156 93.006 94.32
157 92.5306 94.6468
158 91.5597 94.1631
159 91.5268 93.9453
160 91.5268 93.0748
161 91.5268 92.405
162 91.5268 92.4828
163 91.1933 91.9074
164 91.153 91.624
165 90.8195 91.5066
166 90.8195 91.2416
167 90.8195 91.0189
168 90.8195 90.8736
169 90.7518 90.8248
170 90.4892 90.8082
171 90.1541 90.78
172 89.6761 90.6468
173 89.6761 91.134
174 89.6761 91.3708
175 88.916 91.5981
176 88.916 90.852
177 87.8551 89.8404
178 87.5248 89.4199
179 87.515 89.389
180 87.343 88.4356
181 87.0072 87.8056
182 86.9974 87.4007
183 86.3744 87.3937
184 86.3689 87.2963
185 85.092 86.7367
186 85.0865 86.7355
187 85.015 86.6848
188 85.0095 87.0405
189 85.0095 86.3292
190 84.1886 85.8897
191 84.1116 85.2001
192 84.1116 84.7229
193 84.0543 84.9385
194 84.0543 84.3579
195 83.8487 84.3016
196 83.7913 84.1234
197 83.7239 83.9448
198 83.3828 83.8672
199 83.0524 83.783
200 81.5621 83.8202
201 81.1596 84.8445
202 80.5837 84.6076
203 80.5263 83.4191
204 80.5263 81.8209
205 80.5263 81.1562
206 80.5263 80.8469
207 80.2149 80.5705
208 80.2149 80.7064
209 79.7635 81.2342
210 79.4137 81.1966
211 79.4137 80.5912
212 79.4137 80.5671
213 79.4137 79.8668
214 79.4137 79.7173
215 79.4137 79.9381
216 79.4137 79.5017
217 79.4137 79.4334
218 79.4137 79.4138
219 79.3936 79.424
220 78.9258 79.4912
221 78.9028 79.5739
222 78.9028 79.8031
223 78.761 79.4572
224 78.761 79.0318
225 78.761 78.9513
226 78.761 78.93
227 78.761 78.8299
228 78.761 78.8308
229 78.761 78.765
230 78.761 78.761
231 78.761 78.776
232 78.761 78.761
233 78.4836 78.772
234 78.4836 78.7473
235 78.4836 78.7166
236 78.3464 78.8424
237 78.3464 78.6781
238 78.3464 78.4601
239 78.3464 78.4011
240 78.3464 78.4255
241 78.3464 78.3768
242 78.3464 78.4364
243 78.3464 78.4029
244 78.3464 78.3743
245 77.4117 78.4511
246 77.4117 78.3325
247 77.4117 78.0027
248 77.4117 77.9428
249 77.4117 77.5013
250 77.2914 77.9939
251 77.2914 80.1562
252 77.2914 79.9185
253 77.2914 79.6533
254 77.0014 78.9661
255 77.0014 78.0652
256 77.0014 78.2346
257 77.0014 77.6979
258 76.7966 77.3886
259 76.7966 77.153
260 76.7966 76.9085
261 76.7966 76.834
262 76.5966 76.8099
263 76.5966 76.8867
264 76.5966 77.8876
265 76.5966 78.1429
266 75.9351 77.9213
267 75.9351 76.9887
268 75.9351 76.4958
269 75.6354 76.3527
270 75.6354 76.2116
271 75.6354 76.0456
272 75.4648 75.8263
273 75.4648 75.6855
274 75.4648 75.6008
275 75.3493 75.5986
276 75.1887 75.4682
277 75.1887 75.6447
278 75.1887 75.7853
279 75.1887 75.6435
280 75.1887 75.4296
281 75.1887 75.2698
282 75.1887 75.2169
283 75.1887 75.2404
284 75.1887 75.2558
285 75.1887 75.2566
286 75.1887 75.2128
287 75.1887 75.2177
288 75.1887 75.1953
289 75.1887 75.1934
290 75.1887 75.2136
291 75.1887 75.2095
292 75.1887 75.5121
293 75.031 75.2213
294 75.031 75.2646
295 75.031 75.3393
296 75.031 75.3512
297 74.968 75.1078
298 74.968 75.1174
299 74.9189 75.2914
300 74.9189 75.3883
301 74.9189 75.4387
302 74.9189 74.9837
303 74.9189 74.9894
304 73.7731 74.9387
305 73.7731 75.0162
306 73.7731 75.1449
307 73.7731 75.5113
308 73.7731 75.1427
309 73.7731 74.9879
310 73.7731 74.8134
311 73.7731 74.6744
312 73.7731 74.0096
313 73.7731 73.8585
314 73.7731 73.8433
315 73.4382 73.815
316 73.4382 74.3419
317 73.1506 75.364
318 73.1506 75.3836
319 73.1506 74.5897
320 73.1464 74.3017
321 73.1464 73.8571
322 73.1464 73.4639
323 73.0677 73.4795
324 73.0677 73.2077
325 73.0677 73.1611
326 73.0677 73.0937
327 73.0677 73.0781
328 73.0677 73.1191
329 73.0677 73.0721
330 73.0677 73.1455
331 73.0677 73.1416
332 73.0677 73.0677
333 72.8676 73.0954
334 72.8676 73.071
335 72.8676 73.1278
336 72.8676 72.9009
337 72.8676 72.9776
338 72.8676 72.8942
339 72.8676 72.8676
340 72.6899 73.0211
341 72.1554 73.018
342 72.1554 72.875
343 72.1554 72.7694
344 72.1256 72.4788
345 72.1256 72.4004
346 71.9814 72.202
347 71.9814 72.1349
348 71.72 72.0785
349 71.5758 72.0307
350 71.5758 72.0574
351 71.5758 71.9294
352 71.5758 71.6671
353 71.5758 71.7489
354 71.5758 71.9289
355 71.5605 71.7745
356 71.5605 71.8959
357 71.5605 71.8314
358 71.5605 71.6479
359 71.5605 71.5798
360 71.5605 71.5822
361 71.5605 71.6253
362 71.5605 71.5764
363 70.9352 71.5632
364 70.9352 71.839
365 70.9352 72.5869
366 70.8952 73.387
367 70.8952 72.2082
368 70.8952 71.1852
369 70.6682 70.9408
370 70.6682 70.8813
371 70.6682 70.7727
372 70.6682 70.8733
373 70.6682 70.7402
374 70.6682 70.8906
375 70.6682 70.7716
376 70.6682 70.674
377 70.6682 70.6691
378 70.6682 70.6819
379 70.6682 70.7827
380 70.6682 70.6901
381 70.6682 70.699
382 70.6682 70.681
383 70.6682 70.7272
384 70.6682 70.8537
385 70.6682 70.8791
386 70.6682 70.678
387 70.6682 70.7409
388 70.6682 70.6936
389 70.6682 70.7473
390 70.6682 70.6934
391 70.6682 70.6682
392 70.6682 70.8432
393 70.6682 70.7183
394 70.6682 70.7081
395 70.6682 70.7115
396 70.6682 70.6704
397 70.6682 70.7215
398 70.6682 70.6818
399 70.6682 70.6682
400 70.0226 70.9871
401 70.0226 71.2652
402 70.0226 70.7679
403 70.0226 70.2197
404 70.0226 70.2082
405 70.0226 70.0528
406 70.0226 70.2933
407 69.8597 70.127
408 69.8597 70.1289
409 69.8597 70.6078
410 69.8597 70.3725
411 69.8597 70.1069
412 69.8597 70.0766
413 69.8597 69.8878
414 69.8597 69.9305
415 69.8597 70.0129
416 69.8597 70.1407
417 69.8597 69.9328
418 69.5916 69.9828
419 69.5916 69.8242
420 69.5916 69.7202
421 69.5916 69.7918
422 69.5916 69.6527
423 69.5916 69.6016
424 69.5916 69.6093
425 69.5916 69.5984
426 69.5916 69.701
427 69.5916 69.6677
428 69.5916 69.7537
429 69.5916 69.7218
430 69.5916 69.7959
431 69.5916 69.6696
432 69.5916 69.8051
433 69.5916 69.7191
434 69.5916 69.6089
435 69.5916 69.5978
436 69.5916 69.5924
437 69.5916 69.5916
438 69.5916 69.6966
439 69.5916 69.7977
440 69.5916 69.5916
441 69.5916 69.5916
442 69.5916 69.8133
443 69.5916 69.6095
444 69.5916 69.5916
445 69.5916 69.6394
446 69.5916 69.6203
447 69.5916 69.9594
448 69.5916 69.729
449 69.5916 69.8071
450 69.5916 69.619
451 69.5916 69.5992
452 69.5916 69.5925
453 69.5916 69.747
454 69.5916 69.6606
455 69.5916 69.5916
456 69.5916 69.5916
457 69.5916 69.5916
458 69.5916 69.6363
459 69.5916 69.8256
460 69.5916 69.9285
461 69.5916 69.6237
462 69.5916 69.6465
463 69.5916 69.6143
464 69.5916 69.9225
465 69.5916 69.7947
466 69.5916 69.6
467 69.5916 69.6108
468 69.5916 69.5916
469 69.5916 69.5916
470 69.5916 69.5941
471 69.5916 69.6231
472 69.5916 69.7296
473 69.5916 69.6569
474 69.5916 69.6456
475 69.5916 69.5916
476 69.5916 69.7283
477 69.5916 69.7988
478 69.5916 69.6491
479 69.5916 69.6768
480 69.5916 69.6655
481 69.5916 69.5916
482 69.5916 69.6213
483 69.5916 69.6553
484 69.5916 69.7858
485 69.5916 69.9015
486 69.5916 69.5916
487 69.5916 69.5916
488 69.5916 69.6124
489 69.5916 69.8364
490 69.5916 69.7152
491 69.5916 69.5916
492 69.5916 69.6351
493 69.5916 69.6598
494 69.5916 69.7751
495 69.5916 69.7981
496 69.5916 69.5916
497 69.5916 69.609
498 69.5916 69.6268
499 69.5916 69.6118
500 69.5916 69.6671
501 69.5916 69.7833
502 69.5916 69.5916
503 69.5916 69.6126
504 69.5916 69.5916
505 69.5916 69.6192
506 69.5916 69.6636
507 69.5916 69.5916
508 69.5916 69.5929
509 69.5916 69.6175
510 69.5916 69.8307
511 69.5916 69.7917
512 69.5916 69.763
513 69.5916 69.6731
514 69.5916 69.788
515 69.5916 69.661
516 69.5916 69.8272
517 69.5916 69.6486
518 69.5916 69.7212
519 69.5916 69.6747
520 69.5916 69.5916
521 69.5916 69.6118
522 69.5916 69.7395
523 69.5916 69.612
524 69.5916 69.6177
525 69.5916 69.6288
526 69.5916 69.629
527 69.5916 69.6927
528 69.5916 69.7002
529 69.5916 69.6463
530 69.5916 69.5938
531 69.5916 69.5986
532 69.5916 69.5916
533 69.5916 69.6467
534 69.5916 69.8738
535 69.5916 69.6821
536 69.5916 69.6039
537 69.5916 69.5916
538 69.5916 69.622
539 69.5916 69.7451
540 69.5916 69.6118
541 69.5916 69.5916
542 69.5916 69.8925
543 69.5916 69.7534
544 69.5916 69.5923
545 69.5916 69.6785
546 69.5916 69.6674
547 69.5916 69.5916
548 69.5916 69.5916
549 69.5916 69.7383
550 69.451 69.7649
551 69.451 70.1179
552 69.451 69.8742
553 69.451 70.1046
554 69.451 69.8934
555 69.451 69.6689
556 69.451 69.5045
557 69.451 69.5435
558 69.451 69.5571
559 69.451 69.6919
560 69.451 69.5464
561 69.451 69.5741
562 69.451 69.6269
563 69.451 69.5036
564 69.451 69.6046
565 69.451 69.5759
566 69.451 69.575
567 69.451 69.4583
568 69.451 69.508
569 69.451 69.5373
570 69.451 69.5597
571 69.451 69.6226
572 69.451 69.5041
573 69.451 69.463
574 69.451 69.451
575 69.451 69.5769
576 69.451 69.451
577 69.451 69.451
578 69.451 69.451
579 69.451 69.451
580 69.451 69.5094
581 69.451 69.4804
582 69.451 69.4687
583 69.451 69.451
584 69.451 69.5237
585 69.451 69.5097
586 69.451 69.6716
587 69.451 69.6268
588 69.451 69.4553
589 69.451 69.451
590 69.451 69.4524
591 69.451 69.5069
592 69.451 69.451
593 69.451 69.5077
594 69.451 69.4554
595 69.451 69.5286
596 69.451 69.467
597 69.451 69.4541
598 69.451 69.5372
599 69.451 69.451
600 69.451 69.4955
601 69.451 69.4682
602 69.451 69.451
603 69.451 69.5809
604 69.451 69.6589
605 69.451 69.4581
606 69.451 69.5916
607 69.451 69.5233
608 69.451 69.451
609 69.451 69.451
610 69.451 69.5543
611 69.451 69.5134
612 69.451 69.7803
613 69.451 69.5091
614 69.451 69.463
615 69.451 69.4744
616 69.451 69.4574
617 69.451 69.5021
618 69.451 69.5125
619 69.451 69.5182
620 69.451 69.451
621 69.451 69.4606
622 69.451 69.451
623 69.451 69.451
624 69.451 69.451
625 69.451 69.451
626 69.451 69.451
627 69.451 69.4872
628 69.451 69.5161
629 69.451 69.4717
630 69.451 69.4538
631 69.388 69.4877
632 69.388 69.4718
633 69.388 69.424
634 69.388 69.4047
635 69.388 69.3946
636 69.388 69.4376
637 69.388 69.5022
638 69.388 69.4048
639 69.388 69.3886
640 69.388 69.388
641 69.388 69.5814
642 69.388 69.4198
643 69.388 69.3939
644 69.388 69.4256
645 69.388 69.6522
646 69.388 69.516
647 69.388 69.5091
648 69.388 69.4416
649 69.388 69.424
650 68.8854 69.3768
651 68.8854 69.262
652 68.8854 69.1253
653 68.8854 68.9662
654 68.8854 69.1403
655 68.8854 68.9322
656 68.8854 69.1354
657 68.8854 69.1929
658 68.8854 69.1091
659 68.8854 68.8954
660 68.8854 68.8854
661 68.8854 68.8854
662 68.8854 68.9841
663 68.8854 69.0269
664 68.8854 69.308
665 68.8854 69.0802
666 68.8854 69.0271
667 68.8854 68.9111
668 68.8854 69.049
669 68.8854 69.0658
670 68.8854 68.8882
671 68.8854 69.0156
672 68.8854 68.9097
673 68.8854 68.9542
674 68.8854 68.8903
675 68.8854 68.9524
676 68.8854 68.9516
677 68.8854 69.2279
678 68.8854 68.9304
679 68.8854 68.9372
680 68.8854 68.899
681 68.8854 68.9002
682 68.8854 68.888
683 68.8854 68.9163
684 68.8854 68.9612
685 68.8854 68.8854
686 68.8854 68.8854
687 68.8854 68.8854
688 68.8854 68.8854
689 68.4744 68.8842
690 68.4744 68.8372
691 68.4744 68.6982
692 68.4744 68.5672
693 68.4744 68.5059
694 68.4744 68.6352
695 68.4744 68.5216
696 68.4744 68.4744
697 68.4744 68.4744
698 68.4744 68.4744
699 68.4744 68.5998
700 68.4744 68.5235
701 68.4744 68.5051
702 68.4744 68.4744
703 68.4744 68.4744
704 68.4744 68.4978
705 68.4744 68.5874
706 68.4744 68.7225
707 68.4744 68.6864
708 68.4744 68.7077
709 68.4744 68.6277
710 68.4744 68.6565
711 68.4744 68.4984
712 68.4744 68.5029
713 68.4744 68.4752
714 68.4744 68.6543
715 68.4744 68.7395
716 68.4744 68.5484
717 68.4744 68.4839
718 68.4744 68.4754
719 68.4744 68.513
720 68.4744 68.6122
721 68.4744 68.4887
722 68.4744 68.6615
723 68.4744 68.4867
724 68.4744 68.4744
725 68.4744 68.4744
726 68.4744 68.4744
727 68.4744 68.4744
728 68.4744 68.5168
729 68.4744 68.4925
730 68.4744 68.4744
731 68.4744 68.4744
732 68.4744 68.4782
733 68.4744 68.5403
734 68.4744 68.4744
735 68.4744 68.4744
736 68.4744 68.4795
737 68.4744 68.5095
738 68.4744 68.4985
739 68.4744 68.511
740 68.4744 68.4967
741 68.4744 68.5404
742 68.4744 68.4744
743 68.4744 68.5368
744 68.4744 68.6838
745 68.4744 68.5344
746 68.4744 68.4744
747 68.4744 68.4744
748 68.4744 68.4907
749 68.4744 68.507
750 67.3957 68.6804
751 67.3957 68.5775
752 66.9713 68.2062
753 66.9713 67.7753
754 66.9713 67.5939
755 66.9713 67.2889
756 66.9713 67.3007
757 66.9713 66.9713
758 66.9713 66.9713
759 66.9713 67.029
760 66.9713 67.1455
761 66.9713 67.0723
762 66.9713 67.0144
763 66.9713 67.0309
764 66.9713 67.1219
765 66.9713 67.0022
766 66.9713 67.2266
767 66.9713 67.0218
768 66.9713 67.2348
769 66.9713 67.0159
770 66.9713 67.0586
771 66.9713 66.9713
772 66.9713 66.9713
773 66.9713 67.0183
774 66.9713 67.0043
775 66.9713 67.1574
776 66.9713 66.9799
777 66.9713 66.9849
778 66.9713 67.0301
779 66.9713 67.01
780 66.9713 67.018
781 66.9713 67.0989
782 66.9713 67.1938
783 66.9713 66.9898
784 66.9713 67.0016
785 66.9713 66.9872
786 66.9713 66.9713
787 66.9713 67.0685
788 66.9713 67.4185
789 66.9713 67.1749
790 66.9713 67.126
791 66.9713 67.081
792 66.9713 67.0075
793 66.9713 66.9713
794 66.9713 66.9773
795 66.9713 67.1077
796 66.9713 67.1
797 66.9713 66.9963
798 66.9713 67.0221
799 66.9713 67.0562
800 66.9713 67.0283
801 66.9713 66.9713
802 66.9713 66.9713
803 66.9713 67.0917
804 66.9713 67.1745
805 66.9713 67.0265
806 66.9713 66.9931
807 66.9713 67.0178
808 66.9713 67.3299
809 66.9713 67.0516
810 66.9713 67.0849
811 66.9713 66.9713
812 66.9713 67.118
813 66.9713 66.9713
814 66.9713 66.9949
815 66.9713 67.0568
816 66.9713 67.225
817 66.9713 67.223
818 66.9713 67.0377
819 66.9713 67.0175
820 66.9713 66.9713
821 66.9713 66.9713
822 66.9713 66.9713
823 66.9713 66.9714
824 66.9713 66.9862
825 66.9713 66.973
826 66.9713 66.9713
827 66.9713 66.9713
828 66.9713 66.9713
829 66.9713 67.0505
830 66.9713 66.9713
831 66.9713 66.9713
832 66.9713 66.9902
833 66.9713 67.0248
834 66.9713 67.0258
835 66.9713 67.0447
836 66.9713 67.1114
837 66.9713 67.0475
838 66.9713 67.0016
839 66.9713 67.1909
840 66.9713 67.0701
841 66.9713 66.9752
842 66.9713 66.9713
843 66.9713 67.0381
844 66.9713 67.0657
845 66.9713 66.978
846 66.9713 67.1117
847 66.9713 66.9797
848 66.9713 66.9713
849 66.9713 66.9713
850 66.9713 66.9802
851 66.9713 66.9893
852 66.9713 66.9715
853 66.9713 67.0681
854 66.9713 66.9818
855 66.9713 67.0637
856 66.9713 66.9713
857 66.9713 67.0042
858 66.9713 67.0492
859 66.9713 66.9819
860 66.9713 66.9713
861 66.9713 67.2474
862 66.9713 67.066
863 66.9713 67.0903
864 66.9713 67.159
865 66.9713 67.1074
866 66.9713 67.1503
867 66.9713 67.0927
868 66.9713 67.0854
869 66.9713 67.1997
870 66.9713 67.0132
871 66.9713 67.1576
872 66.9713 66.9937
873 66.9713 66.9786
874 66.9713 66.9713
875 66.9713 66.9713
876 66.9713 66.9866
877 66.9713 66.9811
878 66.9713 67.0187
879 66.9713 66.9818
880 66.9713 67.1584
881 66.9713 67.0717
882 66.9713 67.0046
883 66.9713 66.9713
884 66.9713 67.0288
885 66.9713 67.0611
886 66.9713 67.0084
887 66.9713 66.9713
888 66.9713 66.9713
889 66.9713 66.9713
890 66.9713 66.9713
891 66.9713 67.0677
892 66.9713 66.9713
893 66.9713 66.9725
894 66.9713 66.9782
895 66.9713 67.1435
896 66.9713 67.2337
897 66.9713 67.0155
898 66.9713 66.9964
899 66.9713 67.139
900 66.9713 67.0768
901 66.9713 67.0782
902 66.9713 67.0246
903 66.9713 66.9713
904 66.9713 66.9866
905 66.9713 67.3924
906 66.9713 67.11
907 66.9713 66.9713
908 66.9713 66.9744
909 66.9713 67.15
910 66.9713 66.9948
911 66.9713 66.9964
912 66.9713 66.9729
913 66.9713 66.9713
914 66.9713 67.0452
915 66.9713 66.9942
916 66.9713 66.996
917 66.9713 67.0324
918 66.9713 67.1881
919 66.9713 66.9921
920 66.9713 66.9845
921 66.9713 67.1294
922 66.9713 67.0156
923 66.9713 67.2408
924 66.9713 66.9888
925 66.9713 67.1367
926 66.9713 67.3233
927 66.9713 67.0054
928 66.9713 66.9866
929 66.9713 67.1116
930 66.9713 67.0653
931 66.9713 67.0319
932 66.9713 66.9741
933 66.9713 67.0029
934 66.9713 66.9906
935 66.9713 67.067
936 66.9713 67.0954
937 66.9713 67.0178
938 66.9713 66.9808
939 66.9713 67.1978
940 66.9713 67.0658
941 66.9713 67.1524
942 66.9713 66.9917
943 66.9713 66.9713
944 66.9713 66.9713
945 66.9713 67.0573
946 66.9713 67.1838
947 66.9713 67.0257
948 66.9713 67.0607
949 66.9713 66.9713
950 66.9713 67.0353
951 66.9713 67.3763
952 66.9713 66.9956
953 66.9713 66.9968
954 66.9713 67.0212
955 66.9713 67.1078
956 66.9713 67.3312
957 66.9713 67.0354
958 66.9713 67.0208
959 66.9713 67.0657
960 66.9713 67.1308
961 66.9713 67.0588
962 66.9713 66.9903
963 66.9713 67.0214
964 66.9713 67.0769
965 66.9713 67.0054
966 66.9713 67.0813
967 66.9713 67.0269
968 66.9713 67.044
969 66.9713 66.9713
970 66.9713 66.9713
971 66.9713 66.9713
972 66.9713 66.9876
973 66.9713 67.0095
974 66.9713 66.9755
975 66.9713 67.0291
976 66.9713 67.1367
977 66.9713 67.093
978 66.9713 67.3463
979 66.9713 66.9958
980 66.9713 67.0323
981 66.9713 66.9777
982 66.9713 67.0936
983 66.9713 67.2725
984 66.9713 67.1494
985 66.9713 67.0985
986 66.9713 67.0818
987 66.9713 67.0297
988 66.9713 67.0714
989 66.9713 67.1167
990 66.9713 67.0783
991 66.9713 66.9745
992 66.9713 67.1632
993 66.9713 67.1759
994 66.9713 67.1952
995 66.9713 67.0246
996 66.9713 66.9713
997 66.9713 66.9713
998 66.9713 67.1069
999 66.9713 67.1122
1000 66.9713 67.0695
1001 66.9713 67.1579
1002 66.9713 66.9921
1003 66.9713 66.9785
1004 66.9713 67.0969
1005 66.9713 67.057
1006 66.9713 67.0911
1007 66.9713 66.9801
1008 66.9713 67.1418
1009 66.9713 67.1068
1010 66.9713 67.0351
1011 66.9713 66.9714
1012 66.9713 67.0073
1013 66.9713 67.1295
1014 66.9713 67.0304
1015 66.9713 66.9856
1016 66.9713 66.9713
1017 66.9713 66.9713
1018 66.9713 66.9713
1019 66.9713 67.0788
1020 66.9713 66.979
1021 66.9713 66.975
1022 66.9713 67.0066
1023 66.9713 67.1951
1024 66.9713 67.1475
1025 66.9713 67.1444
1026 66.9713 67.1822
1027 66.9713 67.0265
1028 66.9713 67.031
1029 66.9713 67.0046
1030 66.9713 67.2847
1031 66.9713 66.9833
1032 66.9713 66.9836
1033 66.9713 66.9946
1034 66.9713 66.9713
1035 66.9713 67.0152
1036 66.9713 66.9713
1037 66.9713 66.9713
1038 66.9713 67.0054
1039 66.9713 67.2428
1040 66.9713 67.4547
1041 66.9713 67.0024
1042 66.9713 66.9713
1043 66.9713 66.9713
1044 66.9713 67.015
1045 66.9713 66.9811
1046 66.9713 67.2222
1047 66.9713 67.2138
1048 66.9713 66.9985
1049 66.9713 67.125
1050 66.9713 67.0138
1051 66.9713 67.4465
1052 66.9713 67.1626
1053 66.9713 67.2706
1054 66.9713 67.2756
1055 66.9713 67.1867
1056 66.9713 67.0538
1057 66.9713 67.0231
1058 66.9713 67.0174
1059 66.9713 67.091
1060 66.9713 66.9922
1061 66.9713 67.0052
1062 66.9713 67.0058
1063 66.9713 66.9727
1064 66.9713 67.0386
1065 66.9713 67.0985
1066 66.9713 67.1216
1067 66.9713 66.975
1068 66.9713 67.0021
1069 66.9713 67.2114
1070 66.9713 67.0865
1071 66.9713 66.9864
1072 66.9713 67.1437
1073 66.9713 66.9893
1074 66.9713 67.0116
1075 66.9713 66.9713
1076 66.9713 66.9741
1077 66.9713 66.982
1078 66.9713 67.2392
1079 66.9713 66.9981
1080 66.9713 67.2264
1081 66.9713 67.0478
1082 66.9713 67.139
1083 66.9713 67.0762
1084 66.9713 67.0588
1085 66.9713 67.0494
1086 66.9713 67.2115
1087 66.9713 66.9767
1088 66.9713 67.0617
1089 66.9713 67.0254
1090 66.9713 67.0632
1091 66.9713 66.9713
1092 66.9713 66.9771
1093 66.9713 66.9752
1094 66.9713 67
1095 66.9713 66.9817
1096 66.9713 66.9713
1097 66.9713 66.9996
1098 66.9713 66.9783
1099 66.9713 66.9713
1100 66.9713 66.9713
1101 66.9713 66.9713
1102 66.9713 66.9713
1103 66.9713 67.0465
1104 66.9713 67.1766
1105 66.9713 67.0719
1106 66.9713 67.0109
1107 66.9713 66.9749
1108 66.9713 66.9713
1109 66.9713 66.9775
1110 66.9713 67.0585
1111 66.9713 67.1938
1112 66.9713 67.1079
1113 66.9713 67.1197
1114 66.9713 67.0655
1115 66.9713 66.9734
1116 66.9713 67.0373
1117 66.9713 67.1083
1118 66.9713 67.0608
1119 66.9713 66.9928
1120 66.9713 67.1289
1121 66.9713 67.0652
1122 66.9713 66.9713
1123 66.9713 67.0788
1124 66.9713 67.6735
1125 66.9713 67.5065
1126 66.9713 67.1101
1127 66.9713 67.0044
1128 66.9713 66.9749
1129 66.9713 66.9713
1130 66.9713 67.061
1131 66.9713 66.9942
1132 66.9713 67.0106
1133 66.9713 67.0071
1134 66.9713 66.9713
1135 66.9713 66.975
1136 66.9713 67.2384
1137 66.9713 67.0278
1138 66.9713 67.0398
1139 66.9713 67.055
1140 66.9713 67.0264
1141 66.9713 66.9723
1142 66.9713 67.1824
1143 66.9713 67.1285
1144 66.9713 66.9831
1145 66.9713 66.9725
1146 66.9713 66.9713
1147 66.9713 66.9713
1148 66.9713 66.9889
1149 66.9713 67.1119
1150 66.9713 66.9713
1151 66.9713 66.9919
1152 66.9713 66.9724
1153 66.9713 66.9713
1154 66.9713 67.0746
1155 66.9713 67.0145
1156 66.9713 67.2645
1157 66.9713 67.1564
1158 66.9713 67.1234
1159 66.9713 67.2264
1160 66.9713 67.0962
1161 66.9713 67.0639
1162 66.9713 66.9872
1163 66.9713 66.9713
1164 66.9713 67.0439
1165 66.9713 67.0546
1166 66.9713 67.1629
1167 66.9713 67.1471
1168 66.9713 66.9714
1169 66.9713 67.0177
1170 66.9713 66.9713
1171 66.9713 67.1984
1172 66.9713 67.0208
1173 66.9713 66.9787
1174 66.9713 67.1099
1175 66.9713 66.9891
1176 66.9713 66.9713
1177 66.9713 67.1282
1178 66.9713 67.0058
1179 66.9713 67.0206
1180 66.9713 66.9947
1181 66.9713 67.0829
1182 66.9713 67.1136
1183 66.9713 67.0283
1184 66.9713 67.0082
1185 66.9713 67.0945
1186 66.9713 67.189
1187 66.9713 67.078
1188 66.9713 66.9919
1189 66.9713 66.9713
1190 66.9713 66.9813
1191 66.9713 67.1874
1192 66.9713 66.9859
1193 66.9713 67.0326
1194 66.9713 66.9713
1195 66.9713 67.0453
1196 66.9713 67.0642
1197 66.9713 66.9961
1198 66.9713 66.9919
1199 66.9713 67.0072
1200 66.9713 67.123
1201 66.9713 67.2545
1202 66.9713 67.2882
1203 66.9713 66.9988
1204 66.9713 66.9713
1205 66.9713 66.9723
1206 66.9713 67.0128
1207 66.9713 67.0877
1208 66.9713 67.079
1209 66.9713 67.0642
1210 66.9713 67.1777
1211 66.9713 67.0059
1212 66.9713 67.296
1213 66.9713 67.4954
1214 66.9713 67.1011
1215 66.9713 67.1386
1216 66.9713 66.9713
1217 66.9713 66.9713
1218 66.9713 66.9713
1219 66.9713 66.9713
1220 66.9713 67.0588
1221 66.9713 67.128
1222 66.9713 66.9713
1223 66.9713 66.976
1224 66.9713 66.9756
1225 66.9713 66.9713
1226 66.9713 66.9825
1227 66.9713 67.0826
1228 66.9713 66.9713
1229 66.9713 67.0023
1230 66.9713 66.9974
1231 66.9713 67.0004
1232 66.9713 67.0376
1233 66.9713 66.9761
1234 66.9713 67.0678
1235 66.9713 67.0261
1236 66.9713 66.9847
1237 66.9713 67.0414
1238 66.9713 67.0066
1239 66.9713 67.0474
1240 66.9713 66.9713
1241 66.9713 66.9713
1242 66.9713 67.0142
1243 66.9713 66.9713
1244 66.9713 66.979
1245 66.9713 67.1274
1246 66.9713 67.1874
1247 66.9713 67.2755
1248 66.9713 66.9713
1249 66.9713 66.9765
1250 66.9713 66.9713
1251 66.9713 67.1213
1252 66.9713 67.0912
1253 66.9713 67.3837
1254 66.9713 67.018
1255 66.9713 67.1433
1256 66.9713 66.9745
1257 66.9713 66.9713
1258 66.9713 66.9713
1259 66.9713 66.9713
1260 66.9713 67.0802
1261 66.9713 67.0318
1262 66.9713 67.0439
1263 66.9713 67.1113
1264 66.9713 66.9787
1265 66.9713 67.0473
1266 66.9713 67.1917
1267 66.9713 67.0684
1268 66.9713 67.4057
1269 66.9713 67.1378
1270 66.9713 66.9732
1271 66.9713 67.0276
1272 66.9713 66.9713
1273 66.9713 66.9713
1274 66.9713 67.0125
1275 66.9713 67.0403
1276 66.9713 67.0732
1277 66.9713 67.0986
1278 66.9713 67.168
1279 66.9713 67.3788
1280 66.9713 67.1213
1281 66.9713 67.1079
1282 66.9713 67.1317
1283 66.9713 66.9732
1284 66.9713 67.0002
1285 66.9713 67.3521
1286 66.9713 67.1889
1287 66.9713 67.0688
1288 66.9713 66.9713
1289 66.9713 67.0366
1290 66.9713 67.1047
1291 66.9713 67.1944
1292 66.9713 66.9977
1293 66.9713 67.0658
1294 66.9713 67.066
1295 66.9713 67.0034
1296 66.9713 66.9713
1297 66.9713 66.9713
1298 66.9713 66.9713
1299 66.9713 66.9713
1300 66.9713 66.9818
1301 66.9713 66.9725
1302 66.9713 66.9762
1303 66.9713 66.9976
1304 66.9713 66.9885
1305 66.9713 66.9713
1306 66.9713 66.9713
1307 66.9713 66.9716
1308 66.9713 66.9713
1309 66.9713 67.0232
1310 66.9713 67.0425
1311 66.9713 67.0343
1312 66.9713 66.9727
1313 66.9713 66.9713
1314 66.9713 66.9713
1315 66.9713 66.9844
1316 66.9713 66.9713
1317 66.9713 66.9834
1318 66.9713 66.9966
1319 66.9713 66.9713
1320 66.9713 66.9713
1321 66.9713 66.9713
1322 66.9713 66.9926
1323 66.9713 66.9723
1324 66.9713 67.0319
1325 66.9713 66.99
1326 66.9713 66.9713
1327 66.9713 67.0031
1328 66.9713 66.9713
1329 66.9713 66.9713
1330 66.9713 67.1147
1331 66.9713 66.9713
1332 66.9713 66.9713
1333 66.9713 67.044
1334 66.9713 67.1159
1335 66.9713 66.9781
1336 66.9713 67.147
1337 66.9713 67.1374
1338 66.9713 66.9751
1339 66.9713 66.9713
1340 66.9713 66.9846
1341 66.9713 67.0428
1342 66.9713 67.0326
1343 66.9713 66.9766
1344 66.9713 66.9774
1345 66.9713 66.994
1346 66.9713 66.9765
1347 66.9713 66.9713
1348 66.9713 66.9808
1349 66.9713 66.9876
1350 66.9713 66.9713
1351 66.9713 66.9739
1352 66.9713 67.0068
1353 66.9713 67.0021
1354 66.9713 66.9713
1355 66.9713 66.9744
1356 66.9713 66.9713
1357 66.9713 66.9785
1358 66.9713 67.0233
1359 66.9713 66.991
1360 66.9713 66.9713
1361 66.9713 66.9728
1362 66.9713 66.9864
1363 66.9713 67.166
1364 66.9713 67.3551
1365 66.9713 67.0779
1366 66.9713 67.0037
1367 66.9713 66.9723
1368 66.9713 67.0269
1369 66.9713 66.987
1370 66.9713 67.0001
1371 66.9713 66.9744
1372 66.9713 66.9713
1373 66.9713 67.0034
1374 66.9713 67.0413
1375 66.9713 66.9713
1376 66.9713 67.0342
1377 66.9713 67.0034
1378 66.9713 67.0318
1379 66.9713 66.9897
1380 66.9713 66.9788
1381 66.9713 67.03
1382 66.9713 67.007
1383 66.9713 66.9713
1384 66.9713 66.9713
1385 66.9713 66.9828
1386 66.9713 66.9713
1387 66.9713 67.0252
1388 66.9713 67.0359
1389 66.9713 67.0266
1390 66.9713 67.0569
1391 66.9713 66.998
1392 66.9713 67.0019
1393 66.9713 66.9764
1394 66.9713 66.9746
1395 66.9713 66.9879
1396 66.9713 67.0411
1397 66.9713 67.1165
1398 66.9713 67.1355
1399 66.9713 67.4165
1400 66.9713 66.9848
1401 66.9713 67.1065
1402 66.9713 67.0551
1403 66.9713 66.9725
1404 66.9713 66.9876
1405 66.9713 67.0298
1406 66.9713 66.9713
1407 66.9713 67.046
1408 66.9713 67.0965
1409 66.9713 67.0254
1410 66.9713 67.0216
1411 66.9713 67.2708
1412 66.9713 67.0557
1413 66.9713 66.9756
1414 66.9713 67.0716
1415 66.9713 67.0203
1416 66.9713 67.191
1417 66.9713 67.0111
1418 66.9713 67.1666
1419 66.9713 67.2158
1420 66.9713 67.0627
1421 66.9713 66.9766
1422 66.9713 66.9859
1423 66.9713 66.9789
1424 66.9713 67.2325
1425 66.9713 66.9812
1426 66.9713 67.1361
1427 66.9713 66.9959
1428 66.9713 67.166
1429 66.9713 66.9819
1430 66.9713 67.0206
1431 66.9713 66.9872
1432 66.9713 67.0128
1433 66.9713 66.9844
1434 66.9713 67.0646
1435 66.9713 66.9713
1436 66.9713 66.9713
1437 66.9713 66.9713
1438 66.9713 67.0268
1439 66.9713 67.0768
1440 66.9713 67.0311
1441 66.9713 66.9849
1442 66.9713 67.0677
1443 66.9713 66.9758
1444 66.9713 67.0519
1445 66.9713 67.1556
1446 66.9713 67.314
1447 66.9713 67.1279
1448 66.9713 67.1957
1449 66.9713 67.2898
1450 66.8256 66.9879
1451 66.8256 67.0656
1452 66.8256 67.0176
1453 66.8256 66.9413
1454 66.8256 66.8918
1455 66.8256 66.9118
1456 66.8256 66.8637
1457 66.8256 67.2084
1458 66.8256 66.8595
1459 66.8256 66.8353
1460 66.8256 66.8454
1461 66.8256 66.8726
1462 66.8256 66.8545
1463 66.8256 66.8463
1464 66.8256 66.8262
1465 66.8256 66.8524
1466 66.8256 66.9035
1467 66.8256 66.8302
1468 66.8256 66.848
1469 66.8256 66.8288
1470 66.8256 66.8568
1471 66.8256 66.8256
1472 66.8256 66.8351
1473 66.8256 66.882
1474 66.8256 66.8583
1475 66.8256 66.8632
1476 66.8256 66.8509
1477 66.8256 66.9448
1478 66.8256 66.8275
1479 66.8256 66.8256
1480 66.8256 66.8256
1481 66.8256 66.8256
1482 66.8256 66.8422
1483 66.8256 66.8683
1484 66.8256 67.0181
1485 66.8256 67.1421
1486 66.8256 66.9118
1487 66.8256 66.8883
1488 66.8256 66.8462
1489 66.8256 66.8715
1490 66.8256 66.8256
1491 66.8256 66.8342
1492 66.8256 66.8256
1493 66.8256 66.8256
1494 66.8256 66.853
1495 66.8256 66.8982
1496 66.8256 66.8256
1497 66.8256 66.8421
1498 66.8256 66.9108
1499 66.8256 66.8601
1500 66.8256 66.861
1501 66.8256 67.1716
1502 66.8256 67.0815
1503 66.8256 66.8821
1504 66.8256 67.0921
1505 66.8256 66.8535
1506 66.8256 66.8846
1507 66.8256 66.8256
1508 66.8256 66.827
1509 66.8256 66.898
1510 66.8256 66.8373
1511 66.8256 66.8256
1512 66.8256 66.8521
1513 66.8256 66.8844
1514 66.8256 66.8859
1515 66.8256 67.1601
1516 66.8256 66.8953
1517 66.8256 66.8443
1518 66.8256 66.8336
1519 66.8256 66.9505
1520 66.8256 66.9475
1521 66.8256 66.8505
1522 66.8256 67.0706
1523 66.8256 67.0728
1524 66.8256 66.9497
1525 66.8256 66.8499
1526 66.8256 66.8539
1527 66.8256 66.8844
1528 66.8256 66.8544
1529 66.8256 66.8256
1530 66.8256 66.9086
1531 66.8256 66.8954
1532 66.8256 67.011
1533 66.8256 67.084
1534 66.8256 67.0942
1535 66.8256 66.9596
1536 66.8256 66.8333
1537 66.8256 66.8545
1538 66.8256 66.8486
1539 66.8256 66.8256
1540 66.8256 66.8256
1541 66.8256 66.8727
1542 66.8256 66.8759
1543 66.8256 66.8883
1544 66.8256 66.8974
1545 66.8256 66.8311
1546 66.8256 66.9296
1547 66.8256 66.8487
1548 66.8256 66.8256
1549 66.8256 66.8257
1550 66.8256 66.8256
1551 66.8256 66.8256
1552 66.8256 66.8533
1553 66.8256 66.9729
1554 66.8256 67.0853
1555 66.8256 66.8458
1556 66.8256 66.8404
1557 66.8256 66.8922
1558 66.8256 66.9903
1559 66.8256 66.9775
1560 66.8256 66.8625
1561 66.8256 67.1101
1562 66.8256 66.8647
1563 66.8256 66.9449
1564 66.8256 66.8256
1565 66.8256 66.8256
1566 66.8256 66.8256
1567 66.8256 66.8256
1568 66.8256 66.8256
1569 66.8256 66.9781
1570 66.8256 66.8849
1571 66.8256 66.8638
1572 66.8256 66.8492
1573 66.8256 66.8256
1574 66.8256 66.8807
1575 66.8256 67.0345
1576 66.8256 66.9269
1577 66.8256 66.9825
1578 66.8256 66.9062
1579 66.8256 66.8256
1580 66.8256 66.8256
1581 66.8256 66.9807
1582 66.8256 66.9492
1583 66.8256 66.8904
1584 66.8256 66.885
1585 66.8256 67.0579
1586 66.8256 67.0646
1587 66.8256 67.2243
1588 66.8256 66.9025
1589 66.8256 66.9897
1590 66.8256 67.3161
1591 66.8256 66.8957
1592 66.8256 66.8793
1593 66.8256 66.8566
1594 66.8256 66.94
1595 66.8256 66.8256
1596 66.8256 66.8709
1597 66.8256 66.9054
1598 66.8256 66.8382
1599 66.8256 66.8348
1600 66.8256 66.8256
1601 66.8256 66.8272
1602 66.8256 66.8256
1603 66.8256 66.8256
1604 66.8256 66.8371
1605 66.8256 67.0666
1606 66.8256 66.8256
1607 66.8256 66.8256
1608 66.8256 66.8492
1609 66.8256 66.8437
1610 66.8256 66.83
1611 66.8256 66.8256
1612 66.8256 66.8665
1613 66.8256 66.9873
1614 66.8256 67.0795
1615 66.8256 66.9026
1616 66.8256 66.8294
1617 66.8256 66.8256
1618 66.8256 66.8256
1619 66.8256 66.8256
1620 66.8256 66.9034
1621 66.8256 66.8775
1622 66.8256 66.8341
1623 66.8256 66.8497
1624 66.8256 66.8326
1625 66.8256 66.868
1626 66.8256 67.0096
1627 66.8256 66.8557
1628 66.8256 67.0418
1629 66.8256 66.9499
1630 66.8256 66.9827
1631 66.8256 66.8653
1632 66.8256 66.8256
1633 66.8256 66.8489
1634 66.8256 66.8256
1635 66.8256 66.8256
1636 66.8256 66.8256
1637 66.8256 66.8256
1638 66.8256 66.8256
1639 66.8256 66.8372
1640 66.8256 66.8256
1641 66.8256 66.8282
1642 66.8256 66.8931
1643 66.8256 66.8325
1644 66.8256 66.9895
1645 66.8256 67.178
1646 66.8256 67.0674
1647 66.8256 67.0478
1648 66.8256 66.8759
1649 66.8256 66.8266
1650 66.8256 66.9316
1651 66.8256 66.8938
1652 66.8256 66.8459
1653 66.8256 66.8256
1654 66.8256 66.8632
1655 66.8256 66.8262
1656 66.8256 66.9212
1657 66.8256 66.8742
1658 66.8256 66.8449
1659 66.8256 66.8256
1660 66.8256 66.8501
1661 66.8256 66.9196
1662 66.8256 66.8309
1663 66.8256 66.833
1664 66.8256 66.8936
1665 66.8256 67.056
1666 66.8256 66.9168
1667 66.8256 67.0909
1668 66.8256 66.9069
1669 66.8256 66.8274
1670 66.8256 66.8256
1671 66.8256 66.8256
1672 66.8256 66.8256
1673 66.8256 66.836
1674 66.8256 66.829
1675 66.8256 66.8256
1676 66.8256 66.906
1677 66.8256 66.845
1678 66.8256 66.8962
1679 66.8256 67.0293
1680 66.8256 66.9004
1681 66.8256 66.9773
1682 66.8256 66.9852
1683 66.8256 66.9123
1684 66.8256 67.0116
1685 66.8256 66.9396
1686 66.8256 66.9824
1687 66.8256 66.9118
1688 66.8256 66.9397
1689 66.8256 66.9808
1690 66.8256 66.8972
1691 66.8256 66.8436
1692 66.8256 67.0633
1693 66.8256 67.34
1694 66.8256 66.8601
1695 66.8256 66.8496
1696 66.8256 66.8308
1697 66.8256 66.8256
1698 66.8256 66.8281
1699 66.8256 66.8256
1700 66.8256 66.8267
1701 66.8256 66.8256
1702 66.8256 66.8256
1703 66.8256 66.8256
1704 66.8256 66.8256
1705 66.8256 66.8256
1706 66.8256 66.8256
1707 66.8256 66.8256
1708 66.8256 66.9571
1709 66.8256 66.8416
1710 66.8256 66.8256
1711 66.8256 66.8256
1712 66.8256 66.8256
1713 66.8256 66.9041
1714 66.8256 66.9073
1715 66.8256 66.8769
1716 66.8256 66.8408
1717 66.8256 66.8558
1718 66.8256 66.898
1719 66.8256 66.878
1720 66.8256 66.8256
1721 66.8256 66.8712
1722 66.8256 66.8488
1723 66.8256 66.9693
1724 66.8256 66.8467
1725 66.8256 66.958
1726 66.8256 66.8286
1727 66.8256 66.8256
1728 66.8256 66.8256
1729 66.8256 66.8256
1730 66.8256 66.8344
1731 66.8256 66.8608
1732 66.8256 66.8321
1733 66.8256 66.8296
1734 66.8256 67.0559
1735 66.8256 67.152
1736 66.8256 67.1486
1737 66.8256 66.9167
1738 66.8256 66.8691
1739 66.8256 66.8373
1740 66.8256 66.8256
1741 66.8256 66.9672
1742 66.8256 66.8282
1743 66.8256 66.8502
1744 66.8256 66.8325
1745 66.8256 66.8801
1746 66.8256 66.8256
1747 66.8256 66.8419
1748 66.8256 66.8256
1749 66.8256 67.0018
1750 66.8256 66.9198
1751 66.8256 66.8797
1752 66.8256 67.1788
1753 66.8256 67.0549
1754 66.8256 67.0592
1755 66.8256 66.8855
1756 66.8256 66.8414
1757 66.8256 66.9268
1758 66.8256 66.9544
1759 66.8256 66.9057
1760 66.8256 66.8898
1761 66.8256 66.8256
1762 66.8256 66.85
1763 66.8256 66.8414
1764 66.8256 66.8256
1765 66.8256 66.8727
1766 66.8256 66.9633
1767 66.8256 67.0637
1768 66.8256 66.9958
1769 66.8256 66.831
1770 66.8256 66.8256
1771 66.8256 66.8332
1772 66.8256 66.84
1773 66.8256 66.8853
1774 66.8256 66.9183
1775 66.8256 66.8865
1776 66.8256 66.8327
1777 66.8256 66.8301
1778 66.8256 66.8256
1779 66.8256 66.9129
1780 66.8256 66.9964
1781 66.8256 66.9072
1782 66.8256 66.9779
1783 66.8256 66.9828
1784 66.8256 66.8916
1785 66.8256 67.0408
1786 66.8256 66.9117
1787 66.8256 66.9281
1788 66.8256 66.8396
1789 66.8256 66.8256
1790 66.8256 66.8456
1791 66.8256 66.8256
1792 66.8256 66.852
1793 66.8256 66.8373
1794 66.8256 66.8417
1795 66.8256 66.8272
1796 66.8256 66.8403
1797 66.8256 66.8282
1798 66.8256 66.8256
1799 66.8256 66.8256
1800 66.8256 67.057
1801 66.8256 67.0516
1802 66.8256 67.0408
1803 66.8256 66.9555
1804 66.8256 67.0687
1805 66.8256 67.1469
1806 66.8256 66.9913
1807 66.8256 66.8841
1808 66.8256 66.8738
1809 66.8256 66.9295
1810 66.8256 66.9772
1811 66.8256 66.8841
1812 66.8256 66.8394
1813 66.8256 66.8465
1814 66.8256 66.9374
1815 66.8256 67.1716
1816 66.8256 67.079
1817 66.8256 67.1601
1818 66.8256 67.1244
1819 66.8256 66.8816
1820 66.8256 66.908
1821 66.8256 67.0335
1822 66.8256 67.236
1823 66.8256 66.9744
1824 66.8256 66.8346
1825 66.8256 66.8256
1826 66.8256 66.8256
1827 66.8256 66.8639
1828 66.8256 66.8618
1829 66.8256 66.8289
1830 66.8256 67.0723
1831 66.8256 66.8628
1832 66.8256 66.844
1833 66.8256 66.8896
1834 66.8256 66.8704
1835 66.8256 66.8357
1836 66.8256 66.8256
1837 66.8256 66.8398
1838 66.8256 66.8256
1839 66.8256 66.8256
1840 66.8256 66.8349
1841 66.8256 67.1504
1842 66.8256 66.8659
1843 66.8256 66.8867
1844 66.8256 66.9283
1845 66.8256 67.0681
1846 66.8256 66.8966
1847 66.8256 66.9202
1848 66.8256 66.9382
1849 66.8256 67.0865
1850 66.8256 66.8359
1851 66.8256 66.851
1852 66.8256 66.8969
1853 66.8256 66.8392
1854 66.8256 66.8256
1855 66.8256 66.8256
1856 66.8256 66.8905
1857 66.8256 66.8962
1858 66.8256 67.0485
1859 66.8256 66.8548
1860 66.8256 66.8764
1861 66.8256 66.8427
1862 66.8256 66.8432
1863 66.8256 66.8376
1864 66.8256 66.8529
1865 66.8256 66.8256
1866 66.8256 66.8638
1867 66.8256 66.8844
1868 66.8256 66.8355
1869 66.8256 66.8256
1870 66.8256 66.8256
1871 66.8256 67.0064
1872 66.8256 66.8937
1873 66.8256 66.8312
1874 66.8256 66.8256
1875 66.8256 66.8256
1876 66.8256 66.872
1877 66.8256 67.0522
1878 66.8256 66.9451
1879 66.8256 67.0395
1880 66.8256 66.8789
1881 66.8256 66.9384
1882 66.8256 66.8869
1883 66.8256 66.8623
1884 66.8256 66.9415
1885 66.8256 66.8589
1886 66.8256 66.8769
1887 66.8256 66.8256
1888 66.8256 66.9767
1889 66.8256 66.9165
1890 66.8256 66.8256
1891 66.8256 66.8392
1892 66.8256 66.8879
1893 66.8256 66.8268
1894 66.8256 66.8293
1895 66.8256 66.8256
1896 66.8256 66.8774
1897 66.8256 66.8517
1898 66.8256 66.8256
1899 66.8256 66.8256
1900 66.8256 66.8256
1901 66.8256 66.9033
1902 66.8256 66.8323
1903 66.8256 66.8943
1904 66.8256 67.042
1905 66.8256 66.9644
1906 66.8256 66.9397
1907 66.8256 67.0762
1908 66.8256 66.9315
1909 66.8256 66.8256
1910 66.8256 66.8685
1911 66.8256 66.9283
1912 66.8256 66.8264
1913 66.8256 66.8256
1914 66.8256 66.8495
1915 66.8256 66.8963
1916 66.8256 66.9223
1917 66.8256 66.8376
1918 66.8256 66.8391
1919 66.8256 67.1208
1920 66.8256 67.0536
1921 66.8256 67.0511
1922 66.8256 66.9076
1923 66.8256 66.9375
1924 66.8256 67.0491
1925 66.8256 66.8407
1926 66.8256 66.938
1927 66.8256 67.0505
1928 66.8256 67.0056
1929 66.8256 67.0287
1930 66.8256 66.8268
1931 66.8256 66.9003
1932 66.8256 66.873
1933 66.8256 66.8353
1934 66.8256 66.8294
1935 66.8256 66.8612
1936 66.8256 66.8266
1937 66.8256 66.9968
1938 66.8256 66.8729
1939 66.8256 66.9684
1940 66.8256 66.8267
1941 66.8256 66.8257
1942 66.8256 66.8596
1943 66.8256 66.875
1944 66.8256 67.0232
1945 66.8256 67.001
1946 66.8256 66.9537
1947 66.8256 66.8841
1948 66.8256 67.1786
1949 66.8256 66.8494
1950 66.8256 66.8264
1951 66.8256 66.9707
1952 66.8256 67.0422
1953 66.8256 66.9228
1954 66.8256 67.0749
1955 66.8256 66.9825
1956 66.8256 66.9667
1957 66.8256 67.0463
1958 66.8256 66.8642
1959 66.8256 66.8293
1960 66.8256 66.8256
1961 66.8256 66.8256
1962 66.8256 66.839
1963 66.8256 66.8444
1964 66.8256 66.8478
1965 66.8256 66.942
1966 66.8256 67.0593
1967 66.8256 66.957
1968 66.8256 67.0314
1969 66.8256 67.1552
1970 66.8256 66.9234
1971 66.8256 66.8279
1972 66.8256 66.8333
1973 66.8256 66.8267
1974 66.8256 66.8466
1975 66.8256 66.8256
1976 66.8256 66.8256
1977 66.8256 66.8577
1978 66.8256 66.9996
1979 66.8256 67.0105
1980 66.8256 66.8897
1981 66.8256 67.0362
1982 66.8256 67.375
1983 66.8256 67.1177
1984 66.8256 67.0474
1985 66.8256 66.8256
1986 66.8256 66.8454
1987 66.8256 66.8256
1988 66.8256 66.8256
1989 66.8256 66.8862
1990 66.8256 66.8298
1991 66.8256 66.88
1992 66.8256 66.8256
1993 66.8256 66.8388
1994 66.8256 66.9301
1995 66.8256 67.1259
1996 66.8256 67.0137
1997 66.8256 67.1814
1998 66.8256 67.091
1999 66.8256 66.9923
2000 66.8256 66.8256
2001 66.8256 66.8256
2002 66.8256 66.8284
2003 66.8256 66.9148
2004 66.8256 66.8881
2005 66.8256 66.9153
2006 66.8256 67.1229
2007 66.8256 66.8695
2008 66.8256 66.8256
2009 66.8256 67.0249
2010 66.8256 66.883
2011 66.8256 66.8256
2012 66.8256 66.8471
2013 66.8256 66.8398
2014 66.8256 66.8256
2015 66.8256 66.8608
2016 66.8256 66.8685
2017 66.8256 66.8256
2018 66.8256 66.8256
2019 66.8256 66.8256
2020 66.8256 66.8256
2021 66.8256 66.8266
2022 66.8256 66.9817
2023 66.8256 66.907
2024 66.8256 66.8256
2025 66.8256 66.9942
2026 66.8256 66.8695
2027 66.8256 66.988
2028 66.8256 67.0267
2029 66.8256 66.8809
2030 66.8256 66.9124
2031 66.8256 66.8256
2032 66.8256 66.8256
2033 66.8256 66.8364
2034 66.8256 66.8256
2035 66.8256 66.8256
2036 66.8256 66.8801
2037 66.8256 66.8438
2038 66.8256 66.8272
2039 66.8256 66.9913
2040 66.8256 66.869
2041 66.8256 66.8403
2042 66.8256 66.8282
2043 66.8256 66.8399
2044 66.8256 66.8546
2045 66.8256 66.8256
2046 66.8256 66.8256
2047 66.8256 66.8256
2048 66.8256 66.8256
2049 66.8256 66.8268
2050 66.8256 67.3625
2051 66.8256 67.502
2052 66.8256 67.2907
2053 66.8256 66.8534
2054 66.8256 66.8653
2055 66.8256 66.8781
2056 66.8256 66.9571
2057 66.8256 66.9031
2058 66.8256 66.8712
2059 66.8256 66.842
2060 66.8256 66.8502
2061 66.8256 66.8306
2062 66.8256 66.8437
2063 66.8256 66.9061
2064 66.8256 67.0086
2065 66.8256 66.9599
2066 66.8256 66.8256
2067 66.8256 66.8653
2068 66.8256 66.8826
2069 66.8256 66.8413
2070 66.8256 66.8749
2071 66.8256 67.2281
2072 66.8256 67.1195
2073 66.8256 66.8837
2074 66.8256 66.9399
2075 66.8256 66.8847
2076 66.8256 66.8465
2077 66.8256 66.9218
2078 66.8256 66.8995
2079 66.8256 66.8256
2080 66.8256 66.8256
2081 66.8256 66.8313
2082 66.8256 66.9426
2083 66.8256 67.3063
2084 66.8256 66.8325
2085 66.8256 66.8342
2086 66.8256 66.8691
2087 66.8256 66.8796
2088 66.8256 67.0146
2089 66.8256 66.8256
2090 66.8256 66.8719
2091 66.8256 66.8294
2092 66.8256 66.8737
2093 66.8256 67.0096
2094 66.8256 66.8704
2095 66.8256 66.8526
2096 66.8256 66.8644
2097 66.8256 66.9281
2098 66.8256 66.8387
2099 66.8256 66.8533
2100 66.6123 66.831
2101 66.6123 66.8695
2102 66.6123 66.7169
2103 66.6123 66.8709
2104 66.6123 66.7231
2105 66.6123 66.7342
2106 66.6123 66.6123
2107 66.6123 66.7223
2108 66.6123 66.8021
2109 66.6123 66.758
2110 66.6123 66.6303
2111 66.6123 66.6139
2112 66.6123 66.6123
2113 66.6123 66.6436
2114 66.6123 66.6415
2115 66.6123 66.7344
2116 66.6123 66.8322
2117 66.6123 66.6766
2118 66.6123 66.7141
2119 66.6123 66.7795
2120 66.6123 66.962
2121 66.6123 66.7197
2122 66.6123 66.6123
2123 66.6123 66.6379
2124 66.6123 66.7071
2125 66.6123 66.9297
2126 66.6123 66.7396
2127 66.6123 66.6536
2128 66.6123 66.6177
2129 66.6123 66.6759
2130 66.6123 66.683
2131 66.6123 66.6682
2132 66.6123 66.7898
2133 66.6123 66.9331
2134 66.6123 66.7732
2135 66.6123 66.6804
2136 66.6123 66.85
2137 66.6123 67.0275
2138 66.6123 66.951
2139 66.6123 66.9807
2140 66.6123 66.757
2141 66.6123 66.6563
2142 66.6123 66.7567
2143 66.6123 66.6518
2144 66.6123 66.863
2145 66.6123 66.6251
2146 66.6123 66.6971
2147 66.6123 66.7402
2148 66.6123 66.8204
2149 66.6123 66.6931
2150 66.6123 66.6211
2151 66.6123 66.665
2152 66.6123 66.6123
2153 66.6123 66.6516
2154 66.6123 66.7146
2155 66.6123 66.6376
2156 66.6123 66.6462
2157 66.6123 66.6123
2158 66.6123 66.6356
2159 66.6123 66.6494
2160 66.6123 66.6904
2161 66.6123 66.7817
2162 66.6123 66.6297
2163 66.6123 66.639
2164 66.6123 66.6123
2165 66.6123 66.7487
2166 66.6123 66.7326
2167 66.6123 66.6162
2168 66.6123 66.7077
2169 66.6123 66.6803
2170 66.6123 66.6173
2171 66.6123 66.6359
2172 66.6123 66.6213
2173 66.6123 66.6398
2174 66.6123 66.6123
2175 66.6123 66.6318
2176 66.6123 66.641
2177 66.6123 66.6166
2178 66.6123 66.6739
2179 66.6123 66.6216
2180 66.6123 66.6123
2181 66.6123 66.6397
2182 66.6123 66.7164
2183 66.6123 66.6428
2184 66.6123 66.9283
2185 66.6123 66.8266
2186 66.6123 66.6295
2187 66.6123 66.668
2188 66.6123 66.7605
2189 66.6123 66.7512
2190 66.6123 66.9369
2191 66.6123 66.6415
2192 66.6123 66.6123
2193 66.6123 66.6123
2194 66.6123 66.6431
2195 66.6123 66.6168
2196 66.6123 66.6147
2197 66.6123 66.6123
2198 66.6123 66.6846
2199 66.6123 66.6123
2200 66.6123 66.6123
2201 66.6123 66.6322
2202 66.6123 66.6682
2203 66.6123 66.6603
2204 66.6123 66.6993
2205 66.6123 66.614
2206 66.6123 66.6123
2207 66.6123 66.6123
2208 66.6123 66.9944
2209 66.6123 66.8189
2210 66.6123 66.8671
2211 66.6123 66.866
2212 66.6123 66.7016
2213 66.6123 66.672
2214 66.6123 66.6894
2215 66.6123 66.8218
2216 66.6123 66.7289
2217 66.6123 66.6402
2218 66.6123 66.6855
2219 66.6123 66.642
2220 66.6123 66.6218
2221 66.6123 66.6876
2222 66.6123 66.6654
2223 66.6123 66.6123
2224 66.6123 66.6123
2225 66.6123 66.6455
2226 66.6123 66.8507
2227 66.6123 66.6123
2228 66.6123 66.6144
2229 66.6123 66.6294
2230 66.6123 66.8761
2231 66.6123 66.8556
2232 66.6123 66.8875
2233 66.6123 66.7479
2234 66.6123 66.6123
2235 66.6123 66.6449
2236 66.6123 66.6181
2237 66.6123 66.6148
2238 66.6123 66.6123
2239 66.6123 66.6312
2240 66.6123 66.6658
2241 66.6123 66.6134
2242 66.6123 66.6123
2243 66.6123 66.6123
2244 66.6123 66.6345
2245 66.6123 66.7269
2246 66.6123 66.702
2247 66.6123 66.7052
2248 66.6123 66.6246
2249 66.6123 66.6246
2250 66.6123 66.6574
2251 66.6123 66.6293
2252 66.6123 66.8298
2253 66.6123 66.6123
2254 66.6123 66.644
2255 66.6123 66.6138
2256 66.6123 66.6775
2257 66.6123 66.6123
2258 66.6123 66.6404
2259 66.6123 66.6347
2260 66.6123 66.6123
2261 66.6123 66.6123
2262 66.6123 66.616
2263 66.6123 66.6191
2264 66.6123 66.6319
2265 66.6123 66.6153
2266 66.6123 66.6603
2267 66.6123 66.6161
2268 66.6123 66.6123
2269 66.6123 66.7862
2270 66.6123 66.9241
2271 66.6123 66.6133
2272 66.6123 66.9176
2273 66.6123 66.6555
2274 66.6123 66.6129
2275 66.6123 66.6123
2276 66.6123 66.6362
2277 66.6123 66.6123
2278 66.6123 66.6255
2279 66.6123 66.6539
2280 66.6123 66.6958
2281 66.6123 66.9011
2282 66.6123 66.6774
2283 66.6123 66.6668
2284 66.6123 66.6889
2285 66.6123 66.6132
2286 66.6123 66.6608
2287 66.6123 66.7128
2288 66.6123 66.6914
2289 66.6123 66.706
2290 66.6123 66.6494
2291 66.6123 66.6769
2292 66.6123 66.7519
2293 66.6123 66.7668
2294 66.6123 66.6275
2295 66.6123 66.6425
2296 66.6123 66.6523
2297 66.6123 66.6555
2298 66.6123 66.744
2299 66.6123 66.6937
2300 66.6123 66.6123
2301 66.6123 66.6123
2302 66.6123 66.6257
2303 66.6123 66.7024
2304 66.6123 66.6123
2305 66.6123 66.6959
2306 66.6123 66.6123
2307 66.6123 66.7571
2308 66.6123 66.6123
2309 66.6123 66.6158
2310 66.6123 66.6123
2311 66.6123 66.6123
2312 66.6123 66.6144
2313 66.6123 66.6123
2314 66.6123 66.6157
2315 66.6123 66.6123
2316 66.6123 66.6123
2317 66.6123 66.6182
2318 66.6123 66.6198
2319 66.6123 66.632
2320 66.6123 66.6123
2321 66.6123 66.8271
2322 66.6123 66.7775
2323 66.6123 67.1477
2324 66.6123 66.8116
2325 66.6123 67.0475
2326 66.6123 66.8319
2327 66.6123 66.6314
2328 66.6123 66.6123
2329 66.6123 66.7503
2330 66.6123 66.6388
2331 66.6123 66.8146
2332 66.6123 66.7433
2333 66.6123 66.8332
2334 66.6123 66.6496
2335 66.6123 66.6391
2336 66.6123 66.8072
2337 66.6123 66.8081
2338 66.6123 66.6695
2339 66.6123 66.6527
2340 66.6123 66.626
2341 66.6123 66.7669
2342 66.6123 66.6995
2343 66.6123 66.7051
2344 66.6123 66.6849
2345 66.6123 66.6895
2346 66.6123 66.6657
2347 66.6123 66.6221
2348 66.6123 66.7192
2349 66.6123 66.8942
2350 66.4952 66.9024
2351 66.4952 66.9279
2352 66.4952 66.619
2353 66.4952 66.6614
2354 66.4952 66.7762
2355 66.4952 66.6014
2356 66.4952 66.4952
2357 66.4952 66.4952
2358 66.4952 66.4952
2359 66.4952 66.5203
2360 66.4952 66.5415
2361 66.4952 66.5067
2362 66.4952 66.4997
2363 66.4952 66.496
2364 66.4952 66.7589
2365 66.4952 66.5171
2366 66.4952 66.5516
2367 66.4952 66.4952
2368 66.4952 66.4952
2369 66.4952 66.5611
2370 66.4952 66.5386
2371 66.4952 66.4952
2372 66.4952 66.4952
2373 66.4952 66.4952
2374 66.4952 66.5621
2375 66.4952 66.5574
2376 66.4952 66.4952
2377 66.4952 66.6806
2378 66.4952 66.5195
2379 66.4952 66.5413
2380 66.4952 66.6226
2381 66.4952 66.545
2382 66.4952 66.4952
2383 66.4952 66.5328
2384 66.4952 66.5226
2385 66.4952 66.5293
2386 66.4952 66.5572
2387 66.4952 66.4952
2388 66.4952 66.5124
2389 66.4952 66.5318
2390 66.4952 66.5288
2391 66.4952 66.5724
2392 66.4952 66.5286
2393 66.4952 66.5257
2394 66.4952 66.5316
2395 66.4952 66.4952
2396 66.4952 66.4952
2397 66.4952 66.4952
2398 66.4952 66.4952
2399 66.4952 66.522
2400 66.4952 66.9218
2401 66.4952 66.6084
2402 66.4952 66.8018
2403 66.4952 66.9134
2404 66.4952 66.8176
2405 66.4952 66.5015
2406 66.4952 66.5698
2407 66.4952 66.5093
2408 66.4952 66.5426
2409 66.4952 66.5619
2410 66.4952 66.5085
2411 66.4952 66.5256
2412 66.4952 66.5048
2413 66.4952 66.5423
2414 66.4952 66.7304
2415 66.4952 66.5976
2416 66.4952 66.7843
2417 66.4952 66.584
2418 66.4952 66.514
2419 66.4952 66.4967
2420 66.4952 66.5356
2421 66.4952 66.512
2422 66.4952 66.5477
2423 66.4952 66.558
2424 66.4952 66.5086
2425 66.4952 66.6121
2426 66.4952 66.5627
2427 66.4952 66.4952
2428 66.4952 66.4952
2429 66.4952 66.4952
2430 66.4952 66.5281
2431 66.4952 66.5318
2432 66.4952 66.4961
2433 66.4952 66.4952
2434 66.4952 66.4962
2435 66.4952 66.5215
2436 66.4952 66.7343
2437 66.4952 66.7273
2438 66.4952 66.6851
2439 66.4952 66.6069
2440 66.4952 66.6794
2441 66.4952 66.5374
2442 66.4952 66.4967
2443 66.4952 66.6012
2444 66.4952 66.5993
2445 66.4952 66.5505
2446 66.4952 66.6745
2447 66.4952 66.6325
2448 66.4952 66.5709
2449 66.4952 66.6542
2450 66.4952 66.7506
2451 66.4952 66.7515
2452 66.4952 66.6215
2453 66.4952 66.532
2454 66.4952 66.7453
2455 66.4952 66.5525
2456 66.4952 66.523
2457 66.4952 66.5032
2458 66.4952 66.5021
2459 66.4952 66.5035
2460 66.4952 66.5254
2461 66.4952 66.4952
2462 66.4952 66.4952
2463 66.4952 66.5207
2464 66.4952 66.5907
2465 66.4952 66.5314
2466 66.4952 66.5972
2467 66.4952 66.5294
2468 66.4952 66.4952
2469 66.4952 66.4952
2470 66.4952 66.4952
2471 66.4952 66.5596
2472 66.4952 66.4962
2473 66.4952 66.7451
2474 66.4952 66.5325
2475 66.4952 66.5813
2476 66.4952 66.5676
2477 66.4952 66.4996
2478 66.4952 66.4952
2479 66.4952 66.4952
2480 66.4952 66.5443
2481 66.4952 66.5854
2482 66.4952 66.6462
2483 66.4952 66.5558
2484 66.4952 66.5292
2485 66.4952 66.6002
2486 66.4952 66.7125
2487 66.4952 66.8882
2488 66.4952 66.8768
2489 66.4952 66.535
2490 66.4952 66.5022
2491 66.4952 66.5011
2492 66.4952 66.4952
2493 66.4952 66.4952
2494 66.4952 66.5635
2495 66.4952 66.5248
2496 66.4952 66.4952
2497 66.4952 66.4952
2498 66.4952 66.5325
2499 66.4952 66.4952
2500 66.4952 66.5922
2501 66.4952 66.5677
2502 66.4952 66.5101
2503 66.4952 66.527
2504 66.4952 66.6732
2505 66.4952 66.6642
2506 66.4952 66.5031
2507 66.4952 66.4989
2508 66.4952 66.4996
2509 66.4952 66.5043
2510 66.4952 66.5758
2511 66.4952 66.4952
2512 66.4952 66.4952
2513 66.4952 66.5092
2514 66.4952 66.7391
2515 66.4952 66.5992
2516 66.4952 66.6717
2517 66.4952 66.5038
2518 66.4952 66.5114
2519 66.4952 66.5918
2520 66.4952 66.656
2521 66.4952 66.8427
2522 66.4952 66.4952
2523 66.4952 66.503
2524 66.4952 66.5443
2525 66.4952 66.6343
2526 66.4952 66.5341
2527 66.4952 66.5759
2528 66.4952 66.5494
2529 66.4952 66.5091
2530 66.4952 66.5623
2531 66.4952 66.62
2532 66.4952 66.5035
2533 66.4952 66.5259
2534 66.4952 66.4952
2535 66.4952 66.6915
2536 66.4952 66.5775
2537 66.4952 66.52
2538 66.4952 66.6837
2539 66.4952 66.8341
2540 66.4952 66.6381
2541 66.4952 66.733
2542 66.4952 66.9119
2543 66.4952 66.7741
2544 66.4952 66.5324
2545 66.4952 66.5498
2546 66.4952 66.4952
2547 66.4952 66.5007
2548 66.4952 66.4952
2549 66.4952 66.5273
2550 66.4952 66.8486
2551 66.4952 66.5678
2552 66.4952 66.5762
2553 66.4952 66.5129
2554 66.4952 66.4952
2555 66.4952 66.4952
2556 66.4952 66.4952
2557 66.4952 66.4952
2558 66.4952 66.5088
2559 66.4952 66.5611
2560 66.4952 66.6006
2561 66.4952 66.557
2562 66.4952 66.5054
2563 66.4952 66.4952
2564 66.4952 66.537
2565 66.4952 66.4982
2566 66.4952 66.5252
2567 66.4952 66.5385
2568 66.4952 66.5035
2569 66.4952 66.5755
2570 66.4952 66.5455
2571 66.4952 66.6139
2572 66.4952 66.4952
2573 66.4952 66.4986
2574 66.4952 66.5331
2575 66.4952 66.5615
2576 66.4952 66.4952
2577 66.4952 66.4952
2578 66.4952 66.6019
2579 66.4952 66.5628
2580 66.4952 66.5805
2581 66.4952 66.5087
2582 66.4952 66.715
2583 66.4952 66.6496
2584 66.4952 66.7494
2585 66.4952 66.4977
2586 66.4952 66.6257
2587 66.4952 66.5808
2588 66.4952 66.5209
2589 66.4952 66.5481
2590 66.4952 66.6304
2591 66.4952 66.5632
2592 66.4952 66.5027
2593 66.4952 66.5408
2594 66.4952 67.0856
2595 66.4952 66.7209
2596 66.4952 66.7688
2597 66.4952 66.673
2598 66.4952 66.6473
2599 66.4952 66.6445
2600 66.4952 66.4952
2601 66.4952 66.4952
2602 66.4952 66.4978
2603 66.4952 66.4952
2604 66.4952 66.7126
2605 66.4952 67.151
2606 66.4952 66.5306
2607 66.4952 66.5428
2608 66.4952 66.5492
2609 66.4952 66.5328
2610 66.4952 66.6275
2611 66.4952 66.6121
2612 66.4952 66.507
2613 66.4952 66.6075
2614 66.4952 66.5486
2615 66.4952 66.5785
2616 66.4952 66.5508
2617 66.4952 66.8573
2618 66.4952 66.8312
2619 66.4952 66.6456
2620 66.4952 66.5942
2621 66.4952 66.6968
2622 66.4952 66.8013
2623 66.4952 66.5196
2624 66.4952 66.5013
2625 66.4952 66.6219
2626 66.4952 66.5992
2627 66.4952 66.5728
2628 66.4952 66.5093
2629 66.4952 66.525
2630 66.4952 66.6252
2631 66.4952 66.5189
2632 66.4952 66.4952
2633 66.4952 66.5174
2634 66.4952 66.6292
2635 66.4952 66.4963
2636 66.4952 66.6015
2637 66.4952 66.5628
2638 66.4952 66.6957
2639 66.4952 66.5337
2640 66.4952 66.5134
2641 66.4952 66.7933
2642 66.4952 66.4952
2643 66.4952 66.4952
2644 66.4952 66.4952
2645 66.4952 66.4952
2646 66.4952 66.5464
2647 66.4952 66.6016
2648 66.4952 66.6102
2649 66.4952 66.6514
2650 66.4952 66.6539
2651 66.4952 66.5067
2652 66.4952 66.4952
2653 66.4952 66.4952
2654 66.4952 66.4952
2655 66.4952 66.5022
2656 66.4952 66.6866
2657 66.4952 66.6207
2658 66.4952 66.7473
2659 66.4952 66.564
2660 66.4952 66.5258
2661 66.4952 66.5378
2662 66.4952 66.5049
2663 66.4952 66.5329
2664 66.4952 66.6858
2665 66.4952 66.5483
2666 66.4952 66.7781
2667 66.4952 66.8761
2668 66.4952 66.8735
2669 66.4952 66.4952
2670 66.4952 66.4952
2671 66.4952 66.5795
2672 66.4952 66.8156
2673 66.4952 66.726
2674 66.4952 66.547
2675 66.4952 66.6825
2676 66.4952 66.6099
2677 66.4952 66.4976
2678 66.4952 66.5162
2679 66.4952 66.5262
2680 66.4952 66.4952
2681 66.4952 66.6636
2682 66.4952 66.4952
2683 66.4952 66.6093
2684 66.4952 66.5442
2685 66.4952 66.5403
2686 66.4952 66.4952
2687 66.4952 66.6733
2688 66.4952 66.5452
2689 66.4952 66.5264
2690 66.4952 66.5364
2691 66.4952 66.4952
2692 66.4952 66.5706
2693 66.4952 66.5721
2694 66.4952 66.5624
2695 66.4952 66.5216
2696 66.4952 66.5031
2697 66.4952 66.5064
2698 66.4952 66.4952
2699 66.4952 66.4952
2700 66.4952 66.4952
2701 66.4952 66.5127
2702 66.4952 66.5016
2703 66.4952 66.6148
2704 66.4952 66.631
2705 66.4952 66.5959
2706 66.4952 66.6257
2707 66.4952 66.6897
2708 66.4952 66.8793
2709 66.4952 66.5994
2710 66.4952 66.4952
2711 66.4952 66.4952
2712 66.4952 66.5327
2713 66.4952 66.4952
2714 66.4952 66.5297
2715 66.4952 66.5344
2716 66.4952 66.5944
2717 66.4952 66.5485
2718 66.4952 66.6146
2719 66.4952 66.7815
2720 66.4952 66.819
2721 66.4952 66.6835
2722 66.4952 66.6569
2723 66.4952 66.4952
2724 66.4952 66.4952
2725 66.4952 66.5081
2726 66.4952 66.4991
2727 66.4952 66.5955
2728 66.4952 66.5735
2729 66.4952 66.496
2730 66.4952 66.4952
2731 66.4952 66.4952
2732 66.4952 66.6248
2733 66.4952 66.7448
2734 66.4952 66.6574
2735 66.4952 66.6337
2736 66.4952 66.626
2737 66.4952 66.5083
2738 66.4952 66.5932
2739 66.4952 66.5763
2740 66.4952 66.5412
2741 66.4952 66.5362
2742 66.4952 66.5505
2743 66.4952 66.7301
2744 66.4952 66.5591
2745 66.4952 66.6277
2746 66.4952 66.8384
2747 66.4952 66.6741
2748 66.4952 66.7406
2749 66.4952 66.7112
2750 66.4952 66.6431
2751 66.4952 66.5358
2752 66.4952 66.661
2753 66.4952 66.6912
2754 66.4952 66.4952
2755 66.4952 66.5072
2756 66.4952 66.5809
2757 66.4952 66.5053
2758 66.4952 66.6369
2759 66.4952 66.558
2760 66.4952 66.5026
2761 66.4952 66.5322
2762 66.4952 66.5089
2763 66.4952 66.5782
2764 66.4952 66.6347
2765 66.4952 66.7729
2766 66.4952 66.6705
2767 66.4952 66.5716
2768 66.4952 66.5653
2769 66.4952 66.6326
2770 66.4952 66.5371
2771 66.4952 66.528
2772 66.4952 66.605
2773 66.4952 66.5797
2774 66.4952 66.5508
2775 66.4952 66.6178
2776 66.4952 66.5339
2777 66.4952 66.544
2778 66.4952 66.5744
2779 66.4952 66.4977
2780 66.4952 66.4952
2781 66.4952 66.4952
2782 66.4952 66.5004
2783 66.4952 66.4952
2784 66.4952 66.5717
2785 66.4952 66.5242
2786 66.4952 66.5135
2787 66.4952 66.5583
2788 66.4952 66.5088
2789 66.4952 66.497
2790 66.4952 66.55
2791 66.4952 66.5964
2792 66.4952 66.4952
2793 66.4952 66.4952
2794 66.4952 66.4954
2795 66.4952 66.5693
2796 66.4952 66.4952
2797 66.4952 66.4987
2798 66.4952 66.4962
2799 66.4952 66.6574
2800 66.4952 66.4987
2801 66.4952 66.5211
2802 66.4952 66.6477
2803 66.4952 66.5135
2804 66.4952 66.4958
2805 66.4952 66.5319
2806 66.4952 66.6377
2807 66.4952 66.4952
2808 66.4952 66.5121
2809 66.4952 66.5053
2810 66.4952 66.7317
2811 66.4952 66.5698
2812 66.4952 66.5675
2813 66.4952 66.6402
2814 66.4952 66.5753
2815 66.4952 66.5033
2816 66.4952 66.5072
2817 66.4952 66.618
2818 66.4952 66.6456
2819 66.4952 66.4952
2820 66.4952 66.5372
2821 66.4952 66.5133
2822 66.4952 66.528
2823 66.4952 66.4952
2824 66.4952 66.4952
2825 66.4952 66.5309
2826 66.4952 66.5683
2827 66.4952 66.5024
2828 66.4952 66.6058
2829 66.4952 66.4952
2830 66.4952 66.5272
2831 66.4952 66.6376
2832 66.4952 66.531
2833 66.4952 66.4952
2834 66.4952 66.4952
2835 66.4952 66.4952
2836 66.4952 66.4952
2837 66.4952 66.496
2838 66.4952 66.4952
2839 66.4952 66.557
2840 66.4952 66.5904
2841 66.4952 66.5602
2842 66.4952 66.6963
2843 66.4952 66.5839
2844 66.4952 66.7295
2845 66.4952 66.4952
2846 66.4952 66.4952
2847 66.4952 66.4952
2848 66.4952 66.5666
2849 66.4952 66.6814
2850 66.4952 66.9094
2851 66.4952 66.5681
2852 66.4952 66.4984
2853 66.4952 66.5586
2854 66.4952 66.4952
2855 66.4952 66.5898
2856 66.4952 66.5072
2857 66.4952 66.4952
2858 66.4952 66.4991
2859 66.4952 66.6092
2860 66.4952 66.7073
2861 66.4952 66.7418
2862 66.4952 66.5859
2863 66.4952 66.5116
2864 66.4952 66.5039
2865 66.4952 66.5865
2866 66.4952 66.4998
2867 66.4952 66.4952
2868 66.4952 66.5418
2869 66.4952 66.4952
2870 66.4952 66.4952
2871 66.4952 66.575
2872 66.4952 66.5228
2873 66.4952 66.5421
2874 66.4952 66.5533
2875 66.4952 66.5114
2876 66.4952 66.6526
2877 66.4952 66.6765
2878 66.4952 66.6381
2879 66.4952 66.6749
2880 66.4952 66.6518
2881 66.4952 66.5108
2882 66.4952 66.5799
2883 66.4952 66.6455
2884 66.4952 66.6839
2885 66.4952 66.4952
2886 66.4952 66.5849
2887 66.4952 66.4952
2888 66.4952 66.5217
2889 66.4952 66.4952
2890 66.4952 66.4952
2891 66.4952 66.5044
2892 66.4952 66.5305
2893 66.4952 66.5041
2894 66.4952 66.5453
2895 66.4952 66.8077
2896 66.4952 67.0565
2897 66.4952 66.836
2898 66.4952 66.6032
2899 66.4952 66.5456
2900 65.9145 66.403
2901 65.9145 66.5059
2902 65.9145 66.3236
2903 65.9145 66.0304
2904 65.9145 65.975
2905 65.9145 66.1817
2906 65.9145 66.0172
2907 65.9145 65.9307
2908 65.9145 65.9439
2909 65.9145 66.1613
2910 65.9145 66.0669
2911 65.9145 66.0522
2912 65.9145 65.9628
2913 65.9145 65.9705
2914 65.9145 65.9633
2915 65.9145 66.138
2916 65.9145 66.0337
2917 65.9145 65.9291
2918 65.9145 66.0155
2919 65.9145 65.9472
2920 65.9145 65.9157
2921 65.9145 65.9394
2922 65.9145 66.104
2923 65.9145 65.9213
2924 65.9145 66.0331
2925 65.9145 65.9778
2926 65.9145 66.1054
2927 65.9145 66.1716
2928 65.9145 66.0019
2929 65.9145 65.9145
2930 65.9145 65.9556
2931 65.9145 65.9145
2932 65.9145 65.9803
2933 65.9145 66.086
2934 65.9145 66.0284
2935 65.9145 66.146
2936 65.9145 66.3511
2937 65.9145 66.0696
2938 65.9145 65.9755
2939 65.9145 65.9541
2940 65.9145 66.2654
2941 65.9145 66.0742
2942 65.9145 66.1647
2943 65.9145 66.0994
2944 65.9145 65.9145
2945 65.9145 65.9462
2946 65.9145 66.064
2947 65.9145 65.9838
2948 65.9145 65.9913
2949 65.9145 65.917
2950 65.9145 65.9145
2951 65.9145 65.9145
2952 65.9145 66.0165
2953 65.9145 66.0086
2954 65.9145 66.1123
2955 65.9145 66.3521
2956 65.9145 66.0702
2957 65.9145 66.1338
2958 65.9145 66.0072
2959 65.9145 65.9317
2960 65.9145 65.9145
2961 65.9145 65.9145
2962 65.9145 65.9145
2963 65.9145 65.9145
2964 65.9145 65.9566
2965 65.9145 65.971
2966 65.9145 66.0251
2967 65.9145 65.9548
2968 65.9145 66.1153
2969 65.9145 65.9826
2970 65.9145 65.9503
2971 65.9145 66.1623
2972 65.9145 65.9385
2973 65.9145 65.9145
2974 65.9145 65.9183
2975 65.9145 66.0326
2976 65.9145 66.0364
2977 65.9145 66.0571
2978 65.9145 66.1045
2979 65.9145 66.0183
2980 65.9145 65.9325
2981 65.9145 65.9247
2982 65.9145 65.9715
2983 65.9145 65.9145
2984 65.9145 65.9145
2985 65.9145 65.9182
2986 65.9145 65.9145
2987 65.9145 65.941
2988 65.9145 65.985
2989 65.9145 66.05
2990 65.9145 66.1585
2991 65.9145 66.0651
2992 65.9145 66.1447
2993 65.9145 65.9287
2994 65.9145 65.9788
2995 65.9145 66.0144
2996 65.9145 65.9145
2997 65.9145 66.0285
2998 65.9145 66.0699
2999 65.9145 66.0889
3000 65.9145 66.151
3001 65.9145 65.9926
3002 65.9145 65.9268
3003 65.9145 65.9485
3004 65.9145 65.9498
3005 65.9145 65.918
3006 65.9145 65.9538
3007 65.9145 65.9187
3008 65.9145 66.0351
3009 65.9145 65.9145
3010 65.9145 65.9231
3011 65.9145 66.0058
3012 65.9145 65.9689
3013 65.9145 65.9433
3014 65.9145 65.9145
3015 65.9145 65.9458
3016 65.9145 66.0028
3017 65.9145 65.9495
3018 65.9145 65.9145
3019 65.9145 66.0218
3020 65.9145 65.9145
3021 65.9145 65.9145
3022 65.9145 65.9145
3023 65.9145 65.9676
3024 65.9145 66.0675
3025 65.9145 66.0373
3026 65.9145 65.9386
3027 65.9145 65.9995
3028 65.9145 65.9145
3029 65.9145 65.9145
3030 65.9145 65.9145
3031 65.9145 65.9652
3032 65.9145 65.9296
3033 65.9145 65.9145
3034 65.9145 65.947
3035 65.9145 65.9225
3036 65.9145 65.9336
3037 65.9145 65.9145
3038 65.9145 66.028
3039 65.9145 65.9271
3040 65.9145 65.9173
3041 65.9145 65.9457
3042 65.9145 65.9166
3043 65.9145 65.9145
3044 65.9145 65.9353
3045 65.9145 65.9145
3046 65.9145 65.9145
3047 65.9145 65.9666
3048 65.9145 65.9742
3049 65.9145 65.9975
3050 65.9145 65.9516
3051 65.9145 66.0121
3052 65.9145 66.2961
3053 65.9145 66.0715
3054 65.9145 66.0059
3055 65.9145 65.9412
3056 65.9145 65.9854
3057 65.9145 66.2313
3058 65.9145 66.014
3059 65.9145 66.122
3060 65.9145 65.9361
3061 65.9145 65.9462
3062 65.9145 65.9259
3063 65.9145 65.9704
3064 65.9145 65.9264
3065 65.9145 65.9643
3066 65.9145 66.1261
3067 65.9145 66.0591
3068 65.9145 65.9646
3069 65.9145 66.0729
3070 65.9145 66.0219
3071 65.9145 65.9973
3072 65.9145 66.001
3073 65.9145 66.0473
3074 65.9145 65.9714
3075 65.9145 65.9676
3076 65.9145 65.9145
3077 65.9145 65.9145
3078 65.9145 65.9673
3079 65.9145 65.9445
3080 65.9145 65.9241
3081 65.9145 65.9145
3082 65.9145 65.9145
3083 65.9145 65.9179
3084 65.9145 65.9787
3085 65.9145 66.0936
3086 65.9145 65.9538
3087 65.9145 66.0016
3088 65.9145 65.9878
3089 65.9145 65.9145
3090 65.9145 65.9293
3091 65.9145 65.9145
3092 65.9145 65.9293
3093 65.9145 65.9866
3094 65.9145 65.9488
3095 65.9145 65.9522
3096 65.9145 65.9145
3097 65.9145 65.9148
3098 65.9145 65.9145
3099 65.9145 65.9325
3100 65.9145 65.9145
3101 65.9145 65.9145
3102 65.9145 65.9479
3103 65.9145 65.9205
3104 65.9145 65.9548
3105 65.9145 65.923
3106 65.9145 65.9145
3107 65.9145 66.0543
3108 65.9145 65.9375
3109 65.9145 66.0803
3110 65.9145 66.0168
3111 65.9145 66.1184
3112 65.9145 65.942
3113 65.9145 66.0548
3114 65.9145 66.2066
3115 65.9145 66.0162
3116 65.9145 65.9167
3117 65.9145 66.0379
3118 65.9145 65.9375
3119 65.9145 66.1784
3120 65.9145 66.0077
3121 65.9145 66.0316
3122 65.9145 66.0369
3123 65.9145 65.9624
3124 65.9145 65.9525
3125 65.9145 65.9352
3126 65.9145 65.9156
3127 65.9145 65.9145
3128 65.9145 65.9145
3129 65.9145 65.9145
3130 65.9145 65.9145
3131 65.9145 65.9484
3132 65.9145 65.9294
3133 65.9145 65.9856
3134 65.9145 66.1703
3135 65.9145 66.2411
3136 65.9145 65.9954
3137 65.9145 65.9589
3138 65.9145 65.9145
3139 65.9145 65.9145
3140 65.9145 65.9145
3141 65.9145 65.9495
3142 65.9145 65.9314
3143 65.9145 65.9352
3144 65.9145 65.9145
3145 65.9145 65.9197
3146 65.9145 66.0668
3147 65.9145 65.9763
3148 65.9145 65.9145
3149 65.9145 65.9251
3150 65.9145 66.0794
3151 65.9145 65.9944
3152 65.9145 65.9734
3153 65.9145 65.9168
3154 65.9145 65.9231
3155 65.9145 65.9145
3156 65.9145 66.0219
3157 65.9145 66.0006
3158 65.9145 66.1086
3159 65.9145 65.9531
3160 65.9145 65.9145
3161 65.9145 65.9145
3162 65.9145 65.9145
3163 65.9145 65.9145
3164 65.9145 65.9209
3165 65.9145 65.9145
3166 65.9145 65.9281
3167 65.9145 65.9708
3168 65.9145 65.9145
3169 65.9145 66.0851
3170 65.9145 66.0403
3171 65.9145 65.9634
3172 65.9145 66.0138
3173 65.9145 65.929
3174 65.9145 65.9295
3175 65.9145 65.9145
3176 65.9145 65.9145
3177 65.9145 65.9145
3178 65.9145 65.972
3179 65.9145 65.9868
3180 65.9145 66.1125
3181 65.9145 66.041
3182 65.9145 65.9218
3183 65.9145 65.9539
3184 65.9145 65.9145
3185 65.9145 65.922
3186 65.9145 65.9145
3187 65.9145 65.9145
3188 65.9145 65.9936
3189 65.9145 65.9173
3190 65.9145 65.9145
3191 65.9145 66.0731
3192 65.9145 65.9145
3193 65.9145 66.006
3194 65.9145 65.9643
3195 65.9145 65.9558
3196 65.9145 65.9582
3197 65.9145 66.0204
3198 65.9145 65.9473
3199 65.9145 65.9636
3200 65.9145 66.0086
3201 65.9145 65.9515
3202 65.9145 65.9164
3203 65.9145 66.1381
3204 65.9145 65.9845
3205 65.9145 66.0531
3206 65.9145 66.1213
3207 65.9145 66.0609
3208 65.9145 65.9516
3209 65.9145 65.9341
3210 65.9145 65.9413
3211 65.9145 65.9776
3212 65.9145 65.9673
3213 65.9145 65.9145
3214 65.9145 65.9145
3215 65.9145 65.9145
3216 65.9145 65.9145
3217 65.9145 65.9145
3218 65.9145 65.9167
3219 65.9145 65.9423
3220 65.9145 66.1432
3221 65.9145 66.0438
3222 65.9145 66.0221
3223 65.9145 66.0786
3224 65.9145 66.0468
3225 65.9145 66.1701
3226 65.9145 66.0842
3227 65.9145 65.9271
3228 65.9145 65.9145
3229 65.9145 65.9145
3230 65.9145 65.9871
3231 65.9145 65.9395
3232 65.9145 65.9784
3233 65.9145 65.9145
3234 65.9145 65.9297
3235 65.9145 65.9804
3236 65.9145 65.9667
3237 65.9145 66.1653
3238 65.9145 65.9268
3239 65.9145 65.942
3240 65.9145 65.9339
3241 65.9145 66.0848
3242 65.9145 65.9145
3243 65.9145 65.9734
3244 65.9145 65.9994
3245 65.9145 66.0021
3246 65.9145 65.9959
3247 65.9145 65.9346
3248 65.9145 65.9794
3249 65.9145 65.971
3250 65.9145 65.9326
3251 65.9145 66.1819
3252 65.9145 66.1413
3253 65.9145 65.9753
3254 65.9145 65.9516
3255 65.9145 66.2114
3256 65.9145 66.1686
3257 65.9145 65.9727
3258 65.9145 65.9307
3259 65.9145 65.9154
3260 65.9145 65.9145
3261 65.9145 65.9821
3262 65.9145 65.9357
3263 65.9145 65.9172
3264 65.9145 65.9358
3265 65.9145 65.9725
3266 65.9145 65.9191
3267 65.9145 65.9145
3268 65.9145 65.9145
3269 65.9145 65.9217
3270 65.9145 66.0022
3271 65.9145 65.9342
3272 65.9145 65.9145
3273 65.9145 65.9145
3274 65.9145 65.9145
3275 65.9145 65.9145
3276 65.9145 65.9575
3277 65.9145 65.9658
3278 65.9145 65.9231
3279 65.9145 65.9608
3280 65.9145 65.9145
3281 65.9145 66.0549
3282 65.9145 66.3119
3283 65.9145 66.1231
3284 65.9145 65.9223
3285 65.9145 65.9177
3286 65.9145 65.9256
3287 65.9145 65.9318
3288 65.9145 66.1812
3289 65.9145 66.0879
3290 65.9145 65.9394
3291 65.9145 65.9315
3292 65.9145 66.0346
3293 65.9145 65.9348
3294 65.9145 65.9839
3295 65.9145 65.9992
3296 65.9145 66.0807
3297 65.9145 65.9145
3298 65.9145 65.9145
3299 65.9145 65.9145
3300 65.9145 66.0263
3301 65.9145 65.9253
3302 65.9145 65.9377
3303 65.9145 65.9304
3304 65.9145 65.9145
3305 65.9145 65.9182
3306 65.9145 66.0469
3307 65.9145 65.9145
3308 65.9145 65.9403
3309 65.9145 65.9145
3310 65.9145 65.9145
3311 65.9145 65.9221
3312 65.9145 65.9206
3313 65.9145 65.9948
3314 65.9145 65.9307
3315 65.9145 65.9145
3316 65.9145 65.9145
3317 65.9145 65.9145
3318 65.9145 65.95
3319 65.9145 65.9378
3320 65.9145 66.0603
3321 65.9145 65.9145
3322 65.9145 65.9145
3323 65.9145 65.9215
3324 65.9145 65.935
3325 65.9145 65.9701
3326 65.9145 66.0041
3327 65.9145 65.9145
3328 65.9145 65.9323
3329 65.9145 65.9643
3330 65.9145 65.9806
3331 65.9145 66.0287
3332 65.9145 65.974
3333 65.9145 65.9145
3334 65.9145 66.1209
3335 65.9145 66.0199
3336 65.9145 66.0533
3337 65.9145 66.0484
3338 65.9145 66.1069
3339 65.9145 66.0014
3340 65.9145 66.1679
3341 65.9145 65.9686
3342 65.9145 66.0065
3343 65.9145 66.0757
3344 65.9145 66.0186
3345 65.9145 65.9826
3346 65.9145 65.9227
3347 65.9145 65.9373
3348 65.9145 66.0117
3349 65.9145 65.9334
3350 65.9145 65.9171
3351 65.9145 65.9525
3352 65.9145 66.0938
3353 65.9145 65.956
3354 65.9145 66.0977
3355 65.9145 65.9276
3356 65.9145 65.918
3357 65.9145 65.9583
3358 65.9145 65.9963
3359 65.9145 66.1424
3360 65.9145 65.9145
3361 65.9145 66.0393
3362 65.9145 65.9984
3363 65.9145 66.0434
3364 65.9145 65.9994
3365 65.9145 65.9145
3366 65.9145 65.9145
3367 65.9145 65.9145
3368 65.9145 65.9264
3369 65.9145 65.9887
3370 65.9145 65.9145
3371 65.9145 65.9631
3372 65.9145 66.0146
3373 65.9145 65.9622
3374 65.9145 65.9145
3375 65.9145 65.9528
3376 65.9145 65.9145
3377 65.9145 65.9145
3378 65.9145 65.9145
3379 65.9145 66.0596
3380 65.9145 65.9368
3381 65.9145 65.9259
3382 65.9145 65.9409
3383 65.9145 65.9958
3384 65.9145 65.9309
3385 65.9145 65.9179
3386 65.9145 65.9145
3387 65.9145 65.9145
3388 65.9145 65.9212
3389 65.9145 65.9145
3390 65.9145 65.9145
3391 65.9145 65.9626
3392 65.9145 65.9633
3393 65.9145 66.1394
3394 65.9145 65.9174
3395 65.9145 65.9598
3396 65.9145 65.9946
3397 65.9145 65.9188
3398 65.9145 65.9912
3399 65.9145 66.0028
3400 65.9145 65.9228
3401 65.9145 65.9213
3402 65.9145 66.0025
3403 65.9145 65.9145
3404 65.9145 65.9757
3405 65.9145 65.9278
3406 65.9145 65.9207
3407 65.9145 65.917
3408 65.9145 65.9275
3409 65.9145 66.0705
3410 65.9145 65.9314
3411 65.9145 65.9169
3412 65.9145 66.1197
3413 65.9145 65.9873
3414 65.9145 65.9925
3415 65.9145 65.933
3416 65.9145 65.9145
3417 65.9145 65.9714
3418 65.9145 66.0894
3419 65.9145 65.9292
3420 65.9145 66.0529
3421 65.9145 66.2005
3422 65.9145 65.9145
3423 65.9145 65.9145
3424 65.9145 65.9846
3425 65.9145 66.1181
3426 65.9145 66.0272
3427 65.9145 65.9497
3428 65.9145 65.9457
3429 65.9145 65.9463
3430 65.9145 65.9489
3431 65.9145 65.971
3432 65.9145 65.9654
3433 65.9145 65.9822
3434 65.9145 65.9184
3435 65.9145 65.9771
3436 65.9145 65.9145
3437 65.9145 66.0172
3438 65.9145 66.0681
3439 65.9145 65.9296
3440 65.9145 65.9416
3441 65.9145 65.9839
3442 65.9145 66.036
3443 65.9145 66.055
3444 65.9145 65.984
3445 65.9145 66.0311
3446 65.9145 66.0476
3447 65.9145 66.2266
3448 65.9145 66.0044
3449 65.9145 66.0712
3450 65.9145 66.0214
3451 65.9145 66.2277
3452 65.9145 66.2895
3453 65.9145 65.9498
3454 65.9145 65.9745
3455 65.9145 65.95
3456 65.9145 65.9145
3457 65.9145 65.9694
3458 65.9145 65.9294
3459 65.9145 65.9997
3460 65.9145 66.069
3461 65.9145 66.2474
3462 65.9145 66.1354
3463 65.9145 66.054
3464 65.9145 66.1091
3465 65.9145 66.0215
3466 65.9145 66.2745
3467 65.9145 66.0955
3468 65.9145 65.9145
3469 65.9145 65.9295
3470 65.9145 65.9145
3471 65.9145 65.9145
3472 65.9145 65.9145
3473 65.9145 65.9311
3474 65.9145 65.9864
3475 65.9145 65.9995
3476 65.9145 65.9145
3477 65.9145 65.9145
3478 65.9145 65.9646
3479 65.9145 65.9145
3480 65.9145 66.0847
3481 65.9145 65.962
3482 65.9145 65.936
3483 65.9145 65.948
3484 65.9145 65.968
3485 65.9145 65.9916
3486 65.9145 65.9145
3487 65.9145 65.9145
3488 65.9145 65.9821
3489 65.9145 65.9852
3490 65.9145 65.9317
3491 65.9145 65.9145
3492 65.9145 65.9145
3493 65.9145 65.9153
3494 65.9145 65.9607
3495 65.9145 66.1427
3496 65.9145 65.9464
3497 65.9145 66.0604
3498 65.9145 65.9181
3499 65.9145 66.0439
3500 65.9145 65.9349
3501 65.9145 65.9283
3502 65.9145 65.9145
3503 65.9145 65.9271
3504 65.9145 65.9167
3505 65.9145 65.9221
3506 65.9145 65.9202
3507 65.9145 65.9148
3508 65.9145 65.9147
3509 65.9145 65.9145
3510 65.9145 65.9145
3511 65.9145 65.9145
3512 65.9145 65.9418
3513 65.9145 65.9246
3514 65.9145 65.9145
3515 65.9145 66.003
3516 65.9145 65.9145
3517 65.9145 65.9145
3518 65.9145 65.9145
3519 65.9145 65.9259
3520 65.9145 65.9709
3521 65.9145 65.9605
3522 65.9145 65.9145
3523 65.9145 65.9145
3524 65.9145 65.9245
3525 65.9145 65.9145
3526 65.9145 65.9161
3527 65.9145 66.0156
3528 65.9145 65.9145
3529 65.9145 66.0186
3530 65.9145 65.9689
3531 65.9145 66.0752
3532 65.9145 66.1857
3533 65.9145 65.9906
3534 65.9145 66.0097
3535 65.9145 65.9721
3536 65.9145 65.9145
3537 65.9145 65.9145
3538 65.9145 65.9469
3539 65.9145 65.9194
3540 65.9145 65.9353
3541 65.9145 65.9145
3542 65.9145 65.9993
3543 65.9145 65.9896
3544 65.9145 66.1495
3545 65.9145 66.0907
3546 65.9145 66.0038
3547 65.9145 66.2053
3548 65.9145 65.9763
3549 65.9145 66.1142
3550 65.9145 66.1411
3551 65.9145 65.9679
3552 65.9145 65.9475
3553 65.9145 65.9174
3554 65.9145 66.3361
3555 65.9145 66.0482
3556 65.9145 66.0613
3557 65.9145 65.9145
3558 65.9145 66.031
3559 65.9145 66.1194
3560 65.9145 65.9587
3561 65.9145 65.9206
3562 65.9145 65.9145
3563 65.9145 65.9145
3564 65.9145 65.9623
3565 65.9145 65.9152
3566 65.9145 65.9196
3567 65.9145 65.9145
3568 65.9145 65.9221
3569 65.9145 65.9997
3570 65.9145 66.0608
3571 65.9145 65.9671
3572 65.9145 66.0096
3573 65.9145 66.0245
3574 65.9145 66.0526
3575 65.9145 66.1226
3576 65.9145 65.9603
3577 65.9145 66.1393
3578 65.9145 66.1191
3579 65.9145 65.9618
3580 65.9145 65.9304
3581 65.9145 66.1326
3582 65.9145 65.9304
3583 65.9145 65.9145
3584 65.9145 65.9205
3585 65.9145 65.9145
3586 65.9145 65.9243
3587 65.9145 65.9297
3588 65.9145 66.1324
3589 65.9145 65.9887
3590 65.9145 65.9356
3591 65.9145 65.932
3592 65.9145 65.9542
3593 65.9145 66.0222
3594 65.9145 66.0008
3595 65.9145 65.9899
3596 65.9145 66.1505
3597 65.9145 65.9379
3598 65.9145 66.0323
3599 65.9145 66.1703
3600 65.9145 65.9637
3601 65.9145 66.0324
3602 65.9145 65.9687
3603 65.9145 65.9396
3604 65.9145 65.9145
3605 65.9145 65.9442
3606 65.9145 66.089
3607 65.9145 66.0141
3608 65.9145 66.3106
3609 65.9145 65.9655
3610 65.9145 65.9571
3611 65.9145 65.9145
3612 65.9145 65.9487
3613 65.9145 65.9641
3614 65.9145 65.9145
3615 65.9145 65.9145
3616 65.9145 65.9698
3617 65.9145 66.0427
3618 65.9145 66.0243
3619 65.9145 65.954
3620 65.9145 65.9777
3621 65.9145 66.0263
3622 65.9145 65.9984
3623 65.9145 65.9185
3624 65.9145 65.9145
3625 65.9145 65.9155
3626 65.9145 65.9233
3627 65.9145 65.9634
3628 65.9145 65.9145
3629 65.9145 65.9359
3630 65.9145 65.9145
3631 65.9145 65.9145
3632 65.9145 66.0762
3633 65.9145 66.0223
3634 65.9145 66.0453
3635 65.9145 65.9979
3636 65.9145 65.9985
3637 65.9145 65.9836
3638 65.9145 65.948
3639 65.9145 66.0721
3640 65.9145 66.1597
3641 65.9145 66.0393
3642 65.9145 66.0244
3643 65.9145 66.0495
3644 65.9145 65.9669
3645 65.9145 65.9406
3646 65.9145 66.1632
3647 65.9145 65.9777
3648 65.9145 66.3777
3649 65.9145 66.0729
3650 65.9145 66.3191
3651 65.9145 66.043
3652 65.9145 66.0006
3653 65.9145 65.9856
3654 65.9145 65.9521
3655 65.9145 65.9559
3656 65.9145 65.9145
3657 65.9145 65.933
3658 65.9145 65.9145
3659 65.9145 65.9145
3660 65.9145 65.9238
3661 65.9145 66.0847
3662 65.9145 65.964
3663 65.9145 66.0414
3664 65.9145 66.1704
3665 65.9145 66.1125
3666 65.9145 65.948
3667 65.9145 66.0086
3668 65.9145 65.9376
3669 65.9145 65.9145
3670 65.9145 65.918
3671 65.9145 65.9215
3672 65.9145 66.0592
3673 65.9145 66.0251
3674 65.9145 66.008
3675 65.9145 65.9803
3676 65.9145 66.2028
3677 65.9145 66.0718
3678 65.9145 66.0371
3679 65.9145 65.9789
3680 65.9145 65.9145
3681 65.9145 66.0963
3682 65.9145 66.062
3683 65.9145 65.9629
3684 65.9145 66.0685
3685 65.9145 66.0414
3686 65.9145 65.921
3687 65.9145 65.9532
3688 65.9145 66.4176
3689 65.9145 65.9155
3690 65.9145 66.0559
3691 65.9145 66.1529
3692 65.9145 66.0961
3693 65.9145 65.9916
3694 65.9145 65.9155
3695 65.9145 65.9145
3696 65.9145 65.9145
3697 65.9145 65.9145
3698 65.9145 65.9145
3699 65.9145 65.9145
3700 65.9145 65.9145
3701 65.9145 65.9663
3702 65.9145 65.9249
3703 65.9145 65.916
3704 65.9145 65.9145
3705 65.9145 65.9693
3706 65.9145 66.4693
3707 65.9145 66.2986
3708 65.9145 65.9942
3709 65.9145 65.9435
3710 65.9145 65.982
3711 65.9145 65.936
3712 65.9145 66.1292
3713 65.9145 65.9795
3714 65.9145 65.925
3715 65.9145 66.0464
3716 65.9145 65.9172
3717 65.9145 65.9145
3718 65.9145 65.934
3719 65.9145 65.9145
3720 65.9145 66.0178
3721 65.9145 65.9145
3722 65.9145 65.9899
3723 65.9145 66.0601
3724 65.9145 66.0131
3725 65.9145 66.2711
3726 65.9145 66.1524
3727 65.9145 66.0037
3728 65.9145 65.9342
3729 65.9145 66.0756
3730 65.9145 66.012
3731 65.9145 66.0273
3732 65.9145 66.1394
3733 65.9145 65.989
3734 65.9145 65.9638
3735 65.9145 65.9404
3736 65.9145 65.9642
3737 65.9145 65.9281
3738 65.9145 65.9145
3739 65.9145 65.9345
3740 65.9145 65.9548
3741 65.9145 66.0088
3742 65.9145 66.0153
3743 65.9145 65.9734
3744 65.9145 65.932
3745 65.9145 65.927
3746 65.9145 65.9634
3747 65.9145 66.2178
3748 65.9145 66.1158
3749 65.9145 66.0321
3750 65.9145 65.9167
3751 65.9145 66.0353
3752 65.9145 66.0195
3753 65.9145 65.9521
3754 65.9145 65.9636
3755 65.9145 65.9229
3756 65.9145 65.9537
3757 65.9145 65.955
3758 65.9145 65.9304
3759 65.9145 65.9884
3760 65.9145 65.9252
3761 65.9145 65.9332
3762 65.9145 66.1277
3763 65.9145 66.0564
3764 65.9145 65.9145
3765 65.9145 65.9228
3766 65.9145 65.9243
3767 65.9145 66.0287
3768 65.9145 65.9418
3769 65.9145 65.9278
3770 65.9145 65.9448
3771 65.9145 65.9168
3772 65.9145 65.9145
3773 65.9145 65.9476
3774 65.9145 65.9145
3775 65.9145 66.1513
3776 65.9145 65.9418
3777 65.9145 65.9705
3778 65.9145 65.9145
3779 65.9145 65.9145
3780 65.9145 65.99
3781 65.9145 66.0156
3782 65.9145 65.9145
3783 65.9145 65.9151
3784 65.9145 65.9277
3785 65.9145 65.9145
3786 65.9145 65.9145
3787 65.9145 66.0579
3788 65.9145 65.9145
3789 65.9145 65.9145
3790 65.9145 65.9847
3791 65.9145 65.9364
3792 65.9145 65.9483
3793 65.9145 65.9376
3794 65.9145 65.9293
3795 65.9145 66.2607
3796 65.9145 66.0231
3797 65.9145 65.9956
3798 65.9145 65.9363
3799 65.9145 65.9213
3800 65.9145 65.9145
3801 65.9145 65.9145
3802 65.9145 65.9145
3803 65.9145 65.9871
3804 65.9145 66.0199
3805 65.9145 65.9436
3806 65.9145 65.9949
3807 65.9145 66.3574
3808 65.9145 66.3208
3809 65.9145 65.916
3810 65.9145 65.9272
3811 65.9145 66.0392
3812 65.9145 66.0635
3813 65.9145 65.9268
3814 65.9145 65.9145
3815 65.9145 65.9149
3816 65.9145 66.0446
3817 65.9145 66.0664
3818 65.9145 66.037
3819 65.9145 66.008
3820 65.9145 66.2166
3821 65.9145 66.0334
3822 65.9145 66.0414
3823 65.9145 65.9145
3824 65.9145 65.9181
3825 65.9145 65.9145
3826 65.9145 65.9213
3827 65.9145 65.9267
3828 65.9145 65.9483
3829 65.9145 65.9145
3830 65.9145 65.9145
3831 65.9145 66.0125
3832 65.9145 66.0077
3833 65.9145 66.1125
3834 65.9145 66.0131
3835 65.9145 65.9188
3836 65.9145 65.9145
3837 65.9145 65.9145
3838 65.9145 65.9145
3839 65.9145 65.9689
3840 65.9145 66.1391
3841 65.9145 66.2372
3842 65.9145 66.0661
3843 65.9145 66.0285
3844 65.9145 65.9657
3845 65.9145 65.9582
3846 65.9145 65.9145
3847 65.9145 66.0171
3848 65.9145 66.0182
3849 65.9145 65.932
3850 65.9145 65.9894
3851 65.9145 66.0834
3852 65.9145 65.9145
3853 65.9145 66.0647
3854 65.9145 65.9588
3855 65.9145 66.0373
3856 65.9145 65.965
3857 65.9145 66.0759
3858 65.9145 65.9878
3859 65.9145 65.9862
3860 65.9145 66.0023
3861 65.9145 66.0177
3862 65.9145 65.9674
3863 65.9145 65.9784
3864 65.9145 66.0065
3865 65.9145 65.9493
3866 65.9145 66.2609
3867 65.9145 66.034
3868 65.9145 66.2591
3869 65.9145 66.0807
3870 65.9145 66.0063
3871 65.9145 66.021
3872 65.9145 65.919
3873 65.9145 66.0543
3874 65.9145 65.9145
3875 65.9145 65.9145
3876 65.9145 65.9231
3877 65.9145 65.9206
3878 65.9145 66.2288
3879 65.9145 66.0477
3880 65.9145 65.965
3881 65.9145 65.9145
3882 65.9145 65.9403
3883 65.9145 65.9145
3884 65.9145 66.0252
3885 65.9145 66.0102
3886 65.9145 65.9489
3887 65.9145 65.9522
3888 65.9145 65.9542
3889 65.9145 66.119
3890 65.9145 65.9739
3891 65.9145 65.9145
3892 65.9145 65.9145
3893 65.9145 65.9145
3894 65.9145 65.9145
3895 65.9145 65.9178
3896 65.9145 65.9145
3897 65.9145 65.9308
3898 65.9145 66.0558
3899 65.9145 65.919
3900 65.9145 65.9553
3901 65.9145 65.9688
3902 65.9145 65.9145
3903 65.9145 65.9145
3904 65.9145 65.9145
3905 65.9145 65.9145
3906 65.9145 65.9148
3907 65.9145 65.9145
3908 65.9145 65.9707
3909 65.9145 66.0695
3910 65.9145 66.077
3911 65.9145 66.0966
3912 65.9145 65.9192
3913 65.9145 65.9548
3914 65.9145 66.1534
3915 65.9145 66.2939
3916 65.9145 66.1248
3917 65.9145 65.9999
3918 65.9145 65.9971
3919 65.9145 65.9745
3920 65.9145 66.1383
3921 65.9145 66.029
3922 65.9145 65.9871
3923 65.9145 65.9275
3924 65.9145 65.9244
3925 65.9145 65.9876
3926 65.9145 65.9272
3927 65.9145 65.9337
3928 65.9145 65.9634
3929 65.9145 65.9367
3930 65.9145 66.0071
3931 65.9145 66.363
3932 65.9145 66.0375
3933 65.9145 66.0104
3934 65.9145 66.1275
3935 65.9145 66.059
3936 65.9145 65.9557
3937 65.9145 66.1069
3938 65.9145 66.0244
3939 65.9145 65.9658
3940 65.9145 65.975
3941 65.9145 66.1396
3942 65.9145 66.0131
3943 65.9145 65.9607
3944 65.9145 65.9145
3945 65.9145 65.9145
3946 65.9145 65.9145
3947 65.9145 65.9314
3948 65.9145 66.0228
3949 65.9145 66.0396
3950 65.9145 66.1363
3951 65.9145 65.9285
3952 65.9145 65.9359
3953 65.9145 65.9145
3954 65.9145 65.9145
3955 65.9145 65.9194
3956 65.9145 65.9145
3957 65.9145 65.9145
3958 65.9145 65.9145
3959 65.9145 65.9145
3960 65.9145 66.0143
3961 65.9145 66.184
3962 65.9145 66.0499
3963 65.9145 66.1262
3964 65.9145 66.0602
3965 65.9145 66.384
3966 65.9145 66.0296
3967 65.9145 65.9145
3968 65.9145 65.9406
3969 65.9145 66.0361
3970 65.9145 65.9181
3971 65.9145 65.961
3972 65.9145 65.9145
3973 65.9145 65.9306
3974 65.9145 66.1598
3975 65.9145 66.1275
3976 65.9145 66.0276
3977 65.9145 66.2143
3978 65.9145 65.9685
3979 65.9145 65.937
3980 65.9145 65.9466
3981 65.9145 66.0527
3982 65.9145 65.9946
3983 65.9145 65.9184
3984 65.9145 65.936
3985 65.9145 65.9915
3986 65.9145 65.9145
3987 65.9145 65.9334
3988 65.9145 65.9145
3989 65.9145 65.9296
3990 65.9145 65.9145
3991 65.9145 66.0359
3992 65.9145 65.9874
3993 65.9145 65.9431
3994 65.9145 65.9272
3995 65.9145 65.9577
3996 65.9145 65.9145
3997 65.9145 65.9505
3998 65.9145 65.9219
3999 65.9145 65.9375
