0 419.532 465.21
1 413.611 441.399
2 403.276 425.702
3 387.649 413.956
4 383.053 401.049
5 367.347 387.989
6 357.686 378.575
7 349.66 367.611
8 337.799 358.049
9 327.787 346.667
10 322.202 338.279
11 317.597 331.447
12 311.928 325.284
13 306.773 319.552
14 298.728 313.185
15 295.728 307.63
16 284.11 302.363
17 278.212 295.648
18 276.451 289.401
19 274.026 283.017
20 264.823 278.515
21 258.613 273.182
22 256.994 267.505
23 251.85 261.714
24 246.953 257.982
25 240.906 253.422
26 236.492 248.572
27 230.573 242.826
28 228.775 238.407
29 224.841 233.921
30 220.167 230.289
31 218.618 226.335
32 215.498 223.352
33 215.122 220.176
34 210.409 217.863
35 202.977 215.257
36 202.547 210.684
37 199.857 206.563
38 195.338 203.179
39 195.092 200.632
40 188.301 197.554
41 186.234 194.965
42 184.017 191.303
43 183.146 187.584
44 181.516 185.495
45 178.348 183.962
46 174.15 181.679
47 170.575 179.293
48 169.126 177.004
49 167.334 173.483
50 159.834 171.043
51 159.487 167.53
52 156.994 164.515
53 156.994 161.644
54 153.238 159.418
55 150.637 157.664
56 145.439 155.543
57 143.09 151.749
58 141.702 148.664
59 141.243 145.064
60 139.828 142.736
61 139.187 141.475
62 137.384 140.419
63 137.384 139.521
64 136.606 138.485
65 136.606 138.113
66 136.073 137.524
67 134.44 137.235
68 133.562 136.41
69 133.562 135.164
70 132.854 134.195
71 131.976 133.639
72 130.645 132.975
73 130.645 132.21
74 129.751 131.546
75 129.101 130.74
76 128.605 130.154
77 128.588 129.592
78 128.318 129.364
79 126.862 129.423
80 125.429 129.369
81 123.409 128.964
82 122.916 127.471
83 122.916 126.17
84 122.915 124.962
85 121.917 124.001
86 121.906 124.082
87 120.798 124.097
88 120.362 124.138
89 120.362 122.355
90 119.668 121.179
91 118.598 120.652
92 118.598 120.848
93 116.776 120.754
94 116.776 120.48
95 116.672 119.453
96 116.62 118.31
97 115.855 117.596
98 115.855 116.819
99 115.275 116.401
100 115.275 116.605
101 114.931 116.72
102 114.931 116.459
103 114.931 116.322
104 114.907 115.796
105 113.747 115.551
106 113.015 115.09
107 111.809 114.35
108 111.077 113.621
109 110.549 112.931
110 110.081 111.877
111 109.734 111.004
112 109.624 110.469
113 109.517 110.146
114 109.216 109.982
115 109 110.155
116 108.92 110.07
117 108.607 109.435
118 106.923 109.102
119 105.871 108.704
120 105.655 107.777
121 105.488 107.131
122 105.488 106.037
123 105.488 105.813
124 105.087 105.579
125 104.82 105.454
126 104.16 105.266
127 103.492 105.043
128 103.092 104.682
129 103.092 103.999
130 103.092 103.643
131 102.993 103.509
132 101.879 103.156
133 101.879 103.028
134 101.303 102.531
135 101.303 102.116
136 101.303 101.752
137 101.257 101.539
138 100.751 101.44
139 100.751 101.817
140 100.751 102.581
141 100.365 102.022
142 99.9483 101.208
143 99.398 101.239
144 99.3805 101.348
145 99.3805 100.693
146 98.074 100.104
147 98.074 99.5419
148 98.074 98.9372
149 98.074 98.4724
150 96.677 99.5701
151 96.677 100.718
152 96.3846 99.9818
153 96.3846 99.0517
154 96.3846 97.4906
155 96.3846 96.5752
156 95.4179 96.4849
157 95.4179 96.3171
158 95.4179 96.0458
159 95.3606 95.6807
160 95.1402 95.8533
161 94.8694 95.5434
162 94.812 95.5235
163 94.8079 95.9047
164 94.8079 95.6116
165 94.8079 95.5349
166 94.0034 95.4402
167 91.7744 94.8293
168 91.3604 94.2831
169 91.3604 93.2305
170 91.3604 92.4669
171 91.3604 91.9475
172 90.6877 91.4899
173 90.6877 91.5752
174 90.3194 91.6177
175 90.3184 91.8392
176 90.109 91.0892
177 90.109 91.2705
178 89.7364 90.5984
179 89.7364 90.8585
180 89.7364 90.002
181 89.6442 89.8676
182 88.9519 89.7623
183 88.374 89.9336
184 88.1878 89.7351
185 87.697 89.3962
186 87.697 88.8948
187 87.5129 88.2172
188 87.4571 87.794
189 87.273 87.6915
190 87.1808 87.5922
191 87.1808 87.355
192 87.1808 87.3073
193 87.1808 87.2224
194 87.166 87.1847
195 87.1256 87.2069
196 87.1256 87.3093
197 87.1256 87.8813
198 87.1256 87.9208
199 87.1256 87.6868
200 84.3017 87.414
201 84.3017 86.6429
202 84.3017 85.8708
203 84.3017 85.6685
204 83.0386 84.9355
205 83.0386 84.9371
206 83.0386 84.3349
207 83.0386 83.5839
208 83.0386 83.3714
209 83.0386 83.2528
210 83.0386 83.0837
211 83.0386 83.049
212 83.0386 83.0386
213 83.0386 83.0712
214 83.0386 83.0938
215 83.0386 83.0753
216 82.8281 83.0762
217 82.8281 83.1795
218 82.8281 83.1467
219 82.8281 83.1917
220 82.8281 83.0128
221 82.4739 82.879
222 82.4739 82.7953
223 82.4739 82.7253
224 81.5456 82.6365
225 81.1914 82.435
226 80.6445 81.9625
227 80.4527 81.5173
228 79.3758 81.0093
229 79.3576 80.5513
230 79.3576 80.067
231 79.3576 79.6669
232 79.3576 79.4913
233 79.3576 79.4245
234 79.3576 79.422
235 79.3576 79.3602
236 79.1306 79.357
237 79.1306 79.3717
238 79.1306 79.2707
239 79.1306 79.1747
240 79.1306 79.2661
241 78.9285 79.3321
242 78.9285 79.1124
243 78.9285 79.0354
244 78.9285 78.9907
245 78.9285 79.095
246 78.9285 79.0093
247 78.9285 78.9403
248 78.9183 79.0517
249 78.7564 78.9339
250 78.7564 78.9416
251 78.7564 78.8416
252 78.7564 78.8068
253 78.7564 78.8233
254 78.7564 78.9038
255 78.7564 78.9597
256 78.7564 78.8276
257 78.7564 78.7564
258 78.7564 78.8075
259 78.3611 78.8702
260 78.3611 78.7307
261 78.3611 78.6133
262 78.3611 78.462
263 78.3611 78.3932
264 78.3611 78.3684
265 78.3611 78.4362
266 78.3611 78.4168
267 77.8671 78.4111
268 77.8671 78.8614
269 77.8671 78.9938
270 77.8671 79.7467
271 77.0769 79.561
272 76.2224 79.9042
273 76.2224 79.592
274 76.2224 78.6853
275 76.2224 77.9188
276 76.2224 77.4197
277 76.2224 76.5485
278 76.2224 76.3023
279 76.2224 76.2248
280 76.2224 76.2224
281 76.2224 76.2348
282 76.2224 76.2224
283 76.2224 76.3263
284 76.2224 76.4111
285 76.2224 76.4243
286 76.2224 76.3335
287 76.2224 76.2296
288 76.2224 76.2224
289 76.2224 76.2355
290 76.2224 76.2224
291 76.2224 76.2356
292 76.2224 76.3126
293 76.0119 76.2261
294 76.0119 76.2517
295 76.0119 76.1106
296 76.0119 76.0546
297 76.0119 76.0119
298 76.0119 76.0119
299 75.7131 76.0224
300 73.1518 76.6564
301 73.1518 77.0464
302 73.1518 77.3132
303 73.1518 75.3903
304 73.1518 74.6672
305 73.0582 73.7504
306 73.0582 73.3688
307 73.0582 73.2731
308 73.0582 73.8149
309 73.0582 73.563
310 73.0582 73.1014
311 73.0582 73.1459
312 73.0582 73.1079
313 72.8581 73.2268
314 72.8581 73.2145
315 72.8581 73.458
316 72.8581 73.1668
317 72.8581 73.0992
318 72.8581 73.0573
319 72.8581 73.0527
320 72.8581 72.8723
321 72.8581 72.8751
322 72.8581 72.8581
323 72.8581 72.8581
324 72.8581 72.8581
325 72.2047 72.8603
326 72.2047 72.955
327 72.2047 73.287
328 72.2047 73.9565
329 71.5055 73.6524
330 71.5055 72.898
331 71.2643 72.4366
332 71.1473 72.8762
333 71.1473 73.1449
334 71.1431 72.268
335 71.1431 71.7331
336 71.1431 71.6824
337 71.1431 71.4449
338 71.1431 71.2613
339 71.1431 71.1657
340 71.1431 71.1431
341 71.1431 71.3654
342 71.1431 71.1584
343 71.1431 71.176
344 70.8239 71.3756
345 70.8239 71.3707
346 70.8239 70.9753
347 70.8239 70.9158
348 70.8239 70.9362
349 70.8239 70.8996
350 70.8239 70.8805
351 70.8239 70.8239
352 70.7728 70.8238
353 70.7728 70.8172
354 70.6029 70.8771
355 70.6029 71.0009
356 70.6029 71.1186
357 70.6029 71.1914
358 70.6029 70.8299
359 70.4089 70.7459
360 70.4089 70.7734
361 70.4089 70.7205
362 70.4089 70.4701
363 70.4089 70.5203
364 70.4089 70.4378
365 70.4089 70.4106
366 70.4089 70.4376
367 70.4089 70.4089
368 70.4089 70.4527
369 70.4089 70.5519
370 70.4089 70.4129
371 70.4089 70.4481
372 70.4089 70.4722
373 70.4089 70.6339
374 70.4089 70.519
375 70.4089 70.4089
376 70.4089 70.4298
377 70.4089 70.4109
378 70.4089 70.5872
379 70.4089 70.6775
380 70.4089 70.5745
381 70.4089 70.5787
382 70.4089 70.4765
383 70.4089 70.4775
384 70.4089 70.4346
385 70.4089 70.4107
386 70.4089 70.4089
387 70.4089 70.4089
388 70.4089 70.4105
389 70.4089 70.4431
390 70.4089 70.4134
391 70.4089 70.453
392 70.4089 70.4154
393 70.4089 70.6189
394 70.4089 70.4674
395 70.4089 70.5311
396 70.4089 70.4089
397 70.4089 70.4089
398 70.4089 70.4111
399 70.4089 70.4605
400 70.4089 70.4089
401 70.4089 70.4552
402 70.4089 70.4412
403 70.4089 70.4712
404 70.3459 70.4087
405 70.3459 70.4261
406 70.3459 70.4111
407 70.3459 70.3967
408 70.3459 70.3527
409 70.3459 70.3468
410 70.3459 70.3461
411 70.3459 70.3658
412 70.3459 70.3585
413 70.3459 70.3591
414 70.3459 70.3502
415 70.3459 70.3459
416 70.3459 70.3459
417 70.3459 70.3459
418 70.3459 70.3645
419 70.3459 70.4462
420 70.3459 70.3459
421 70.3459 70.3481
422 70.3459 70.3505
423 70.3459 70.4214
424 70.3459 70.4033
425 70.3459 70.3586
426 70.3459 70.3692
427 70.3459 70.5329
428 70.3459 70.4036
429 70.3459 70.3701
430 70.3459 70.3564
431 70.3459 70.3459
432 70.3459 70.3459
433 70.3459 70.3459
434 70.3459 70.4563
435 70.3459 70.3632
436 70.3459 70.3459
437 70.3459 70.3462
438 70.3459 70.3459
439 70.3459 70.5907
440 70.3459 70.4963
441 70.3459 70.6829
442 70.3459 70.3459
443 70.3459 70.3465
444 70.3459 70.3459
445 70.3459 70.459
446 70.3459 70.3459
447 70.3459 70.4943
448 70.3459 70.3743
449 70.3459 70.3459
450 70.333 70.3444
451 70.333 70.3877
452 70.333 70.382
453 70.333 70.3339
454 70.333 70.3334
455 70.333 70.333
456 70.333 70.3576
457 70.333 70.3624
458 70.333 70.3994
459 70.333 70.7081
460 70.333 70.387
461 70.333 70.3914
462 70.333 70.3711
463 70.333 70.333
464 70.333 70.3335
465 70.333 70.4041
466 70.333 70.5584
467 70.333 70.3859
468 70.333 70.3345
469 70.333 70.4263
470 70.333 70.4403
471 70.333 70.3534
472 70.333 70.6418
473 70.2176 70.374
474 70.2176 70.3152
475 70.2176 70.3158
476 70.2176 70.2655
477 70.2176 70.2655
478 70.2176 70.2366
479 70.04 70.2185
480 70.04 70.2017
481 69.7692 70.3021
482 69.6773 70.1338
483 69.6709 69.977
484 69.6701 69.8382
485 69.6701 69.7854
486 69.6701 69.7384
487 69.6701 69.7649
488 69.6701 69.7062
489 69.6701 69.8368
490 69.6701 69.6828
491 69.6701 69.7078
492 69.6701 69.6701
493 69.6701 69.6739
494 69.6701 69.6701
495 69.6701 69.7155
496 69.6701 69.7643
497 69.6701 69.6701
498 69.6701 69.6756
499 69.6701 69.7487
500 69.6701 69.8212
501 69.6701 69.7325
502 69.6701 69.6981
503 69.6701 69.7198
504 69.6701 69.7366
505 69.6701 69.809
506 69.6701 69.7169
507 69.6701 69.6921
508 69.6701 69.8703
509 69.6701 69.7013
510 69.6701 69.8451
511 69.6701 69.7641
512 69.6701 69.6736
513 69.6701 69.6701
514 69.6701 69.6701
515 69.2918 69.669
516 69.2918 69.6149
517 69.2918 69.4686
518 69.2918 69.4171
519 69.2918 69.3153
520 69.2918 69.3006
521 69.2918 69.2918
522 69.2845 69.4339
523 69.2845 69.2936
524 69.2845 69.3288
525 68.4565 69.3044
526 68.4565 69.1632
527 68.4565 68.9398
528 68.4565 68.7486
529 68.4565 68.5855
530 68.4565 68.5317
531 68.4565 68.4712
532 68.4565 68.4919
533 68.4565 68.5093
534 68.1866 68.5921
535 68.1866 68.4738
536 68.1366 68.4108
537 68.1366 68.3288
538 68.1366 68.191
539 67.8667 68.1818
540 67.8667 68.1064
541 67.8667 68.0939
542 67.8667 67.9094
543 67.8667 67.8798
544 67.8667 67.9856
545 67.8667 67.9023
546 67.8667 67.9924
547 67.8667 67.9636
548 67.8667 67.9975
549 67.8667 67.8667
550 67.8667 67.9079
551 67.8667 67.9043
552 67.8667 67.8774
553 67.8667 67.9654
554 67.8498 67.8766
555 67.8498 67.964
556 67.8498 67.951
557 67.8235 67.99
558 67.8235 68.0137
559 67.8235 67.8782
560 67.8235 67.9028
561 67.8235 67.9008
562 67.8235 67.85
563 67.8235 67.8311
564 67.8235 67.837
565 67.8235 67.8235
566 67.8235 67.829
567 67.8235 67.8289
568 67.8235 67.8864
569 67.8235 67.8719
570 67.8235 67.9066
571 67.8235 67.887
572 67.8235 68.006
573 67.8235 67.9202
574 67.8235 67.86
575 67.8235 67.8235
576 67.8235 67.8276
577 67.8235 67.91
578 67.8235 67.8621
579 67.8235 67.8815
580 67.8235 67.8309
581 67.8235 68.082
582 67.8235 67.9489
583 67.8235 67.8235
584 67.8235 67.8487
585 67.8235 68.0495
586 67.8106 68.079
587 67.8106 67.9776
588 67.8106 67.8188
589 67.8106 67.9317
590 67.8106 67.8343
591 67.8106 67.8108
592 67.8106 67.8106
593 67.8106 68.0381
594 67.8106 67.8284
595 67.8106 67.9899
596 67.8106 68.298
597 67.8106 68.1322
598 67.8106 67.9084
599 67.6688 68.1883
600 67.6688 67.9584
601 67.6688 68.0077
602 67.6688 68.0715
603 67.6688 67.6957
604 67.6688 67.8829
605 67.6688 67.8846
606 67.6688 68.1233
607 67.6688 68.0468
608 67.6688 67.7052
609 67.6688 67.6688
610 67.6688 67.6982
611 67.6688 67.7177
612 67.6688 67.6688
613 67.6688 67.6688
614 67.6688 67.9355
615 67.6688 67.8099
616 67.6688 67.8175
617 67.6688 67.7637
618 67.6688 67.8167
619 67.6688 67.8982
620 67.6688 67.6751
621 67.6688 67.6918
622 67.6688 67.6688
623 67.6688 67.6688
624 67.6688 67.7147
625 67.6688 67.6812
626 67.6688 67.8039
627 67.6688 67.9631
628 67.6688 67.7961
629 67.3957 67.9152
630 67.3957 67.6267
631 67.3957 67.5329
632 67.3957 67.4737
633 67.3957 67.4586
634 67.3957 67.3965
635 67.3957 67.3957
636 67.3957 67.4257
637 67.3957 67.5279
638 67.3957 67.4227
639 67.3957 67.5009
640 67.3957 67.3957
641 67.3957 67.3957
642 67.3957 67.3957
643 67.3957 67.4048
644 67.3957 67.5618
645 67.3957 67.6681
646 67.3957 67.5319
647 67.3957 67.6915
648 67.3957 67.6326
649 67.3957 67.4403
650 67.3957 67.4126
651 67.3957 67.3957
652 67.3957 67.3957
653 67.3957 67.3957
654 67.3957 67.4154
655 67.3957 67.5021
656 67.3957 67.5178
657 67.3957 67.4958
658 67.3957 67.3965
659 67.3957 67.4448
660 67.3957 67.4316
661 67.3957 67.4999
662 67.3957 67.5023
663 67.3957 67.3972
664 67.3957 67.4254
665 67.3957 67.4588
666 67.3957 67.5513
667 67.3957 67.433
668 67.3957 67.4583
669 67.3957 67.3957
670 67.3957 67.4143
671 67.3957 67.4288
672 67.3957 67.6098
673 67.3957 67.3979
674 67.3957 67.6492
675 67.3957 67.4821
676 67.3957 67.9593
677 67.3957 67.4426
678 67.3957 67.3957
679 67.3957 67.3967
680 67.3957 67.5309
681 67.3957 67.3967
682 67.3957 67.3986
683 67.3957 67.4011
684 67.3957 67.5389
685 67.3957 67.4095
686 67.3957 67.3957
687 67.3957 67.4216
688 67.3957 67.3957
689 67.3957 67.3957
690 67.3957 67.4239
691 67.3957 67.3959
692 67.3957 67.59
693 67.3957 67.6783
694 67.3957 67.3957
695 67.3957 67.3957
696 67.3957 67.4041
697 67.3957 67.4145
698 67.3957 67.4517
699 67.3957 67.4167
700 67.3957 67.4016
701 67.3957 67.3965
702 67.3957 67.5578
703 67.3957 67.4141
704 67.3957 67.4449
705 67.3957 67.397
706 67.3957 67.5383
707 67.3957 67.592
708 67.3957 67.5292
709 67.3957 67.5021
710 67.3957 67.3969
711 67.3957 67.4747
712 67.3957 67.48
713 67.3957 67.3967
714 67.3957 67.4543
715 67.3957 67.441
716 67.3957 67.4324
717 67.3957 67.421
718 67.3957 67.4273
719 67.3957 67.5843
720 67.3957 67.531
721 67.3957 67.4395
722 67.3957 67.4621
723 67.3957 67.6772
724 67.3957 67.4494
725 67.3957 67.4652
726 67.3957 67.3957
727 67.3957 67.4376
728 67.3957 67.5197
729 67.3957 67.3957
730 67.3957 67.3957
731 67.3957 67.4132
732 67.3957 67.3957
733 67.3957 67.3957
734 67.3957 67.3984
735 67.3957 67.3957
736 67.3957 67.4613
737 67.3957 67.4689
738 67.3957 67.3957
739 67.3957 67.3957
740 67.3957 67.3957
741 67.3957 67.4499
742 67.3957 67.5416
743 67.3957 67.5685
744 67.3957 67.5881
745 67.3957 67.5244
746 67.3957 67.4005
747 67.3957 67.3957
748 67.3957 67.4951
749 67.3957 67.3957
750 67.3957 67.3957
751 67.3957 67.4348
752 67.3957 67.4442
753 67.3957 67.4552
754 67.3957 67.5769
755 67.3957 67.429
756 67.3957 67.3957
757 67.3957 67.4172
758 67.3957 67.505
759 67.3957 67.414
760 67.3957 67.3957
761 67.3957 67.498
762 67.3957 67.4616
763 67.3957 67.4272
764 67.3957 67.8008
765 67.3957 67.7367
766 67.3957 67.4028
767 67.3957 67.4154
768 67.3957 67.3957
769 67.3957 67.3957
770 67.3957 67.4025
771 67.3957 67.5343
772 67.3957 67.4209
773 67.3957 67.6251
774 67.3957 67.5867
775 67.3957 67.6445
776 67.3957 67.4196
777 67.3957 67.4485
778 67.3957 67.4356
779 67.3957 67.4248
780 67.3957 67.4342
781 67.3957 67.4394
782 67.3957 67.5269
783 67.3957 67.4764
784 67.3957 67.399
785 67.3957 67.4058
786 67.3957 67.3957
787 67.3957 67.3957
788 67.3957 67.5723
789 67.3957 67.6218
790 67.3957 67.6684
791 67.3957 67.5742
792 67.3957 67.5211
793 67.3957 67.4044
794 67.3957 67.7398
795 67.3957 67.4488
796 67.3957 67.5606
797 67.3957 67.4523
798 67.3957 67.4461
799 67.3957 67.515
800 67.3957 67.4596
801 67.3957 67.4207
802 67.3957 67.3957
803 67.3957 67.4228
804 67.3957 67.397
805 67.3957 67.3959
806 67.3957 67.4346
807 67.3957 67.4935
808 67.3957 67.4246
809 67.3957 67.5155
810 67.3957 67.4108
811 67.3957 67.3957
812 67.3957 67.3957
813 67.3957 67.4835
814 67.3957 67.3957
815 67.3957 67.4985
816 67.3957 67.4938
817 67.3957 67.513
818 67.3957 67.4509
819 67.3957 67.4001
820 67.3957 67.4655
821 67.3957 67.4129
822 67.3957 67.4099
823 67.3957 67.633
824 67.3957 67.4303
825 67.3957 67.4046
826 67.3957 67.6113
827 67.3957 67.4457
828 67.3957 67.4328
829 67.3957 67.4816
830 67.3957 67.581
831 67.3957 67.4738
832 67.3957 67.4176
833 67.3957 67.4047
834 67.3957 67.4221
835 67.3957 67.4319
836 67.3957 67.641
837 67.3957 67.6808
838 67.3957 67.4712
839 67.3957 67.3957
840 67.3957 67.4125
841 67.3957 67.3957
842 67.3957 67.5187
843 67.3957 67.401
844 67.3957 67.4047
845 67.3957 67.3957
846 67.3957 67.3961
847 67.3957 67.3957
848 67.3957 67.4237
849 67.3957 67.4394
850 66.9713 67.4182
851 66.9713 67.4779
852 66.9713 67.2946
853 66.9713 67.1403
854 66.9713 67.1291
855 66.9713 67.1296
856 66.9713 67.1578
857 66.9713 67.0301
858 66.9713 66.9713
859 66.9713 66.9713
860 66.9713 66.995
861 66.9713 67.0213
862 66.9713 66.9713
863 66.9713 67.1045
864 66.9713 67.0963
865 66.9713 67.1785
866 66.9713 67.1043
867 66.9713 66.9921
868 66.9713 67.1643
869 66.9713 66.9859
870 66.9713 67.0042
871 66.9713 67.031
872 66.9713 67.2751
873 66.9713 67.1577
874 66.9713 67.237
875 66.9713 67.2431
876 66.9713 67.0949
877 66.9713 66.9713
878 66.9713 67.0351
879 66.9713 66.9713
880 66.9713 66.9713
881 66.9713 66.9713
882 66.9713 66.9713
883 66.9713 66.9713
884 66.9713 66.9713
885 66.9713 67.0542
886 66.9713 66.9903
887 66.9713 67.0022
888 66.9713 66.9723
889 66.9713 66.9915
890 66.9713 67.0032
891 66.9713 67.0349
892 66.9713 67.0064
893 66.9713 66.9994
894 66.9713 67.0628
895 66.9713 67.2461
896 66.9713 67.2662
897 66.9713 67.2535
898 66.9713 67.1302
899 66.9713 67.1409
900 66.9713 67.0454
901 66.9713 66.9723
902 66.9713 66.9713
903 66.9713 67.0027
904 66.9713 67.0161
905 66.9713 66.9713
906 66.9713 66.9761
907 66.9713 66.9745
908 66.9713 66.9981
909 66.9713 66.9713
910 66.9713 67.0159
911 66.9713 67.0008
912 66.9713 67.0798
913 66.9713 67.0187
914 66.9713 67.0086
915 66.9713 66.9884
916 66.9713 66.9948
917 66.9713 66.9713
918 66.9713 66.9713
919 66.9713 66.9713
920 66.9713 66.9981
921 66.9713 67.0135
922 66.9713 66.9909
923 66.9713 67.0829
924 66.9713 67.085
925 66.9713 66.9782
926 66.9713 67.0036
927 66.9713 67.0667
928 66.9713 66.9722
929 66.9713 66.978
930 66.9713 67.0909
931 66.9713 67.0701
932 66.9713 67.1323
933 66.9713 67.2463
934 66.9713 67.4256
935 66.9713 67.1648
936 66.9713 67.4068
937 66.9713 67.0653
938 66.9713 67.0165
939 66.9713 67.0993
940 66.9713 67.0196
941 66.9713 67.0014
942 66.9713 66.9713
943 66.9713 66.9793
944 66.9713 66.9713
945 66.9713 67.0694
946 66.9713 66.9817
947 66.9713 66.9713
948 66.9713 67.1684
949 66.9713 67.0784
950 66.9713 67.078
951 66.9713 67.073
952 66.9713 67.1855
953 66.9713 67.0166
954 66.9713 66.9886
955 66.9713 67.0564
956 66.9713 67.0492
957 66.9713 66.9919
958 66.9713 67.0259
959 66.9713 66.9713
960 66.9713 66.9713
961 66.9713 66.9734
962 66.9713 67.1029
963 66.9713 66.9729
964 66.9713 67.077
965 66.9713 67.0671
966 66.9713 67.0474
967 66.9713 67.0166
968 66.9713 67.0157
969 66.9713 66.9792
970 66.9713 66.9713
971 66.9713 66.9754
972 66.9713 66.9976
973 66.9713 66.9713
974 66.9713 66.9713
975 66.9713 67.124
976 66.9713 67.3253
977 66.9713 67.0246
978 66.9713 67.3009
979 66.9713 66.9867
980 66.9713 66.9847
981 66.9713 67.0744
982 66.9713 66.9713
983 66.9713 67.0606
984 66.9713 66.9995
985 66.9713 67.0548
986 66.9713 67.0772
987 66.9713 67.1324
988 66.9713 67.0243
989 66.9713 66.9713
990 66.9713 66.9763
991 66.9713 66.9713
992 66.9713 66.9723
993 66.9713 66.9713
994 66.9713 66.9875
995 66.9713 66.987
996 66.9713 66.975
997 66.9713 67.0149
998 66.9713 67.0264
999 66.9713 67.2352
1000 66.9713 66.9941
1001 66.9713 67.0162
1002 66.9713 67.0016
1003 66.9713 66.9794
1004 66.9713 66.9713
1005 66.9713 66.9713
1006 66.9713 66.9879
1007 66.9713 66.986
1008 66.9713 66.9713
1009 66.9713 66.9851
1010 66.9713 67.0245
1011 66.9713 67.0494
1012 66.9713 67.0015
1013 66.9713 67.0151
1014 66.9713 66.9713
1015 66.9713 67.0435
1016 66.9713 66.9713
1017 66.9713 66.983
1018 66.9713 67.0613
1019 66.9713 67.0056
1020 66.9713 67.0588
1021 66.9713 67.0663
1022 66.9713 66.9967
1023 66.9713 66.999
1024 66.9713 66.9713
1025 66.9713 66.9713
1026 66.9713 66.9713
1027 66.9713 66.9713
1028 66.9713 66.9713
1029 66.9713 66.9747
1030 66.9713 67.0328
1031 66.9713 67.1491
1032 66.9713 67.1012
1033 66.9713 67.0247
1034 66.9713 67.0504
1035 66.9713 67.3378
1036 66.9713 67.1307
1037 66.9713 67.0699
1038 66.9713 67.0385
1039 66.9713 67.0394
1040 66.9713 67.0308
1041 66.9713 67.0493
1042 66.9713 66.9735
1043 66.9713 66.9774
1044 66.9713 67.0865
1045 66.9713 67.1434
1046 66.9713 66.9919
1047 66.9713 67.0475
1048 66.9713 66.9713
1049 66.9713 66.976
1050 66.9713 66.9994
1051 66.9713 67.0356
1052 66.9713 66.9713
1053 66.9713 66.9864
1054 66.9713 66.9795
1055 66.9713 67.0671
1056 66.9713 67.0618
1057 66.9713 67.0752
1058 66.9713 67.4559
1059 66.9713 67.2289
1060 66.9713 66.9713
1061 66.9713 66.9919
1062 66.9713 67.0243
1063 66.9713 67.0798
1064 66.9713 67.1092
1065 66.9713 67.117
1066 66.9713 66.9731
1067 66.9713 66.9713
1068 66.9713 66.9805
1069 66.9713 67.0152
1070 66.9713 66.9713
1071 66.9713 67.034
1072 66.9713 66.9713
1073 66.9713 66.9877
1074 66.9713 67.0419
1075 66.9713 67.2099
1076 66.9713 67.0959
1077 66.9713 67.0241
1078 66.9713 67.028
1079 66.9713 66.9738
1080 66.9713 66.9713
1081 66.9713 67.0345
1082 66.9713 67.084
1083 66.9713 67.0852
1084 66.9713 66.9745
1085 66.9713 66.9713
1086 66.9713 67.1551
1087 66.9713 67.0041
1088 66.9713 67.0971
1089 66.9713 67.0081
1090 66.9713 66.9713
1091 66.9713 66.9713
1092 66.9713 66.9797
1093 66.9713 67.0117
1094 66.9713 66.9713
1095 66.9713 67.0091
1096 66.9713 66.9713
1097 66.9713 67.0166
1098 66.9713 66.9713
1099 66.9713 66.9745
1100 66.9713 66.9866
1101 66.9713 66.9892
1102 66.9713 67.0105
1103 66.9713 67.3535
1104 66.9713 67.2506
1105 66.9713 66.9974
1106 66.9713 67.0499
1107 66.9713 66.9713
1108 66.9713 67.0574
1109 66.9713 67.0621
1110 66.9713 67.0054
1111 66.9713 66.9713
1112 66.9713 67.0595
1113 66.9713 67.0415
1114 66.9713 67.102
1115 66.9713 67.0127
1116 66.9713 67.0985
1117 66.9713 66.9713
1118 66.9713 66.9713
1119 66.9713 66.9788
1120 66.9713 67.1231
1121 66.9713 67.1692
1122 66.9713 67.0027
1123 66.9713 66.9713
1124 66.9713 67.002
1125 66.9713 67.0201
1126 66.9713 67.3861
1127 66.9713 67.1285
1128 66.9713 66.9713
1129 66.9713 66.9737
1130 66.9713 66.9713
1131 66.9713 66.9918
1132 66.9713 67.1012
1133 66.9713 66.9884
1134 66.9713 66.9713
1135 66.9713 66.9713
1136 66.9713 66.9713
1137 66.9713 66.9903
1138 66.9713 67.1005
1139 66.9713 67.014
1140 66.9713 67.1001
1141 66.9713 66.9713
1142 66.9713 67.3981
1143 66.9713 67.1078
1144 66.9713 67.0763
1145 66.9713 66.9713
1146 66.9713 67.0406
1147 66.9713 66.9713
1148 66.9713 67.1116
1149 66.9713 67.0027
1150 66.9713 67.1151
1151 66.9713 67.2247
1152 66.9713 67.3062
1153 66.9713 67.0227
1154 66.9713 66.9893
1155 66.9713 67.0088
1156 66.9713 67.036
1157 66.9713 66.9747
1158 66.9713 66.9715
1159 66.9713 67.0455
1160 66.9713 67.3664
1161 66.9713 67.0019
1162 66.9713 66.9713
1163 66.9713 66.9713
1164 66.9713 67.1084
1165 66.9713 66.9872
1166 66.9713 67.0845
1167 66.9713 67.1189
1168 66.9713 66.9725
1169 66.9713 66.9863
1170 66.9713 67.1027
1171 66.9713 67.2952
1172 66.9713 66.977
1173 66.9713 66.9713
1174 66.9713 66.9713
1175 66.9713 66.9713
1176 66.9713 66.9713
1177 66.9713 67.0212
1178 66.9713 66.9963
1179 66.9713 66.9713
1180 66.9713 67.0651
1181 66.9713 66.9713
1182 66.9713 67.0687
1183 66.9713 66.9856
1184 66.9713 67.0153
1185 66.9713 66.9806
1186 66.9713 67.0929
1187 66.9713 66.9713
1188 66.9713 66.9723
1189 66.9713 67.0095
1190 66.9713 66.9962
1191 66.9713 67.0959
1192 66.9713 67.1019
1193 66.9713 67.0138
1194 66.9713 66.9922
1195 66.9713 67.0303
1196 66.9713 67.0389
1197 66.9713 66.9713
1198 66.9713 67.0182
1199 66.9713 66.9827
1200 66.9713 66.9713
1201 66.9713 66.9713
1202 66.9713 66.9713
1203 66.9713 66.9713
1204 66.9713 66.9713
1205 66.9713 66.9722
1206 66.9713 66.9743
1207 66.9713 67.0447
1208 66.9713 67.2353
1209 66.9713 67.0489
1210 66.9713 67.0219
1211 66.9713 67.0518
1212 66.9713 66.9774
1213 66.9713 67.0068
1214 66.9713 67.0766
1215 66.9713 67.409
1216 66.9713 67.0025
1217 66.9713 67.0197
1218 66.9713 66.9875
1219 66.9713 67.0109
1220 66.9713 66.9713
1221 66.9713 67.0875
1222 66.9713 67.2208
1223 66.9713 67.2684
1224 66.9713 67.0122
1225 66.9713 67.0696
1226 66.9713 67.0583
1227 66.9713 66.9716
1228 66.9713 67.0101
1229 66.9713 66.9713
1230 66.9713 66.9898
1231 66.9713 67.0433
1232 66.9713 67.0256
1233 66.9713 67.2311
1234 66.9713 66.985
1235 66.9713 66.9713
1236 66.9713 66.9924
1237 66.9713 66.9743
1238 66.9713 67.0146
1239 66.9713 67.0435
1240 66.9713 66.9834
1241 66.9713 66.9714
1242 66.9713 67.0144
1243 66.9713 66.9713
1244 66.9713 66.9713
1245 66.9713 66.9713
1246 66.9713 66.9897
1247 66.9713 66.9738
1248 66.9713 66.984
1249 66.9713 66.975
1250 66.9713 67.0018
1251 66.9713 67.0521
1252 66.9713 67.0098
1253 66.9713 67.0532
1254 66.9713 67.0033
1255 66.9713 67.1084
1256 66.9713 67.0416
1257 66.9713 66.9823
1258 66.9713 66.9713
1259 66.9713 66.9715
1260 66.9713 66.9713
1261 66.9713 67.0403
1262 66.9713 66.9929
1263 66.9713 67.0691
1264 66.9713 67.0129
1265 66.9713 67.0831
1266 66.9713 67.18
1267 66.9713 67.1431
1268 66.9713 66.9853
1269 66.9713 67.181
1270 66.9713 66.9713
1271 66.9713 66.9713
1272 66.9713 66.9713
1273 66.9713 66.9713
1274 66.9713 66.9723
1275 66.9713 66.9724
1276 66.9713 67.169
1277 66.9713 67.0448
1278 66.9713 67.0314
1279 66.9713 66.9754
1280 66.9713 67.0382
1281 66.9713 67.0175
1282 66.9713 66.9713
1283 66.9713 66.9713
1284 66.9713 66.9713
1285 66.9713 67.1213
1286 66.9713 67.0378
1287 66.9713 67.0026
1288 66.9713 67.0339
1289 66.9713 67.0357
1290 66.9713 67.214
1291 66.9713 67.0708
1292 66.9713 66.9887
1293 66.9713 66.9773
1294 66.9713 67.5681
1295 66.9713 67.0027
1296 66.9713 67.142
1297 66.9713 67.107
1298 66.9713 67.1117
1299 66.9713 67.1658
1300 66.9713 67.3261
1301 66.9713 67.1221
1302 66.9713 66.9819
1303 66.9713 66.9713
1304 66.9713 67.0394
1305 66.9713 67.0112
1306 66.9713 67.0818
1307 66.9713 66.9887
1308 66.9713 66.9713
1309 66.9713 66.9713
1310 66.9713 66.9713
1311 66.9713 66.9862
1312 66.9713 66.9713
1313 66.9713 66.9947
1314 66.9713 67.0961
1315 66.9713 67.2935
1316 66.9713 67.0291
1317 66.9713 67.4403
1318 66.9713 67.3698
1319 66.9713 67.1047
1320 66.9713 67.0424
1321 66.9713 67.1191
1322 66.9713 67.0408
1323 66.9713 66.9723
1324 66.9713 66.9725
1325 66.9713 67.0946
1326 66.9713 67.035
1327 66.9713 66.9739
1328 66.9713 66.9713
1329 66.9713 66.9713
1330 66.9713 66.9713
1331 66.9713 66.9713
1332 66.9713 66.9713
1333 66.9713 66.9927
1334 66.9713 67.0052
1335 66.9713 67.0263
1336 66.9713 67.0294
1337 66.9713 67.0882
1338 66.9713 66.9851
1339 66.9713 66.983
1340 66.9713 67.022
1341 66.9713 67.1974
1342 66.9713 67.0842
1343 66.9713 67.174
1344 66.9713 67.1023
1345 66.9713 67.013
1346 66.9713 66.9713
1347 66.9713 66.9713
1348 66.9713 66.9713
1349 66.9713 66.9713
1350 66.9713 66.9713
1351 66.9713 66.9713
1352 66.9713 66.9833
1353 66.9713 67.1384
1354 66.9713 66.9751
1355 66.9713 66.9747
1356 66.9713 66.9713
1357 66.9713 66.9852
1358 66.9713 67.0458
1359 66.9713 67.0097
1360 66.9713 67.0398
1361 66.9713 67.0337
1362 66.9713 66.975
1363 66.9713 67.0336
1364 66.9713 66.9732
1365 66.9713 66.9713
1366 66.9713 66.9855
1367 66.9713 67.0619
1368 66.9713 67.2351
1369 66.9713 67.013
1370 66.9713 66.9713
1371 66.9713 67.0157
1372 66.9713 67.0331
1373 66.9713 66.9746
1374 66.9713 66.9849
1375 66.9713 66.9713
1376 66.9713 67.0865
1377 66.9713 67.2776
1378 66.9713 67.1323
1379 66.9713 67.1296
1380 66.9713 67.1306
1381 66.9713 67.0513
1382 66.9713 66.9755
1383 66.9713 66.9715
1384 66.9713 66.9729
1385 66.9713 66.9713
1386 66.9713 66.9819
1387 66.9713 66.9713
1388 66.9713 66.9713
1389 66.9713 66.9904
1390 66.9713 66.9713
1391 66.9713 66.9738
1392 66.9713 67.0218
1393 66.9713 66.9965
1394 66.9713 67.0129
1395 66.9713 66.9769
1396 66.9713 66.9713
1397 66.9713 66.9713
1398 66.9713 66.9713
1399 66.9713 66.9713
1400 66.9713 67.0327
1401 66.9713 67.0338
1402 66.9713 66.9872
1403 66.9713 66.9976
1404 66.9713 67.0273
1405 66.9713 66.9724
1406 66.9713 67.0011
1407 66.9713 67.1542
1408 66.9713 67.1627
1409 66.9713 66.9918
1410 66.9713 66.9713
1411 66.9713 66.9713
1412 66.9713 67.2645
1413 66.9713 67.2845
1414 66.9713 67.0545
1415 66.9713 67.0735
1416 66.9713 67.088
1417 66.9713 66.9713
1418 66.9713 66.9723
1419 66.9713 67.0137
1420 66.9713 66.9785
1421 66.9713 66.9934
1422 66.9713 66.9713
1423 66.9713 66.9713
1424 66.9713 67.0942
1425 66.9713 67.0394
1426 66.9713 66.9713
1427 66.9713 66.9713
1428 66.9713 66.9913
1429 66.9713 66.9713
1430 66.9713 66.9713
1431 66.9713 66.9713
1432 66.9713 66.9723
1433 66.9713 67.0282
1434 66.9713 67.0061
1435 66.9713 67.012
1436 66.9713 67.188
1437 66.9713 67.2483
1438 66.9713 67.7959
1439 66.9713 67.0589
1440 66.9713 67.1034
1441 66.9713 66.9713
1442 66.9713 66.9713
1443 66.9713 66.9713
1444 66.9713 66.9713
1445 66.9713 66.9918
1446 66.9713 66.9713
1447 66.9713 67.1972
1448 66.9713 67.1416
1449 66.9713 66.9721
1450 66.9713 67.0355
1451 66.9713 67.2111
1452 66.9713 67.1122
1453 66.9713 67.0508
1454 66.9713 66.9713
1455 66.9713 66.9713
1456 66.9713 66.9713
1457 66.9713 66.9925
1458 66.9713 66.9713
1459 66.9713 66.9739
1460 66.9713 66.9713
1461 66.9713 67.1076
1462 66.9713 66.9963
1463 66.9713 67.0173
1464 66.9713 67.0968
1465 66.9713 67.1172
1466 66.9713 67.0494
1467 66.9713 67.277
1468 66.9713 67.232
1469 66.9713 66.9982
1470 66.9713 66.9934
1471 66.9713 67.0525
1472 66.9713 67.0448
1473 66.9713 66.999
1474 66.9713 66.9713
1475 66.9713 67.154
1476 66.9713 66.9713
1477 66.9713 67.0091
1478 66.9713 66.9743
1479 66.9713 67.0502
1480 66.9713 66.9775
1481 66.9713 66.9826
1482 66.9713 66.9917
1483 66.9713 66.9713
1484 66.9713 66.981
1485 66.9713 67.2668
1486 66.9713 67.1148
1487 66.9713 66.9713
1488 66.9713 66.9935
1489 66.9713 66.9723
1490 66.9713 67.0349
1491 66.9713 66.9713
1492 66.9713 67.0751
1493 66.9713 67.1256
1494 66.9713 67.048
1495 66.9713 67.0577
1496 66.9713 66.9713
1497 66.9713 66.9779
1498 66.9713 66.9713
1499 66.9713 66.9713
1500 66.8256 66.9988
1501 66.8256 66.8918
1502 66.8256 66.8566
1503 66.8256 66.8342
1504 66.8256 66.8256
1505 66.8256 67.0119
1506 66.8256 66.8473
1507 66.8256 66.8504
1508 66.8256 66.8355
1509 66.8256 66.9472
1510 66.8256 66.8466
1511 66.8256 66.8256
1512 66.8256 66.969
1513 66.8256 66.8731
1514 66.8256 66.9223
1515 66.8256 66.9804
1516 66.8256 66.9041
1517 66.8256 66.8726
1518 66.8256 66.8256
1519 66.8256 66.8256
1520 66.8256 66.8256
1521 66.8256 66.8256
1522 66.8256 66.888
1523 66.8256 66.8304
1524 66.8256 66.8497
1525 66.8256 66.9385
1526 66.8256 66.8695
1527 66.8256 66.8533
1528 66.8256 66.8603
1529 66.8256 66.8256
1530 66.8256 66.8271
1531 66.8256 66.83
1532 66.8256 66.8256
1533 66.8256 66.8256
1534 66.8256 66.8298
1535 66.8256 66.8322
1536 66.8256 66.8541
1537 66.8256 66.8256
1538 66.8256 66.8259
1539 66.8256 66.9285
1540 66.8256 66.9876
1541 66.8256 66.9252
1542 66.8256 66.9952
1543 66.8256 66.8631
1544 66.8256 66.8886
1545 66.8256 66.8256
1546 66.8256 66.8256
1547 66.8256 66.8256
1548 66.8256 66.8256
1549 66.8256 66.8256
1550 66.8256 66.8291
1551 66.8256 66.8489
1552 66.8256 67.3258
1553 66.8256 66.8372
1554 66.8256 66.8265
1555 66.8256 66.8649
1556 66.8256 66.8294
1557 66.8256 66.876
1558 66.8256 66.8582
1559 66.8256 66.8297
1560 66.8256 66.8861
1561 66.8256 66.9657
1562 66.8256 66.9083
1563 66.8256 66.8428
1564 66.8256 66.8603
1565 66.8256 66.8256
1566 66.8256 66.9095
1567 66.8256 66.8343
1568 66.8256 66.9953
1569 66.8256 66.9259
1570 66.8256 67.0038
1571 66.8256 67.0182
1572 66.8256 66.8529
1573 66.8256 66.8715
1574 66.8256 66.8497
1575 66.8256 66.9898
1576 66.8256 66.8274
1577 66.8256 66.9687
1578 66.8256 67.0877
1579 66.8256 67.392
1580 66.8256 67.2741
1581 66.8256 66.9144
1582 66.8256 66.9223
1583 66.8256 66.9899
1584 66.8256 67.284
1585 66.8256 67.0442
1586 66.8256 67.1885
1587 66.8256 66.8523
1588 66.8256 66.8527
1589 66.8256 66.8267
1590 66.8256 67.0637
1591 66.8256 66.9295
1592 66.8256 67.0505
1593 66.8256 66.8884
1594 66.8256 67.0512
1595 66.8256 66.9029
1596 66.8256 66.9148
1597 66.8256 66.9856
1598 66.8256 66.8256
1599 66.8256 66.8256
1600 66.8256 66.8403
1601 66.8256 66.9761
1602 66.8256 66.9493
1603 66.8256 66.946
1604 66.8256 67.1437
1605 66.8256 66.9706
1606 66.8256 66.839
1607 66.8256 66.9985
1608 66.8256 67.0357
1609 66.8256 67.0449
1610 66.8256 66.874
1611 66.8256 66.8256
1612 66.8256 66.8354
1613 66.8256 66.8256
1614 66.8256 66.8357
1615 66.8256 66.9677
1616 66.8256 66.91
1617 66.8256 66.8764
1618 66.8256 66.8394
1619 66.8256 66.8258
1620 66.8256 66.8256
1621 66.8256 66.8256
1622 66.8256 66.8617
1623 66.8256 66.8539
1624 66.8256 66.8955
1625 66.8256 66.9317
1626 66.8256 66.9634
1627 66.8256 66.8259
1628 66.8256 66.8552
1629 66.8256 66.8256
1630 66.8256 66.8637
1631 66.8256 67.0687
1632 66.8256 66.9499
1633 66.8256 66.8756
1634 66.8256 66.8312
1635 66.8256 66.8256
1636 66.8256 66.8256
1637 66.8256 66.8455
1638 66.8256 66.8288
1639 66.8256 66.8742
1640 66.8256 66.9607
1641 66.8256 66.9598
1642 66.8256 66.8256
1643 66.8256 66.8747
1644 66.8256 66.8507
1645 66.8256 66.8401
1646 66.8256 66.9278
1647 66.8256 67.0433
1648 66.8256 66.9586
1649 66.8256 66.8385
1650 66.8256 66.8256
1651 66.8256 66.9795
1652 66.8256 66.8348
1653 66.8256 66.9315
1654 66.8256 67.0514
1655 66.8256 66.8784
1656 66.8256 66.8591
1657 66.8256 66.8456
1658 66.8256 66.8308
1659 66.8256 66.8813
1660 66.8256 66.9203
1661 66.8256 66.9312
1662 66.8256 66.9819
1663 66.8256 66.8613
1664 66.8256 66.8272
1665 66.8256 66.8256
1666 66.8256 66.8884
1667 66.8256 66.8586
1668 66.8256 66.874
1669 66.8256 66.8256
1670 66.8256 66.8465
1671 66.8256 66.8414
1672 66.8256 66.8663
1673 66.8256 66.9343
1674 66.8256 66.8502
1675 66.8256 66.9511
1676 66.8256 66.8267
1677 66.8256 66.8256
1678 66.8256 66.8634
1679 66.8256 66.8473
1680 66.8256 66.8916
1681 66.8256 67.0221
1682 66.8256 67.0432
1683 66.8256 66.9444
1684 66.8256 66.8263
1685 66.8256 67.0201
1686 66.8256 67.0745
1687 66.8256 66.939
1688 66.8256 67.1295
1689 66.8256 66.9484
1690 66.8256 66.8922
1691 66.8256 66.8923
1692 66.8256 66.8336
1693 66.8256 66.8256
1694 66.8256 66.8793
1695 66.8256 66.8632
1696 66.8256 66.9452
1697 66.8256 66.9789
1698 66.8256 66.8336
1699 66.8256 66.9245
1700 66.8256 66.8256
1701 66.8256 66.831
1702 66.8256 66.8299
1703 66.8256 66.8969
1704 66.8256 67.1516
1705 66.8256 66.8455
1706 66.8256 66.8303
1707 66.8256 66.8295
1708 66.8256 66.8408
1709 66.8256 67.0464
1710 66.8256 66.9652
1711 66.8256 66.9056
1712 66.8256 66.9862
1713 66.8256 66.946
1714 66.8256 66.9061
1715 66.8256 66.875
1716 66.8256 66.8768
1717 66.8256 66.8796
1718 66.8256 66.9035
1719 66.8256 66.8397
1720 66.8256 66.8796
1721 66.8256 66.8674
1722 66.8256 66.8611
1723 66.8256 66.8443
1724 66.8256 66.9725
1725 66.8256 66.8843
1726 66.8256 66.8746
1727 66.8256 66.9859
1728 66.8256 66.9301
1729 66.8256 67.137
1730 66.8256 67.036
1731 66.8256 66.89
1732 66.8256 66.9461
1733 66.8256 66.8732
1734 66.8256 66.8256
1735 66.8256 66.8325
1736 66.8256 66.8256
1737 66.8256 66.849
1738 66.8256 66.8256
1739 66.8256 66.8256
1740 66.8256 66.8256
1741 66.8256 66.9133
1742 66.8256 66.9792
1743 66.8256 66.8288
1744 66.8256 66.8945
1745 66.8256 66.8808
1746 66.8256 66.9624
1747 66.8256 66.83
1748 66.8256 66.8274
1749 66.8256 66.8677
1750 66.8256 66.8707
1751 66.8256 66.9254
1752 66.8256 66.8271
1753 66.8256 66.8365
1754 66.8256 66.8501
1755 66.8256 66.8411
1756 66.8256 66.8339
1757 66.8256 66.849
1758 66.8256 66.8813
1759 66.8256 67.0348
1760 66.8256 66.8338
1761 66.8256 66.8901
1762 66.8256 66.8869
1763 66.8256 66.9463
1764 66.8256 66.9637
1765 66.8256 66.8907
1766 66.8256 66.9972
1767 66.8256 66.8471
1768 66.8256 66.8987
1769 66.8256 66.8428
1770 66.8256 66.853
1771 66.8256 66.8399
1772 66.8256 66.8536
1773 66.8256 66.9519
1774 66.8256 66.9502
1775 66.8256 66.8256
1776 66.8256 66.8309
1777 66.8256 66.8307
1778 66.8256 66.8256
1779 66.8256 66.8405
1780 66.8256 66.8667
1781 66.8256 66.9651
1782 66.8256 66.8904
1783 66.8256 66.9429
1784 66.8256 66.8566
1785 66.8256 66.8586
1786 66.8256 66.8256
1787 66.8256 66.8907
1788 66.8256 66.8316
1789 66.8256 66.8256
1790 66.8256 66.8256
1791 66.8256 66.8256
1792 66.8256 66.8256
1793 66.8256 66.8471
1794 66.8256 66.9519
1795 66.8256 66.8395
1796 66.8256 66.9304
1797 66.8256 66.8648
1798 66.8256 66.9016
1799 66.8256 66.865
1800 66.8256 66.829
1801 66.8256 66.8263
1802 66.8256 66.8256
1803 66.8256 66.8272
1804 66.8256 66.8256
1805 66.8256 66.8311
1806 66.8256 66.8491
1807 66.8256 66.9249
1808 66.8256 67.0387
1809 66.8256 66.8498
1810 66.8256 66.8341
1811 66.8256 66.8586
1812 66.8256 66.882
1813 66.8256 66.8628
1814 66.8256 66.8256
1815 66.8256 66.8256
1816 66.8256 66.8466
1817 66.8256 66.8713
1818 66.8256 66.8256
1819 66.8256 66.8506
1820 66.8256 66.89
1821 66.8256 66.8767
1822 66.8256 67.0731
1823 66.8256 67.2068
1824 66.8256 66.871
1825 66.8256 67.0762
1826 66.8256 66.9014
1827 66.8256 66.9008
1828 66.8256 66.8256
1829 66.8256 66.8256
1830 66.8256 66.9035
1831 66.8256 66.8256
1832 66.8256 66.828
1833 66.8256 66.8567
1834 66.8256 66.8554
1835 66.8256 66.83
1836 66.8256 66.8687
1837 66.8256 66.8952
1838 66.8256 66.8504
1839 66.8256 66.8556
1840 66.8256 66.8256
1841 66.8256 66.8451
1842 66.8256 67.0539
1843 66.8256 66.8415
1844 66.8256 66.8328
1845 66.8256 66.8256
1846 66.8256 66.8285
1847 66.8256 66.8256
1848 66.8256 66.8748
1849 66.8256 66.8775
1850 66.8256 66.8309
1851 66.8256 66.8287
1852 66.8256 66.8256
1853 66.8256 66.8281
1854 66.8256 66.8578
1855 66.8256 66.8483
1856 66.8256 66.9017
1857 66.8256 66.8814
1858 66.8256 66.8375
1859 66.8256 66.8313
1860 66.8256 66.8839
1861 66.8256 66.8256
1862 66.8256 66.8256
1863 66.8256 66.9034
1864 66.8256 66.886
1865 66.8256 67.1105
1866 66.8256 67.0721
1867 66.8256 66.9412
1868 66.8256 66.8256
1869 66.8256 66.8414
1870 66.8256 67.0803
1871 66.8256 67.04
1872 66.8256 66.8521
1873 66.8256 67.3
1874 66.8256 67.0492
1875 66.8256 67.0111
1876 66.8256 66.8256
1877 66.8256 66.8573
1878 66.8256 66.8567
1879 66.8256 66.8256
1880 66.8256 66.8938
1881 66.8256 66.8256
1882 66.8256 66.8256
1883 66.8256 66.8278
1884 66.8256 66.8256
1885 66.8256 66.8572
1886 66.8256 66.8321
1887 66.8256 67.0441
1888 66.8256 66.8869
1889 66.8256 66.869
1890 66.8256 66.9817
1891 66.8256 66.9872
1892 66.8256 67.2081
1893 66.8256 67.0471
1894 66.8256 66.9093
1895 66.8256 66.8256
1896 66.8256 66.8256
1897 66.8256 66.8256
1898 66.8256 66.8256
1899 66.8256 66.8256
1900 66.8256 66.8256
1901 66.8256 66.8312
1902 66.8256 66.8256
1903 66.8256 66.8256
1904 66.8256 66.8256
1905 66.8256 66.8257
1906 66.8256 66.8455
1907 66.8256 66.8256
1908 66.8256 66.8495
1909 66.8256 66.8256
1910 66.8256 66.8256
1911 66.8256 66.8256
1912 66.8256 66.929
1913 66.8256 66.8862
1914 66.8256 66.945
1915 66.8256 66.827
1916 66.8256 66.8627
1917 66.8256 66.9842
1918 66.8256 66.8705
1919 66.8256 66.8329
1920 66.8256 67.0852
1921 66.8256 66.9231
1922 66.8256 66.8256
1923 66.8256 66.8489
1924 66.8256 67.0179
1925 66.8256 66.95
1926 66.8256 66.8684
1927 66.8256 66.8787
1928 66.8256 66.8713
1929 66.8256 66.8383
1930 66.8256 66.8256
1931 66.8256 66.885
1932 66.8256 67.0708
1933 66.8256 67.0407
1934 66.8256 66.8933
1935 66.8256 66.8578
1936 66.8256 67.1488
1937 66.8256 66.9286
1938 66.8256 66.8256
1939 66.8256 67.1648
1940 66.8256 66.9788
1941 66.8256 66.8658
1942 66.8256 66.8256
1943 66.8179 66.8681
1944 66.8179 66.9152
1945 66.6123 67.0246
1946 66.6123 66.9573
1947 66.6123 66.7401
1948 66.6123 66.7015
1949 66.6123 66.629
1950 66.6123 66.6282
1951 66.6123 66.6123
1952 66.6123 66.6605
1953 66.6123 66.679
1954 66.6123 66.6123
1955 66.6123 66.6543
1956 66.6123 66.6123
1957 66.6123 66.6364
1958 66.6123 66.738
1959 66.6123 66.6123
1960 66.6123 66.6679
1961 66.6123 66.6945
1962 66.6123 66.7144
1963 66.6123 66.615
1964 66.6123 66.6123
1965 66.6123 66.6724
1966 66.6123 66.6257
1967 66.6123 66.6123
1968 66.6123 66.6757
1969 66.6123 66.6737
1970 66.6123 66.6835
1971 66.6123 66.642
1972 66.6123 66.7752
1973 66.6123 66.7814
1974 66.6123 66.6503
1975 66.6123 66.6354
1976 66.6123 66.6305
1977 66.6123 66.7326
1978 66.6123 66.6532
1979 66.6123 66.7015
1980 66.6123 66.6257
1981 66.6123 66.6791
1982 66.6123 66.815
1983 66.6123 66.9321
1984 66.6123 66.8074
1985 66.6123 66.6769
1986 66.6123 66.7104
1987 66.6123 66.6748
1988 66.6123 66.7879
1989 66.6123 66.9274
1990 66.6123 66.6914
1991 66.6123 66.6779
1992 66.6123 66.8429
1993 66.6123 66.8674
1994 66.6123 66.706
1995 66.6123 66.6313
1996 66.6123 66.6123
1997 66.6123 66.6673
1998 66.6123 66.6318
1999 66.6123 66.6229
2000 66.6123 66.7007
2001 66.6123 66.6123
2002 66.6123 66.6123
2003 66.6123 66.6123
2004 66.6123 66.6986
2005 66.6123 66.6615
2006 66.6123 66.7332
2007 66.6123 66.6265
2008 66.6123 66.6476
2009 66.6123 66.6238
2010 66.6123 66.616
2011 66.6123 66.9151
2012 66.6123 66.7765
2013 66.6123 66.6402
2014 66.6123 66.6426
2015 66.6123 66.6123
2016 66.6123 66.6123
2017 66.6123 66.6123
2018 66.6123 66.6894
2019 66.6123 66.636
2020 66.6123 66.6266
2021 66.6123 66.62
2022 66.6123 66.8174
2023 66.6123 66.91
2024 66.6123 67.004
2025 66.6123 66.7735
2026 66.6123 66.6325
2027 66.6123 66.6542
2028 66.6123 66.6244
2029 66.6123 66.614
2030 66.6123 66.6291
2031 66.6123 66.7193
2032 66.6123 66.6502
2033 66.6123 66.6593
2034 66.6123 66.6123
2035 66.6123 66.6123
2036 66.6123 66.6228
2037 66.6123 66.7889
2038 66.6123 66.6306
2039 66.6123 66.6368
2040 66.6123 66.7236
2041 66.6123 66.712
2042 66.6123 66.6445
2043 66.6123 66.6656
2044 66.6123 66.6123
2045 66.6123 66.6221
2046 66.6123 66.6123
2047 66.6123 66.6628
2048 66.6123 66.6518
2049 66.6123 66.6321
2050 66.6123 66.6218
2051 66.6123 66.6298
2052 66.6123 66.6146
2053 66.6123 66.6123
2054 66.6123 66.6123
2055 66.6123 66.6139
2056 66.6123 66.7202
2057 66.6123 66.6475
2058 66.6123 66.8232
2059 66.6123 66.8301
2060 66.6123 66.7977
2061 66.6123 67.0343
2062 66.6123 66.6698
2063 66.6123 66.6296
2064 66.6123 66.8098
2065 66.6123 66.661
2066 66.6123 66.6226
2067 66.6123 66.6192
2068 66.6123 66.6387
2069 66.6123 66.6305
2070 66.6123 66.6441
2071 66.6123 66.6426
2072 66.6123 66.6461
2073 66.6123 66.6123
2074 66.6123 66.6123
2075 66.6123 66.6123
2076 66.6123 66.6123
2077 66.6123 66.7035
2078 66.6123 66.641
2079 66.6123 66.6265
2080 66.6123 66.8702
2081 66.6123 66.8067
2082 66.6123 66.7126
2083 66.6123 66.6815
2084 66.6123 66.6428
2085 66.6123 66.6143
2086 66.6123 66.6123
2087 66.6123 66.6123
2088 66.6123 66.6206
2089 66.6123 66.6123
2090 66.6123 66.6932
2091 66.6123 66.621
2092 66.6123 66.7083
2093 66.6123 66.6123
2094 66.6123 66.6123
2095 66.6123 66.6123
2096 66.6123 66.6257
2097 66.6123 66.619
2098 66.6123 66.6624
2099 66.6123 66.6211
2100 66.6123 66.6969
2101 66.6123 66.6331
2102 66.6123 66.6162
2103 66.6123 66.6132
2104 66.6123 66.6123
2105 66.6123 66.6943
2106 66.6123 66.6435
2107 66.6123 66.6312
2108 66.6123 66.6301
2109 66.6123 66.6143
2110 66.6123 66.6515
2111 66.6123 66.6265
2112 66.6123 66.6327
2113 66.6123 66.6163
2114 66.6123 66.7305
2115 66.6123 66.6291
2116 66.6123 66.6123
2117 66.6123 66.8946
2118 66.6123 66.7788
2119 66.6123 66.616
2120 66.6123 66.6256
2121 66.6123 66.7299
2122 66.6123 66.6435
2123 66.6123 66.6123
2124 66.6123 66.6813
2125 66.6123 66.6123
2126 66.6123 66.6123
2127 66.6123 66.6123
2128 66.6123 66.6123
2129 66.6123 66.626
2130 66.6123 66.8514
2131 66.6123 66.6147
2132 66.6123 66.6264
2133 66.6123 66.6355
2134 66.6123 66.6929
2135 66.6123 66.7237
2136 66.6123 66.8287
2137 66.6123 66.6565
2138 66.6123 66.6308
2139 66.6123 66.6593
2140 66.6123 66.6601
2141 66.6123 66.7528
2142 66.6123 66.8924
2143 66.6123 66.7917
2144 66.6123 66.8688
2145 66.6123 66.7869
2146 66.6123 66.8692
2147 66.6123 66.6802
2148 66.6123 66.8153
2149 66.6123 66.636
2150 66.6123 66.6123
2151 66.6123 66.6139
2152 66.6123 66.6618
2153 66.6123 66.6316
2154 66.6123 66.8037
2155 66.6123 66.6443
2156 66.6123 66.7808
2157 66.6123 67.1805
2158 66.6123 66.9444
2159 66.6123 66.6494
2160 66.6123 66.626
2161 66.6123 66.647
2162 66.6123 66.6123
2163 66.6123 66.6434
2164 66.6123 66.8137
2165 66.6123 66.8194
2166 66.6123 66.7261
2167 66.6123 66.6348
2168 66.6123 66.6362
2169 66.6123 66.7303
2170 66.6123 66.7665
2171 66.6123 66.9714
2172 66.6123 67.3852
2173 66.6123 67.1852
2174 66.6123 67.0055
2175 66.6123 66.9984
2176 66.6123 66.8121
2177 66.6123 66.8046
2178 66.6123 66.6582
2179 66.6123 66.6123
2180 66.6123 66.6258
2181 66.6123 66.6243
2182 66.6123 66.6871
2183 66.6123 66.6786
2184 66.6123 66.7541
2185 66.6123 66.6123
2186 66.6123 66.6625
2187 66.6123 66.6123
2188 66.6123 66.6123
2189 66.6123 66.6172
2190 66.6123 66.6123
2191 66.6123 66.6182
2192 66.6123 66.6197
2193 66.6123 66.6192
2194 66.6123 66.7109
2195 66.6123 66.8344
2196 66.6123 66.6123
2197 66.6123 66.6123
2198 66.6123 66.6123
2199 66.6123 66.6458
2200 66.6123 66.7137
2201 66.6123 66.6686
2202 66.6123 66.8904
2203 66.6123 66.8452
2204 66.6123 66.6977
2205 66.6123 66.8421
2206 66.6123 66.6289
2207 66.6123 66.6144
2208 66.6123 66.6452
2209 66.6123 66.6305
2210 66.6123 66.7474
2211 66.6123 66.8445
2212 66.6123 66.6291
2213 66.6123 66.6276
2214 66.6123 66.6922
2215 66.6123 66.821
2216 66.6123 66.63
2217 66.6123 66.6386
2218 66.6123 66.8118
2219 66.6123 66.9309
2220 66.6123 66.7304
2221 66.6123 66.8124
2222 66.6123 66.8272
2223 66.6123 66.8419
2224 66.6123 66.6205
2225 66.6123 66.6123
2226 66.6123 66.6245
2227 66.6123 66.6123
2228 66.6123 66.6123
2229 66.6123 66.6492
2230 66.6123 66.629
2231 66.6123 66.6341
2232 66.6123 66.6154
2233 66.6123 66.7036
2234 66.6123 66.6123
2235 66.6123 66.6123
2236 66.6123 66.6159
2237 66.6123 66.6291
2238 66.6123 66.6176
2239 66.6123 67.0171
2240 66.6123 66.7071
2241 66.6123 66.6204
2242 66.6123 66.6279
2243 66.6123 66.6256
2244 66.6123 66.6393
2245 66.6123 66.6123
2246 66.6123 66.8124
2247 66.6123 66.6768
2248 66.6123 66.7523
2249 66.6123 66.621
2250 66.6123 66.6123
2251 66.6123 66.6123
2252 66.6123 66.6361
2253 66.6123 66.655
2254 66.6123 66.6123
2255 66.6123 66.6372
2256 66.6123 66.6176
2257 66.6123 66.6363
2258 66.6123 66.8535
2259 66.6123 66.6123
2260 66.6123 66.6145
2261 66.6123 66.7535
2262 66.6123 66.677
2263 66.6123 66.7133
2264 66.6123 66.7591
2265 66.6123 66.6578
2266 66.6123 66.6124
2267 66.6123 66.6123
2268 66.6123 66.6251
2269 66.6123 66.6464
2270 66.6123 66.7185
2271 66.6123 66.6123
2272 66.6123 66.6123
2273 66.6123 66.6144
2274 66.6123 66.6123
2275 66.6123 66.6123
2276 66.6123 66.6123
2277 66.6123 66.6123
2278 66.6123 66.7044
2279 66.6123 66.6543
2280 66.6123 66.6959
2281 66.6123 66.6762
2282 66.6123 66.7099
2283 66.6123 66.6835
2284 66.6123 66.7067
2285 66.6123 66.7019
2286 66.6123 66.648
2287 66.6123 66.6123
2288 66.6123 66.6142
2289 66.6123 66.6236
2290 66.6123 66.6663
2291 66.6123 66.8002
2292 66.6123 66.7325
2293 66.6123 66.69
2294 66.6123 67.0204
2295 66.6123 66.8786
2296 66.6123 66.6522
2297 66.6123 66.7861
2298 66.6123 66.626
2299 66.6123 66.7543
2300 66.6123 66.6439
2301 66.6123 66.6593
2302 66.6123 66.6123
2303 66.6123 66.635
2304 66.6123 66.7261
2305 66.6123 66.7962
2306 66.6123 66.7592
2307 66.6123 66.8055
2308 66.6123 66.7855
2309 66.6123 66.9466
2310 66.6123 66.7307
2311 66.6123 66.7456
2312 66.6123 66.6372
2313 66.6123 66.654
2314 66.6123 66.7175
2315 66.6123 67.0008
2316 66.6123 66.8001
2317 66.6123 66.8048
2318 66.6123 67.0787
2319 66.6123 66.7506
2320 66.6123 66.6123
2321 66.6123 66.6355
2322 66.6123 66.6556
2323 66.6123 66.6123
2324 66.6123 66.6123
2325 66.6123 66.6123
2326 66.6123 66.6163
2327 66.6123 66.6123
2328 66.6123 66.6837
2329 66.6123 66.6123
2330 66.6123 66.6669
2331 66.6123 66.8278
2332 66.6123 66.7261
2333 66.6123 66.6395
2334 66.6123 66.7072
2335 66.6123 66.701
2336 66.6123 66.6679
2337 66.6123 66.6123
2338 66.6123 66.6123
2339 66.6123 66.6339
2340 66.6123 66.7208
2341 66.6123 66.6124
2342 66.6123 66.6445
2343 66.6123 66.6123
2344 66.6123 66.6123
2345 66.6123 66.6623
2346 66.6123 66.6417
2347 66.6123 66.6197
2348 66.6123 66.615
2349 66.6123 66.6716
2350 66.6123 66.6766
2351 66.6123 66.6506
2352 66.6123 66.6123
2353 66.6123 66.6626
2354 66.6123 66.6123
2355 66.6123 66.6123
2356 66.6123 66.632
2357 66.6123 66.8326
2358 66.6123 66.8933
2359 66.6123 66.7282
2360 66.6123 66.625
2361 66.6123 66.6123
2362 66.6123 66.6123
2363 66.6123 66.6123
2364 66.6123 66.6788
2365 66.6123 66.8603
2366 66.6123 67.0462
2367 66.6123 66.8879
2368 66.6123 66.6891
2369 66.6123 66.8342
2370 66.6123 66.6227
2371 66.6123 66.7597
2372 66.6123 66.6455
2373 66.6123 66.6594
2374 66.6123 66.6432
2375 66.6123 66.6123
2376 66.6123 66.7467
2377 66.6123 66.7124
2378 66.6123 66.7431
2379 66.6123 66.6484
2380 66.6123 66.9365
2381 66.6123 66.6875
2382 66.6123 66.6725
2383 66.6123 66.6123
2384 66.6123 66.6262
2385 66.6123 66.6388
2386 66.6123 66.6778
2387 66.6123 66.6484
2388 66.6123 66.6916
2389 66.6123 66.6123
2390 66.6123 66.6123
2391 66.6123 66.6878
2392 66.6123 66.635
2393 66.6123 66.6123
2394 66.6123 66.6123
2395 66.6123 66.7861
2396 66.6123 66.6891
2397 66.6123 66.6781
2398 66.6123 66.6125
2399 66.6123 66.6123
2400 66.4952 66.6
2401 66.4952 66.559
2402 66.4952 66.5733
2403 66.4952 66.5536
2404 66.4952 66.603
2405 66.4952 66.6116
2406 66.4952 66.5355
2407 66.4952 66.5116
2408 66.4952 66.5108
2409 66.4952 66.6401
2410 66.4952 66.5433
2411 66.4952 66.5184
2412 66.4952 66.4992
2413 66.4952 66.5445
2414 66.4952 66.5357
2415 66.4952 66.5237
2416 66.4952 66.5008
2417 66.4952 66.6996
2418 66.4952 66.4952
2419 66.4952 66.4983
2420 66.4952 66.4952
2421 66.4952 66.4952
2422 66.4952 66.8166
2423 66.4952 66.5677
2424 66.4952 66.5054
2425 66.4952 66.7863
2426 66.4952 66.5111
2427 66.4952 66.606
2428 66.4952 66.4952
2429 66.4952 66.4952
2430 66.4952 66.5693
2431 66.4952 66.6984
2432 66.4952 66.5827
2433 66.4952 66.4952
2434 66.4952 66.5026
2435 66.4952 66.5013
2436 66.4952 66.5002
2437 66.4952 66.656
2438 66.4952 66.5881
2439 66.4952 66.5513
2440 66.4952 66.4952
2441 66.4952 66.6352
2442 66.4952 66.7179
2443 66.4952 66.6542
2444 66.4952 66.5491
2445 66.4952 66.7165
2446 66.4952 66.5871
2447 66.4952 66.5855
2448 66.4952 66.5151
2449 66.4952 66.5077
2450 66.4952 66.5051
2451 66.4952 66.4952
2452 66.4952 66.509
2453 66.4952 66.496
2454 66.4952 66.6274
2455 66.4952 66.5962
2456 66.4952 66.55
2457 66.4952 66.5366
2458 66.4952 66.5285
2459 66.4952 66.5387
2460 66.4952 66.5021
2461 66.4952 66.4952
2462 66.4952 66.5285
2463 66.4952 66.5221
2464 66.4952 66.5473
2465 66.4952 66.5904
2466 66.4952 66.5796
2467 66.4952 66.5847
2468 66.4952 66.4952
2469 66.4952 66.4952
2470 66.4952 66.5766
2471 66.4952 66.529
2472 66.4952 66.6517
2473 66.4952 66.4952
2474 66.4952 66.5365
2475 66.4952 66.7376
2476 66.4952 66.762
2477 66.4952 66.5646
2478 66.4952 66.6738
2479 66.4952 66.6324
2480 66.4952 66.7
2481 66.4952 66.632
2482 66.4952 66.7506
2483 66.4952 66.4952
2484 66.4952 66.4952
2485 66.4952 66.6069
2486 66.4952 66.8512
2487 66.4952 66.7574
2488 66.4952 66.6277
2489 66.4952 66.5797
2490 66.4952 66.5512
2491 66.4952 66.5177
2492 66.4952 66.4953
2493 66.4952 66.4952
2494 66.4952 66.4952
2495 66.4952 66.6199
2496 66.4952 66.5348
2497 66.4952 66.5076
2498 66.4952 66.4952
2499 66.4952 66.4952
2500 66.4952 66.5342
2501 66.4952 66.6134
2502 66.4952 66.5251
2503 66.4952 66.5808
2504 66.4952 66.6508
2505 66.4952 66.4952
2506 66.4952 66.9541
2507 66.4952 66.5968
2508 66.4952 66.4952
2509 66.4952 66.4952
2510 66.4952 66.4952
2511 66.4952 66.4952
2512 66.4952 66.5452
2513 66.4952 66.5087
2514 66.4952 66.6012
2515 66.4952 67.0653
2516 66.4952 66.8917
2517 66.4952 66.5355
2518 66.4952 66.5559
2519 66.4952 66.5601
2520 66.4952 66.5087
2521 66.4952 66.6412
2522 66.4952 66.7457
2523 66.4952 66.6406
2524 66.4952 66.5611
2525 66.4952 66.5213
2526 66.4952 66.5876
2527 66.4952 66.6217
2528 66.4952 66.5585
2529 66.4952 66.5994
2530 66.4952 66.5145
2531 66.4952 66.4952
2532 66.4952 66.4952
2533 66.4952 66.4952
2534 66.4952 66.4952
2535 66.4952 66.4952
2536 66.4952 66.5798
2537 66.4952 66.4952
2538 66.4952 66.4952
2539 66.4952 66.4952
2540 66.4952 66.4952
2541 66.4952 66.4965
2542 66.4952 66.5579
2543 66.4952 66.4992
2544 66.4952 66.7942
2545 66.4952 66.4952
2546 66.4952 66.5067
2547 66.4952 66.5297
2548 66.4952 66.708
2549 66.4952 66.5933
2550 66.4952 66.6428
2551 66.4952 66.5198
2552 66.4952 66.4959
2553 66.4952 66.5368
2554 66.4952 66.4964
2555 66.4952 66.4952
2556 66.4952 66.4952
2557 66.4952 66.542
2558 66.4952 66.5839
2559 66.4952 66.4952
2560 66.4952 66.4975
2561 66.4952 66.5035
2562 66.4952 66.6718
2563 66.4952 66.7407
2564 66.4952 66.5847
2565 66.4952 66.7922
2566 66.4952 66.6046
2567 66.4952 66.5376
2568 66.4952 66.5193
2569 66.4952 66.4952
2570 66.4952 66.5124
2571 66.4952 66.5014
2572 66.4952 66.5437
2573 66.4952 66.4952
2574 66.4952 66.5281
2575 66.4952 66.4952
2576 66.4952 66.5613
2577 66.4952 66.5027
2578 66.4952 66.6483
2579 66.4952 66.5111
2580 66.4952 66.8176
2581 66.4952 66.5297
2582 66.4952 66.6912
2583 66.4952 66.5202
2584 66.4952 66.5438
2585 66.4952 66.5367
2586 66.4952 66.4952
2587 66.4952 66.4952
2588 66.4952 66.5339
2589 66.4952 66.5292
2590 66.4952 66.5829
2591 66.4952 66.7638
2592 66.4952 66.5914
2593 66.4952 66.5071
2594 66.4952 66.5342
2595 66.4952 66.4976
2596 66.4952 66.4952
2597 66.4952 66.5958
2598 66.4952 66.5057
2599 66.4952 66.5715
2600 66.4952 66.5024
2601 66.4952 66.5245
2602 66.4952 66.5108
2603 66.4952 66.5148
2604 66.4952 66.4994
2605 66.4952 66.7683
2606 66.4952 66.5758
2607 66.4952 66.5217
2608 66.4952 66.5756
2609 66.4952 66.5049
2610 66.4952 66.501
2611 66.4952 66.8116
2612 66.4952 66.738
2613 66.4952 66.4952
2614 66.4952 66.5302
2615 66.4952 66.4952
2616 66.4952 66.5081
2617 66.4952 66.5562
2618 66.4952 66.5495
2619 66.4952 66.4952
2620 66.4952 66.5229
2621 66.4952 66.4952
2622 66.4952 66.4952
2623 66.4952 66.735
2624 66.4952 66.7644
2625 66.4952 66.6941
2626 66.4952 66.729
2627 66.4952 66.501
2628 66.4952 66.4952
2629 66.4952 66.4952
2630 66.4952 66.5288
2631 66.4952 66.8165
2632 66.4952 66.4952
2633 66.4952 66.5582
2634 66.4952 66.4952
2635 66.4952 66.5361
2636 66.4952 66.584
2637 66.4952 66.4967
2638 66.4952 66.5901
2639 66.4952 66.5623
2640 66.4952 66.5218
2641 66.4952 66.6395
2642 66.4952 66.8472
2643 66.4952 66.8814
2644 66.4952 66.6627
2645 66.4952 66.6213
2646 66.4952 66.8303
2647 66.4952 66.5007
2648 66.4952 66.5186
2649 66.4952 66.507
2650 66.4952 66.4952
2651 66.4952 66.4952
2652 66.4952 66.5205
2653 66.4952 66.7663
2654 66.4952 66.7037
2655 66.4952 66.6167
2656 66.4952 66.5723
2657 66.4952 66.6037
2658 66.4952 66.5173
2659 66.4952 66.6209
2660 66.4952 66.6437
2661 66.4952 66.6697
2662 66.4952 66.7334
2663 66.4952 66.5137
2664 66.4952 66.587
2665 66.4952 66.6968
2666 66.4952 66.5234
2667 66.4952 66.4969
2668 66.4952 66.4952
2669 66.4952 66.5547
2670 66.4952 66.6425
2671 66.4952 66.4952
2672 66.4952 66.5083
2673 66.4952 66.5006
2674 66.4952 66.5115
2675 66.4952 66.4952
2676 66.4952 66.5025
2677 66.4952 66.5488
2678 66.4952 66.5977
2679 66.4952 66.5846
2680 66.4952 66.74
2681 66.4952 66.6084
2682 66.4952 66.6271
2683 66.4952 66.5671
2684 66.4952 66.5073
2685 66.4952 66.4952
2686 66.4952 66.4952
2687 66.4952 66.4952
2688 66.4952 66.4952
2689 66.4952 66.5032
2690 66.4952 66.4952
2691 66.4952 66.5667
2692 66.4952 66.6689
2693 66.4952 66.5064
2694 66.4952 66.4984
2695 66.4952 66.5157
2696 66.4952 66.5392
2697 66.4952 66.6418
2698 66.4952 66.7456
2699 66.4952 66.6264
2700 66.4952 66.5763
2701 66.4952 66.6566
2702 66.4952 66.5194
2703 66.4952 66.5096
2704 66.4952 66.5271
2705 66.4952 66.5326
2706 66.4952 66.4953
2707 66.4952 66.5389
2708 66.4952 66.549
2709 66.4952 66.5011
2710 66.4952 66.5499
2711 66.4952 66.5231
2712 66.4952 66.5287
2713 66.4952 66.5566
2714 66.4623 66.643
2715 66.4623 66.5147
2716 66.4623 66.4845
2717 66.4623 66.5747
2718 66.4623 66.5035
2719 66.4623 66.4623
2720 66.4623 66.4982
2721 66.4623 66.4895
2722 66.4623 66.5408
2723 66.4623 66.5669
2724 66.4623 66.6641
2725 66.4623 66.4938
2726 66.4623 66.7296
2727 66.4623 66.5082
2728 66.4623 66.4623
2729 66.4623 66.4623
2730 66.4623 66.5296
2731 66.4623 66.506
2732 66.4623 66.4623
2733 66.4623 66.4623
2734 66.4623 66.4725
2735 66.4623 66.9754
2736 66.4623 66.6748
2737 66.4623 66.535
2738 66.4623 66.5713
2739 66.4623 66.4623
2740 66.4623 66.4623
2741 66.0575 66.4834
2742 66.0544 66.4073
2743 65.9145 66.2664
2744 65.9145 66.1174
2745 65.9145 66.0868
2746 65.9145 65.9841
2747 65.9145 65.9237
2748 65.9145 65.9174
2749 65.9145 65.9226
2750 65.9145 65.9301
2751 65.9145 66.0347
2752 65.9145 66.1453
2753 65.9145 66.0838
2754 65.9145 66.0163
2755 65.9145 65.9868
2756 65.9145 66.0043
2757 65.9145 65.9282
2758 65.9145 65.9198
2759 65.9145 65.9145
2760 65.9145 65.9188
2761 65.9145 65.9541
2762 65.9145 65.96
2763 65.9145 66.0045
2764 65.9145 65.9145
2765 65.9145 66.0765
2766 65.9145 65.9671
2767 65.9145 65.9145
2768 65.9145 65.9145
2769 65.9145 65.9145
2770 65.9145 65.9195
2771 65.9145 65.9314
2772 65.9145 66.0038
2773 65.9145 66.2795
2774 65.9145 66.0007
2775 65.9145 65.9145
2776 65.9145 65.9145
2777 65.9145 65.9145
2778 65.9145 65.9291
2779 65.9145 65.977
2780 65.9145 66.0056
2781 65.9145 65.9178
2782 65.9145 65.9145
2783 65.9145 65.9793
2784 65.9145 65.9145
2785 65.9145 65.9145
2786 65.9145 65.9372
2787 65.9145 65.9256
2788 65.9145 66.142
2789 65.9145 66.0241
2790 65.9145 65.9145
2791 65.9145 65.9156
2792 65.9145 65.9145
2793 65.9145 65.9152
2794 65.9145 65.9193
2795 65.9145 65.9244
2796 65.9145 65.9145
2797 65.9145 66.0449
2798 65.9145 65.9742
2799 65.9145 65.916
2800 65.9145 65.9145
2801 65.9145 65.9625
2802 65.9145 65.9167
2803 65.9145 65.9578
2804 65.9145 65.9906
2805 65.9145 65.9594
2806 65.9145 65.9751
2807 65.9145 65.9247
2808 65.9145 65.9261
2809 65.9145 65.986
2810 65.9145 65.9938
2811 65.9145 66.0735
2812 65.9145 65.9503
2813 65.9145 65.9145
2814 65.9145 65.9145
2815 65.9145 65.9791
2816 65.9145 65.9946
2817 65.9145 65.9386
2818 65.9145 65.9252
2819 65.9145 65.9678
2820 65.9145 65.9326
2821 65.9145 66.0787
2822 65.9145 65.9289
2823 65.9145 65.9541
2824 65.9145 66.0521
2825 65.9145 65.9664
2826 65.9145 65.9145
2827 65.9145 65.9392
2828 65.9145 66.001
2829 65.9145 65.92
2830 65.9145 65.9145
2831 65.9145 65.9341
2832 65.9145 65.9145
2833 65.9145 65.9254
2834 65.9145 65.9508
2835 65.9145 65.9418
2836 65.9145 65.9145
2837 65.9145 65.9155
2838 65.9145 65.9155
2839 65.9145 65.9145
2840 65.9145 65.977
2841 65.9145 65.9336
2842 65.9145 65.945
2843 65.9145 65.964
2844 65.9145 65.9602
2845 65.9145 65.9731
2846 65.9145 66.1894
2847 65.9145 66.2383
2848 65.9145 65.9639
2849 65.9145 65.9919
2850 65.9145 65.9382
2851 65.9145 65.9165
2852 65.9145 65.9711
2853 65.9145 65.9145
2854 65.9145 65.9526
2855 65.9145 65.9239
2856 65.9145 65.9145
2857 65.9145 65.9145
2858 65.9145 66.0395
2859 65.9145 65.9145
2860 65.9145 65.9952
2861 65.9145 65.9145
2862 65.9145 65.9145
2863 65.9145 65.9327
2864 65.9145 65.9724
2865 65.9145 65.9145
2866 65.9145 65.9827
2867 65.9145 65.9145
2868 65.9145 65.9145
2869 65.9145 65.947
2870 65.9145 65.9194
2871 65.9145 66.1866
2872 65.9145 65.9341
2873 65.9145 66.0195
2874 65.9145 65.9233
2875 65.9145 66.1337
2876 65.9145 65.9177
2877 65.9145 65.962
2878 65.9145 65.9155
2879 65.9145 66.0426
2880 65.9145 66.154
2881 65.9145 65.9145
2882 65.9145 65.9145
2883 65.9145 65.9227
2884 65.9145 65.9358
2885 65.9145 65.932
2886 65.9145 65.9639
2887 65.9145 65.9424
2888 65.9145 65.9156
2889 65.9145 65.9145
2890 65.9145 65.9145
2891 65.9145 65.9145
2892 65.9145 65.9145
2893 65.9145 65.9155
2894 65.9145 65.9186
2895 65.9145 66.0212
2896 65.9145 66.2417
2897 65.9145 66.1605
2898 65.9145 66.2786
2899 65.9145 66.126
2900 65.9145 66.0495
2901 65.9145 65.9145
2902 65.9145 66.1207
2903 65.9145 66.1493
2904 65.9145 66.0641
2905 65.9145 66.0148
2906 65.9145 65.9545
2907 65.9145 65.9145
2908 65.9145 65.9145
2909 65.9145 65.9186
2910 65.9145 65.9145
2911 65.9145 65.9145
2912 65.9145 65.9145
2913 65.9145 66.0984
2914 65.9145 65.9346
2915 65.9145 65.9987
2916 65.9145 66.0357
2917 65.9145 65.9145
2918 65.9145 65.9756
2919 65.9145 65.9278
2920 65.9145 65.9567
2921 65.9145 65.9176
2922 65.9145 65.9145
2923 65.9145 65.9279
2924 65.9145 65.933
2925 65.9145 65.9207
2926 65.9145 66.0137
2927 65.9145 66.2848
2928 65.9145 66.4515
2929 65.9145 66.5807
2930 65.9145 66.4908
2931 65.9145 66.1909
2932 65.9145 66.1436
2933 65.9145 66.5154
2934 65.9145 66.3875
2935 65.9145 66.0556
2936 65.9145 65.9404
2937 65.9145 65.9145
2938 65.9145 65.9421
2939 65.9145 65.9683
2940 65.9145 66.0047
2941 65.9145 65.9591
2942 65.9145 65.9189
2943 65.9145 65.9714
2944 65.9145 65.92
2945 65.9145 65.9145
2946 65.9145 65.9205
2947 65.9145 65.9896
2948 65.9145 65.939
2949 65.9145 66.1136
2950 65.9145 65.9819
2951 65.9145 65.9509
2952 65.9145 65.929
2953 65.9145 65.9912
2954 65.9145 65.9699
2955 65.9145 65.9529
2956 65.9145 65.9464
2957 65.9145 65.9147
2958 65.9145 66.0593
2959 65.9145 65.9145
2960 65.9145 66.038
2961 65.9145 66.0054
2962 65.9145 66.1576
2963 65.9145 66.0073
2964 65.9145 65.9145
2965 65.9145 65.9145
2966 65.9145 65.9145
2967 65.9145 65.9377
2968 65.9145 66.0354
2969 65.9145 66.1528
2970 65.9145 66.2766
2971 65.9145 66.0624
2972 65.9145 66.0095
2973 65.9145 65.9153
2974 65.9145 65.9145
2975 65.9145 65.9296
2976 65.9145 65.9145
2977 65.9145 65.9145
2978 65.9145 65.9145
2979 65.9145 65.9242
2980 65.9145 66.0139
2981 65.9145 65.9541
2982 65.9145 66.0863
2983 65.9145 66.2248
2984 65.9145 65.9578
2985 65.9145 65.9212
2986 65.9145 65.9147
2987 65.9145 66.0215
2988 65.9145 66.0758
2989 65.9145 66.2282
2990 65.9145 65.9837
2991 65.9145 66.0858
2992 65.9145 65.9496
2993 65.9145 65.9145
2994 65.9145 66.0083
2995 65.9145 65.9366
2996 65.9145 66.041
2997 65.9145 66.0273
2998 65.9145 65.9595
2999 65.9145 65.9305
3000 65.9145 66.051
3001 65.9145 65.9468
3002 65.9145 65.927
3003 65.9145 65.9172
3004 65.9145 65.9145
3005 65.9145 65.9628
3006 65.9145 65.9145
3007 65.9145 66.0059
3008 65.9145 65.9161
3009 65.9145 65.9145
3010 65.9145 65.9188
3011 65.9145 65.9308
3012 65.9145 65.9703
3013 65.9145 65.9145
3014 65.9145 65.9677
3015 65.9145 65.9145
3016 65.9145 65.9912
3017 65.9145 65.9943
3018 65.9145 66.0247
3019 65.9145 65.978
3020 65.9145 65.9451
3021 65.9145 65.964
3022 65.9145 66.1934
3023 65.9145 66.1991
3024 65.9145 66.1351
3025 65.9145 65.9238
3026 65.9145 65.9145
3027 65.9145 65.9209
3028 65.9145 65.9145
3029 65.9145 65.9145
3030 65.9145 65.9446
3031 65.9145 65.9241
3032 65.9145 65.9326
3033 65.9145 65.9145
3034 65.9145 65.9298
3035 65.9145 65.9145
3036 65.9145 65.9291
3037 65.9145 65.9632
3038 65.9145 65.9186
3039 65.9145 66.0462
3040 65.9145 65.9707
3041 65.9145 65.9263
3042 65.9145 66.0363
3043 65.9145 65.9152
3044 65.9145 65.9257
3045 65.9145 66.1215
3046 65.9145 65.9206
3047 65.9145 65.9253
3048 65.9145 65.9199
3049 65.9145 66.1131
3050 65.9145 66.296
3051 65.9145 65.9155
3052 65.9145 65.9238
3053 65.9145 65.9303
3054 65.9145 65.9322
3055 65.9145 65.9145
3056 65.9145 65.9145
3057 65.9145 66.0675
3058 65.9145 65.9274
3059 65.9145 65.9145
3060 65.9145 65.9145
3061 65.9145 65.9393
3062 65.9145 65.9512
3063 65.9145 66.015
3064 65.9145 65.9665
3065 65.9145 66.1901
3066 65.9145 65.9536
3067 65.9145 65.9145
3068 65.9145 65.9145
3069 65.9145 65.9145
3070 65.9145 65.9145
3071 65.9145 66.0765
3072 65.9145 66.0875
3073 65.9145 66.1833
3074 65.9145 65.9703
3075 65.9145 65.9549
3076 65.9145 66.0158
3077 65.9145 65.9842
3078 65.9145 65.934
3079 65.9145 65.9772
3080 65.9145 66.0748
3081 65.9145 66.0994
3082 65.9145 66.5383
3083 65.9145 65.9896
3084 65.9145 66.1241
3085 65.9145 65.921
3086 65.9145 65.9145
3087 65.9145 65.9145
3088 65.9145 65.9597
3089 65.9145 65.9418
3090 65.9145 66.0364
3091 65.9145 65.9164
3092 65.9145 65.9146
3093 65.9145 65.9661
3094 65.9145 65.9306
3095 65.9145 66.0669
3096 65.9145 65.9145
3097 65.9145 65.9145
3098 65.9145 65.9924
3099 65.9145 66.1032
3100 65.9145 65.9145
3101 65.9145 65.9508
3102 65.9145 66.0537
3103 65.9145 66.0128
3104 65.9145 65.9206
3105 65.9145 65.9145
3106 65.9145 66.0164
3107 65.9145 65.952
3108 65.9145 66.0643
3109 65.9145 66.087
3110 65.9145 65.9489
3111 65.9145 65.9145
3112 65.9145 65.9145
3113 65.9145 65.9145
3114 65.9145 66.056
3115 65.9145 65.9148
3116 65.9145 65.9145
3117 65.9145 65.976
3118 65.9145 65.9155
3119 65.9145 66.0264
3120 65.9145 66.0623
3121 65.9145 66.0596
3122 65.9145 66.0507
3123 65.9145 66.1542
3124 65.9145 66.2616
3125 65.9145 66.2346
3126 65.9145 65.9145
3127 65.9145 65.9155
3128 65.9145 66.0099
3129 65.9145 66.0601
3130 65.9145 65.9151
3131 65.9145 65.9147
3132 65.9145 65.9145
3133 65.9145 65.9239
3134 65.9145 65.9153
3135 65.9145 65.9628
3136 65.9145 66.0607
3137 65.9145 65.9544
3138 65.9145 65.9431
3139 65.9145 66.0612
3140 65.9145 66.0113
3141 65.9145 66.1122
3142 65.9145 66.005
3143 65.9145 65.9405
3144 65.9145 66.0773
3145 65.9145 65.9562
3146 65.9145 65.9357
3147 65.9145 66.1884
3148 65.9145 65.9145
3149 65.9145 65.9247
3150 65.9145 65.9145
3151 65.9145 65.9145
3152 65.9145 65.9145
3153 65.9145 65.9145
3154 65.9145 66.0709
3155 65.9145 66.1485
3156 65.9145 65.9619
3157 65.9145 65.9306
3158 65.9145 66.0553
3159 65.9145 66.1024
3160 65.9145 66.0602
3161 65.9145 65.955
3162 65.9145 65.9176
3163 65.9145 65.9175
3164 65.9145 65.9145
3165 65.9145 65.9145
3166 65.9145 66.1631
3167 65.9145 66.1301
3168 65.9145 65.9936
3169 65.9145 66.0639
3170 65.9145 65.9381
3171 65.9145 65.9599
3172 65.9145 66.1146
3173 65.9145 66.0335
3174 65.9145 65.9835
3175 65.9145 65.9523
3176 65.9145 65.9831
3177 65.9145 65.9721
3178 65.9145 66.0299
3179 65.9145 65.9145
3180 65.9145 65.9145
3181 65.9145 65.9145
3182 65.9145 65.9288
3183 65.9145 65.9145
3184 65.9145 65.9145
3185 65.9145 65.9412
3186 65.9145 66.0098
3187 65.9145 65.9145
3188 65.9145 65.918
3189 65.9145 65.9145
3190 65.9145 66.0979
3191 65.9145 65.9978
3192 65.9145 65.998
3193 65.9145 65.9617
3194 65.9145 65.9145
3195 65.9145 66.1209
3196 65.9145 66.1658
3197 65.9145 65.9145
3198 65.9145 65.9145
3199 65.9145 65.9145
3200 65.9145 65.949
3201 65.9145 65.9221
3202 65.9145 65.9145
3203 65.9145 65.9361
3204 65.9145 65.9145
3205 65.9145 65.9145
3206 65.9145 65.946
3207 65.9145 66.1474
3208 65.9145 65.9936
3209 65.9145 65.9151
3210 65.9145 65.921
3211 65.9145 65.9544
3212 65.9145 65.9145
3213 65.9145 65.9162
3214 65.9145 65.9145
3215 65.9145 65.949
3216 65.9145 65.985
3217 65.9145 65.9269
3218 65.9145 65.9205
3219 65.9145 66.0591
3220 65.9145 66.1886
3221 65.9145 65.9576
3222 65.9145 65.9863
3223 65.9145 66.0718
3224 65.9145 65.918
3225 65.9145 66.0805
3226 65.9145 66.0752
3227 65.9145 65.9206
3228 65.9145 65.9145
3229 65.9145 65.9281
3230 65.9145 65.9145
3231 65.9145 65.9145
3232 65.9145 65.9145
3233 65.9145 65.9395
3234 65.9145 65.9145
3235 65.9145 65.9145
3236 65.9145 65.9198
3237 65.9145 65.9145
3238 65.9145 65.9145
3239 65.9145 65.9145
3240 65.9145 65.9145
3241 65.9145 66.0109
3242 65.9145 66.7216
3243 65.9145 66.2123
3244 65.9145 66.0904
3245 65.9145 65.9145
3246 65.9145 65.9919
3247 65.9145 66.1399
3248 65.9145 66.237
3249 65.9145 66.0193
3250 65.9145 65.962
3251 65.9145 65.9929
3252 65.9145 66.0795
3253 65.9145 65.96
3254 65.9145 65.9145
3255 65.9145 65.9272
3256 65.9145 66.1006
3257 65.9145 66.1628
3258 65.9145 65.9396
3259 65.9145 65.9354
3260 65.9145 65.9969
3261 65.9145 65.9809
3262 65.9145 65.9145
3263 65.9145 66.0323
3264 65.9145 65.9371
3265 65.9145 65.9145
3266 65.9145 65.9145
3267 65.9145 65.9145
3268 65.9145 65.9145
3269 65.9145 65.921
3270 65.9145 65.9145
3271 65.9145 65.9162
3272 65.9145 65.9162
3273 65.9145 65.941
3274 65.9145 65.9604
3275 65.9145 66.0626
3276 65.9145 65.9341
3277 65.9145 65.9145
3278 65.9145 65.916
3279 65.9145 66.2697
3280 65.9145 66.1398
3281 65.9145 65.9145
3282 65.9145 65.9487
3283 65.9145 65.9612
3284 65.9145 65.9229
3285 65.9145 65.9145
3286 65.9145 65.9337
3287 65.9145 66.1742
3288 65.9145 66.1958
3289 65.9145 65.9714
3290 65.9145 66.2509
3291 65.9145 65.9982
3292 65.9145 65.9833
3293 65.9145 65.9743
3294 65.9145 65.9145
3295 65.9145 65.9814
3296 65.9145 66.044
3297 65.9145 65.9621
3298 65.9145 66.0522
3299 65.9145 66.362
3300 65.9145 65.9785
3301 65.9145 65.9474
3302 65.9145 65.9539
3303 65.9145 65.9221
3304 65.9145 65.9545
3305 65.9145 65.9715
3306 65.9145 66.2956
3307 65.9145 66.0353
3308 65.9145 65.9313
3309 65.9145 65.9175
3310 65.9145 65.9699
3311 65.9145 65.9145
3312 65.9145 66.049
3313 65.9145 65.9621
3314 65.9145 65.9579
3315 65.9145 65.9396
3316 65.9145 66.0992
3317 65.9145 65.965
3318 65.9145 66.0362
3319 65.9145 66.0311
3320 65.9145 66.2972
3321 65.9145 66.2144
3322 65.9145 66.2738
3323 65.9145 65.9864
3324 65.9145 66.0109
3325 65.9145 65.9308
3326 65.9145 66.0729
3327 65.9145 66.0912
3328 65.9145 65.98
3329 65.9145 65.9145
3330 65.9145 66.0134
3331 65.9145 66.0201
3332 65.9145 66.0154
3333 65.9145 66.0231
3334 65.9145 65.9145
3335 65.9145 65.9717
3336 65.9145 65.9531
3337 65.9145 66.0754
3338 65.9145 66.1994
3339 65.9145 66.2256
3340 65.9145 66.1697
3341 65.9145 66.2923
3342 65.9145 66.2086
3343 65.9145 66.0892
3344 65.9145 65.9145
3345 65.9145 65.9145
3346 65.9145 65.9844
3347 65.9145 65.9249
3348 65.9145 65.9746
3349 65.9145 65.9372
3350 65.9145 65.9145
3351 65.9145 65.9173
3352 65.9145 66.1714
3353 65.9145 65.9643
3354 65.9145 65.9392
3355 65.9145 66.2182
3356 65.9145 66.0062
3357 65.9145 66.0005
3358 65.9145 65.929
3359 65.9145 65.9652
3360 65.9145 66.0286
3361 65.9145 66.2942
3362 65.9145 66.2894
3363 65.9145 65.9782
3364 65.9145 65.9403
3365 65.9145 65.958
3366 65.9145 65.9145
3367 65.9145 66.1234
3368 65.9145 66.0538
3369 65.9145 65.9495
3370 65.9145 65.9725
3371 65.9145 66.0503
3372 65.9145 65.9736
3373 65.9145 66.0554
3374 65.9145 65.9322
3375 65.9145 65.928
3376 65.9145 65.9556
3377 65.9145 65.9145
3378 65.9145 65.9972
3379 65.9145 66.1039
3380 65.9145 66.0274
3381 65.9145 65.9816
3382 65.9145 66.2716
3383 65.9145 65.9696
3384 65.9145 65.9612
3385 65.9145 65.9145
3386 65.9145 65.9145
3387 65.9145 65.9325
3388 65.9145 65.9538
3389 65.9145 65.9145
3390 65.9145 65.9676
3391 65.9145 66.0196
3392 65.9145 65.9165
3393 65.9145 66.1459
3394 65.9145 66.2022
3395 65.9145 65.9881
3396 65.9145 65.9775
3397 65.9145 66.028
3398 65.9145 65.9727
3399 65.9145 65.9145
3400 65.9145 65.9321
3401 65.9145 66.0432
3402 65.9145 65.9181
3403 65.9145 66.0392
3404 65.9145 66.025
3405 65.9145 66.019
3406 65.9145 65.9871
3407 65.9145 65.9691
3408 65.9145 65.923
3409 65.9145 65.947
3410 65.9145 66.0403
3411 65.9145 66.0125
3412 65.9145 65.9609
3413 65.9145 66.1101
3414 65.9145 66.0587
3415 65.9145 65.9341
3416 65.9145 66.0072
3417 65.9145 66.19
3418 65.9145 66.0186
3419 65.9145 65.9155
3420 65.9145 65.9614
3421 65.9145 65.9935
3422 65.9145 65.9539
3423 65.9145 65.9145
3424 65.9145 65.963
3425 65.9145 65.9267
3426 65.9145 65.9235
3427 65.9145 66.02
3428 65.9145 66.0761
3429 65.9145 66.0121
3430 65.9145 65.9429
3431 65.9145 65.9145
3432 65.9145 66.1289
3433 65.9145 66.0468
3434 65.9145 65.9715
3435 65.9145 65.9944
3436 65.9145 65.9145
3437 65.9145 65.9864
3438 65.9145 66.0357
3439 65.9145 66.0247
3440 65.9145 66.0472
3441 65.9145 65.9626
3442 65.9145 66.0889
3443 65.9145 65.9447
3444 65.9145 66.1333
3445 65.9145 66.1265
3446 65.9145 65.9266
3447 65.9145 65.9256
3448 65.9145 65.9474
3449 65.9145 65.9174
3450 65.9145 66.0084
3451 65.9145 65.949
3452 65.9145 65.9193
3453 65.9145 65.9893
3454 65.9145 65.974
3455 65.9145 66.0626
3456 65.9145 66.0864
3457 65.9145 65.9553
3458 65.9145 65.9691
3459 65.9145 65.9918
3460 65.9145 66.059
3461 65.9145 65.9247
3462 65.9145 65.9145
3463 65.9145 65.9145
3464 65.9145 65.9145
3465 65.9145 65.9264
3466 65.9145 65.9145
3467 65.9145 65.9224
3468 65.9145 66.1246
3469 65.9145 65.9818
3470 65.9145 66.0415
3471 65.9145 65.9145
3472 65.9145 65.9145
3473 65.9145 65.9539
3474 65.9145 65.9954
3475 65.9145 65.9145
3476 65.9145 65.9958
3477 65.9145 66.0175
3478 65.9145 65.9457
3479 65.9145 65.9516
3480 65.9145 65.9713
3481 65.9145 65.9489
3482 65.9145 65.9199
3483 65.9145 65.9441
3484 65.9145 65.9996
3485 65.9145 66.0693
3486 65.9145 65.9861
3487 65.9145 65.9191
3488 65.9145 65.9659
3489 65.9145 66.1121
3490 65.9145 65.95
3491 65.9145 66.0213
3492 65.9145 66.1452
3493 65.9145 66.2892
3494 65.9145 66.0066
3495 65.9145 66.0199
3496 65.9145 65.9297
3497 65.9145 65.9316
3498 65.9145 65.9658
3499 65.9145 65.9145
3500 65.9145 65.9495
3501 65.9145 65.9197
3502 65.9145 66.1063
3503 65.9145 66.0006
3504 65.9145 65.9839
3505 65.9145 65.9407
3506 65.9145 65.9145
3507 65.9145 66.0216
3508 65.9145 66.0242
3509 65.9145 66.1513
3510 65.9145 66.1386
3511 65.9145 65.918
3512 65.9145 65.9312
3513 65.9145 65.9171
3514 65.9145 65.9364
3515 65.9145 66.0686
3516 65.9145 65.9907
3517 65.9145 65.9145
3518 65.9145 65.9426
3519 65.9145 65.9568
3520 65.9145 65.9145
3521 65.9145 65.9145
3522 65.9145 65.9145
3523 65.9145 65.9145
3524 65.9145 65.9145
3525 65.9145 65.9145
3526 65.9145 65.9145
3527 65.9145 65.944
3528 65.9145 66.0284
3529 65.9145 65.951
3530 65.9145 65.965
3531 65.9145 65.9145
3532 65.9145 65.9361
3533 65.9145 65.9271
3534 65.9145 65.9298
3535 65.9145 66.0649
3536 65.9145 65.9641
3537 65.9145 65.993
3538 65.9145 66.045
3539 65.9145 66.0457
3540 65.9145 66.0184
3541 65.9145 65.9606
3542 65.9145 65.9145
3543 65.9145 65.9265
3544 65.9145 65.9145
3545 65.9145 66.1268
3546 65.9145 65.9383
3547 65.9145 65.9145
3548 65.9145 65.954
3549 65.9145 65.9695
3550 65.9145 65.9956
3551 65.9145 65.9465
3552 65.9145 66.0441
3553 65.9145 65.9145
3554 65.9145 65.9145
3555 65.9145 65.9859
3556 65.9145 65.9291
3557 65.9145 65.9368
3558 65.9145 66.1156
3559 65.9145 65.9248
3560 65.9145 66.0104
3561 65.9145 66.1945
3562 65.9145 65.9654
3563 65.9145 65.9145
3564 65.9145 65.9145
3565 65.9145 65.9243
3566 65.9145 65.9287
3567 65.9145 66.145
3568 65.9145 65.9314
3569 65.9145 65.9172
3570 65.9145 65.944
3571 65.9145 65.9145
3572 65.9145 66.0945
3573 65.9145 66.059
3574 65.9145 65.9145
3575 65.9145 65.9365
3576 65.9145 66.0114
3577 65.9145 65.9177
3578 65.9145 66.0073
3579 65.9145 65.9145
3580 65.9145 65.9303
3581 65.9145 65.9617
3582 65.9145 65.9403
3583 65.9145 65.9176
3584 65.9145 65.9145
3585 65.9145 65.9422
3586 65.9145 66.124
3587 65.9145 66.2125
3588 65.9145 66.0146
3589 65.9145 65.9194
3590 65.9145 65.9145
3591 65.9145 65.9145
3592 65.9145 65.9718
3593 65.9145 65.9145
3594 65.9145 65.9145
3595 65.9145 66.0068
3596 65.9145 65.9776
3597 65.9145 66.0428
3598 65.9145 65.9511
3599 65.9145 65.9989
3600 65.9145 65.9145
3601 65.9145 66.0287
3602 65.9145 66.3924
3603 65.9145 66.2205
3604 65.9145 66.2104
3605 65.9145 65.9145
3606 65.9145 65.9732
3607 65.9145 65.9578
3608 65.9145 65.9612
3609 65.9145 65.9791
3610 65.9145 65.9869
3611 65.9145 65.9986
3612 65.9145 65.9372
3613 65.9145 65.968
3614 65.9145 65.9189
3615 65.9145 65.9459
3616 65.9145 66.1088
3617 65.9145 65.9559
3618 65.9145 65.9145
3619 65.9145 65.9145
3620 65.9145 65.9145
3621 65.9145 65.9268
3622 65.9145 65.9327
3623 65.9145 65.9976
3624 65.9145 66.0818
3625 65.9145 65.9546
3626 65.9145 65.9145
3627 65.9145 65.9259
3628 65.9145 65.9171
3629 65.9145 65.9145
3630 65.9145 65.9479
3631 65.9145 65.9323
3632 65.9145 65.9784
3633 65.9145 65.9145
3634 65.9145 66.0844
3635 65.9145 65.9534
3636 65.9145 65.9402
3637 65.9145 65.9145
3638 65.9145 65.9178
3639 65.9145 65.9436
3640 65.9145 65.9502
3641 65.9145 66.0264
3642 65.9145 65.916
3643 65.9145 65.955
3644 65.9145 65.9978
3645 65.9145 65.9509
3646 65.9145 65.9145
3647 65.9145 66.0152
3648 65.9145 66.0876
3649 65.9145 65.9171
3650 65.9145 66.1023
3651 65.9145 66.0236
3652 65.9145 66.2275
3653 65.9145 66.0464
3654 65.9145 65.9145
3655 65.9145 65.9438
3656 65.9145 65.9325
3657 65.9145 66.1629
3658 65.9145 65.9476
3659 65.9145 66.0188
3660 65.9145 65.9145
3661 65.9145 65.9843
3662 65.9145 65.9794
3663 65.9145 65.9436
3664 65.9145 65.9995
3665 65.9145 66.0936
3666 65.9145 65.9663
3667 65.9145 66.0658
3668 65.9145 66.1716
3669 65.9145 66.1837
3670 65.9145 65.9656
3671 65.9145 66.1544
3672 65.9145 66.0131
3673 65.9145 65.9886
3674 65.9145 65.9523
3675 65.9145 65.9917
3676 65.9145 65.9311
3677 65.9145 65.9913
3678 65.9145 65.9145
3679 65.9145 66.1088
3680 65.9145 65.9834
3681 65.9145 66.0315
3682 65.9145 65.9744
3683 65.9145 65.9577
3684 65.9145 65.9706
3685 65.9145 65.9769
3686 65.9145 65.9204
3687 65.9145 65.9145
3688 65.9145 65.9346
3689 65.9145 65.9145
3690 65.9145 65.9624
3691 65.9145 66.0849
3692 65.9145 65.9849
3693 65.9145 66.0654
3694 65.9145 66.2209
3695 65.9145 65.9936
3696 65.9145 65.9222
3697 65.9145 65.9385
3698 65.9145 65.9273
3699 65.9145 65.9145
3700 65.9145 65.9145
3701 65.9145 66.0412
3702 65.9145 66.1603
3703 65.9145 65.9442
3704 65.9145 66.1217
3705 65.9145 65.9145
3706 65.9145 65.9145
3707 65.9145 66.0451
3708 65.9145 65.9322
3709 65.9145 65.9155
3710 65.9145 65.9905
3711 65.9145 65.9467
3712 65.9145 66.0632
3713 65.9145 65.9227
3714 65.9145 66.1129
3715 65.9145 65.9145
3716 65.9145 65.9731
3717 65.9145 65.9951
3718 65.9145 65.9214
3719 65.9145 65.919
3720 65.9145 65.9145
3721 65.9145 66.0127
3722 65.9145 66.2186
3723 65.9145 66.101
3724 65.9145 65.9145
3725 65.9145 65.9145
3726 65.9145 65.9145
3727 65.9145 65.9348
3728 65.9145 65.9215
3729 65.9145 65.9477
3730 65.9145 66.0281
3731 65.9145 65.9297
3732 65.9145 66.0073
3733 65.9145 66.0564
3734 65.9145 65.919
3735 65.9145 65.9145
3736 65.9145 65.9343
3737 65.9145 65.9145
3738 65.9145 65.9212
3739 65.9145 66.0014
3740 65.9145 66.0575
3741 65.9145 66.2954
3742 65.9145 66.0367
3743 65.9145 66.0473
3744 65.9145 65.9653
3745 65.9145 65.9145
3746 65.9145 65.9765
3747 65.9145 65.9168
3748 65.9145 65.9295
3749 65.9145 65.9249
3750 65.9145 65.9145
3751 65.9145 65.9145
3752 65.9145 65.9155
3753 65.9145 66.0016
3754 65.9145 65.9187
3755 65.9145 65.9359
3756 65.9145 65.9736
3757 65.9145 65.9371
3758 65.9145 65.9856
3759 65.9145 65.9997
3760 65.9145 66.0776
3761 65.9145 65.9897
3762 65.9145 66.0072
3763 65.9145 66.0226
3764 65.9145 66.225
3765 65.9145 66.0086
3766 65.9145 66.0798
3767 65.9145 65.9526
3768 65.9145 65.9227
3769 65.9145 65.9404
3770 65.9145 65.9349
3771 65.9145 65.9204
3772 65.9145 65.9145
3773 65.9145 65.9151
3774 65.9145 65.9459
3775 65.9145 65.9147
3776 65.9145 65.9282
3777 65.9145 65.9145
3778 65.9145 65.9145
3779 65.9145 65.928
3780 65.9145 66.006
3781 65.9145 65.9619
3782 65.9145 66.0164
3783 65.9145 65.9827
3784 65.9145 65.9439
3785 65.9145 65.9145
3786 65.9145 65.924
3787 65.9145 65.9506
3788 65.9145 65.9266
3789 65.9145 65.9608
3790 65.9145 65.9413
3791 65.9145 66.0936
3792 65.9145 65.9417
3793 65.9145 65.9145
3794 65.9145 66.2213
3795 65.9145 65.9232
3796 65.9145 66.0386
3797 65.9145 65.9333
3798 65.9145 65.9425
3799 65.9145 66.0255
3800 65.9145 65.9911
3801 65.9145 65.9345
3802 65.9145 65.9145
3803 65.9145 65.9229
3804 65.9145 65.9582
3805 65.9145 65.9636
3806 65.9145 65.9185
3807 65.9145 65.9145
3808 65.9145 66.0347
3809 65.9145 65.9979
3810 65.9145 65.9857
3811 65.9145 65.9145
3812 65.9145 65.9145
3813 65.9145 65.9217
3814 65.9145 65.9145
3815 65.9145 65.9374
3816 65.9145 66.0091
3817 65.9145 66.1069
3818 65.9145 65.9449
3819 65.9145 66.1193
3820 65.9145 65.9611
3821 65.9145 65.9157
3822 65.9145 66.1137
3823 65.9145 65.9685
3824 65.9145 66.1921
3825 65.9145 65.9234
3826 65.9145 66.1926
3827 65.9145 66.215
3828 65.9145 66.3731
3829 65.9145 65.9412
3830 65.9145 65.9271
3831 65.9145 65.9456
3832 65.9145 65.967
3833 65.9145 65.9946
3834 65.9145 66.0606
3835 65.9145 66.0299
3836 65.9145 65.9145
3837 65.9145 65.9225
3838 65.9145 65.9343
3839 65.9145 65.9237
3840 65.9145 65.9145
3841 65.9145 65.9404
3842 65.9145 65.9954
3843 65.9145 65.9268
3844 65.9145 65.9917
3845 65.9145 65.9534
3846 65.9145 66.0062
3847 65.9145 66.202
3848 65.9145 66.3115
3849 65.9145 66.1037
3850 65.9145 65.9675
3851 65.9145 65.9145
3852 65.9145 65.9617
3853 65.9145 65.9902
3854 65.9145 65.9366
3855 65.9145 65.9189
3856 65.9145 65.9569
3857 65.9145 65.9157
3858 65.9145 65.9145
3859 65.9145 65.9493
3860 65.9145 66.008
3861 65.9145 65.9314
3862 65.9145 65.932
3863 65.9145 65.9574
3864 65.9145 65.9275
3865 65.9145 65.9319
3866 65.9145 65.9145
3867 65.9145 65.9155
3868 65.9145 65.9145
3869 65.9145 65.9206
3870 65.9145 66.068
3871 65.9145 65.9318
3872 65.9145 66.1071
3873 65.9145 66.1327
3874 65.9145 65.9145
3875 65.9145 65.9588
3876 65.9145 66.0578
3877 65.9145 65.9145
3878 65.9145 65.9145
3879 65.9145 65.983
3880 65.9145 65.9495
3881 65.9145 66.1991
3882 65.9145 66.1735
3883 65.9145 65.9262
3884 65.9145 65.9929
3885 65.9145 65.9657
3886 65.9145 65.9797
3887 65.9145 65.9145
3888 65.9145 66.0019
3889 65.9145 66.1324
3890 65.9145 66.0702
3891 65.9145 66.0389
3892 65.9145 66.0399
3893 65.9145 65.9304
3894 65.9145 65.9174
3895 65.9145 65.9229
3896 65.9145 65.9145
3897 65.9145 65.9156
3898 65.9145 65.9153
3899 65.9145 65.9735
3900 65.9145 65.9145
3901 65.9145 65.9631
3902 65.9145 66.1497
3903 65.9145 66.0954
3904 65.9145 66.034
3905 65.9145 65.9145
3906 65.9145 65.9145
3907 65.9145 65.9409
3908 65.9145 65.9165
3909 65.9145 65.9145
3910 65.9145 65.9279
3911 65.9145 65.9145
3912 65.9145 65.9145
3913 65.9145 65.9145
3914 65.9145 65.9601
3915 65.9145 65.9152
3916 65.9145 66.0403
3917 65.9145 65.9608
3918 65.9145 65.9734
3919 65.9145 66.0788
3920 65.9145 65.9436
3921 65.9145 66.0239
3922 65.9145 65.9707
3923 65.9145 65.9724
3924 65.9145 65.9205
3925 65.9145 66.0885
3926 65.9145 65.9498
3927 65.9145 66.0804
3928 65.9145 66.1187
3929 65.9145 65.9267
3930 65.9145 65.9548
3931 65.9145 65.9343
3932 65.9145 65.9327
3933 65.9145 65.9145
3934 65.9145 65.9634
3935 65.9145 65.9695
3936 65.9145 65.9194
3937 65.9145 65.9145
3938 65.9145 65.9183
3939 65.9145 66.0122
3940 65.9145 65.9629
3941 65.9145 65.9145
3942 65.9145 65.928
3943 65.9145 65.9236
3944 65.9145 65.9145
3945 65.9145 65.9145
3946 65.9145 65.9145
3947 65.9145 65.9145
3948 65.9145 65.9145
3949 65.9145 66.0457
3950 65.9145 65.9197
3951 65.9145 65.9145
3952 65.9145 65.9173
3953 65.9145 65.9145
3954 65.9145 65.9145
3955 65.9145 65.9916
3956 65.9145 65.9839
3957 65.9145 66.1852
3958 65.9145 66.0431
3959 65.9145 65.9281
3960 65.9145 65.9174
3961 65.9145 65.9221
3962 65.9145 65.9963
3963 65.9145 66.2008
3964 65.9145 66.088
3965 65.9145 66.1258
3966 65.9145 66.0071
3967 65.9145 66.0529
3968 65.9145 65.9955
3969 65.9145 65.9161
3970 65.9145 66.1406
3971 65.9145 65.9249
3972 65.9145 65.9145
3973 65.9145 65.9145
3974 65.9145 65.9145
3975 65.9145 65.9636
3976 65.9145 65.9733
3977 65.9145 66.0262
3978 65.9145 65.9145
3979 65.9145 65.9934
3980 65.9145 66.1705
3981 65.9145 65.9324
3982 65.9145 65.9145
3983 65.9145 65.9145
3984 65.9145 65.9888
3985 65.9145 65.9262
3986 65.9145 65.9727
3987 65.9145 65.9145
3988 65.9145 66.023
3989 65.9145 65.9487
3990 65.9145 65.9285
3991 65.9145 66.1584
3992 65.9145 65.9899
3993 65.9145 65.9955
3994 65.9145 65.9145
3995 65.9145 65.9145
3996 65.9145 65.9426
3997 65.9145 65.9421
3998 65.9145 66.2726
3999 65.9145 65.9306
