0 419.981 471.069
1 404.52 450.488
2 396.295 426.798
3 382.48 408.142
4 369.135 395.257
5 360.469 383.909
6 355.445 373.015
7 340.355 363.569
8 329.93 353.785
9 323.925 342.019
10 314.497 332.591
11 305.726 325.909
12 305.726 318.103
13 301.265 311.615
14 295.803 306.174
15 290.103 301.135
16 286.831 297.659
17 283.376 293.238
18 276.991 288.538
19 268.591 284.034
20 258.271 278.605
21 249.871 270.9
22 244.79 260.923
23 242.744 253.256
24 240.325 248.68
25 236.439 244.615
26 229.008 241.975
27 228.472 237.762
28 225.637 232.642
29 223.732 229.757
30 219.414 227.459
31 217.475 224.959
32 212.419 221.762
33 209.996 218.43
34 206.944 215.304
35 205.84 211.604
36 205.779 209.066
37 203.572 208.169
38 202.899 206.543
39 199.298 204.904
40 198.043 203.327
41 194.92 201.775
42 192.867 199.664
43 190.765 197.376
44 188.454 194.035
45 186.965 192.063
46 184.575 190.002
47 183.889 187.626
48 182.305 186.279
49 179.568 185.145
50 178.883 183.717
51 177.768 182.229
52 174.483 180.634
53 173.702 178.636
54 172.879 177.14
55 172.025 175.011
56 171.236 174.571
57 169.509 174.541
58 168.205 173.91
59 166.727 173.031
60 166.042 170.612
61 162.959 168.32
62 162.959 167.587
63 161.317 165.301
64 159.168 163.971
65 155.516 162.858
66 154.191 160.43
67 152.319 157.767
68 151.024 155.049
69 150.24 153.572
70 150.24 152.398
71 149.785 151.404
72 148.7 150.723
73 148.541 150.28
74 147.456 149.87
75 147.231 149.72
76 145.573 148.861
77 144.737 148.142
78 143.425 147.116
79 141.195 145.802
80 139.824 145.053
81 138.275 143.32
82 137.981 141.892
83 136.765 140.049
84 136.215 138.615
85 135.032 138.1
86 133.364 137.104
87 132.844 135.719
88 132.556 134.387
89 132.036 133.897
90 128.67 133.022
91 128.281 132.388
92 126.508 130.595
93 125.243 128.935
94 124.434 127.734
95 122.799 126.124
96 121.655 124.807
97 121.655 123.555
98 119.197 122.513
99 119.194 121.496
100 117.399 120.688
101 117.399 121.484
102 117.399 121.595
103 117.399 119.584
104 116.683 118.101
105 116.683 117.625
106 116.649 117.736
107 116.173 117.381
108 115.946 117.557
109 115.436 117.574
110 114.961 116.845
111 113.974 116.037
112 113.813 115.587
113 113.059 115.243
114 113.003 115.348
115 112.565 114.943
116 112.227 113.417
117 110.935 113.855
118 110.554 113.985
119 110.554 112.18
120 108.767 111.095
121 108.767 110.912
122 107.923 110.297
123 107.923 109.901
124 107.305 108.89
125 107.277 108.253
126 106.523 108.346
127 106.477 107.704
128 105.259 107.493
129 105.213 107.172
130 105.213 106.12
131 105.213 105.465
132 102.565 105.391
133 102.565 104.824
134 102.48 103.804
135 102.019 103.083
136 102.019 103.114
137 101.68 103.737
138 101.68 103.903
139 101.68 104.384
140 101.68 103.863
141 101.552 102.965
142 101.49 103.341
143 101.49 104.547
144 101.151 104.419
145 101.09 103.704
146 101.09 102.581
147 100.698 101.905
148 100.698 102.427
149 100.698 103.196
150 98.074 102.675
151 98.074 105.239
152 98.074 103.958
153 98.074 101.303
154 97.9944 99.8516
155 96.1739 98.3535
156 96.1739 98.3974
157 96.0578 99.2971
158 95.0733 99.0999
159 95.0733 97.5727
160 95.0733 96.497
161 94.3487 95.5675
162 94.1005 95.3639
163 94.1005 94.9562
164 92.994 94.4806
165 92.9398 94.31
166 92.9398 93.5682
167 92.9398 93.1049
168 92.8281 93.2424
169 92.8281 93.1466
170 91.9017 92.907
171 91.9017 92.8814
172 91.5437 92.6048
173 91.5437 92.6461
174 90.4133 92.5808
175 90.0078 92.5974
176 89.1432 91.1078
177 88.8405 90.4879
178 88.6199 89.7383
179 87.7553 89.2362
180 87.7553 88.6932
181 85.5174 88.0962
182 85.5174 87.9562
183 85.1363 87.3688
184 85.1363 86.7683
185 84.9293 85.7944
186 84.8719 85.5182
187 84.8719 85.4755
188 84.309 85.3155
189 84.309 85.1102
190 83.5159 85.4713
191 83.5159 85.489
192 82.9795 85.0922
193 82.9795 84.3127
194 82.9795 83.3848
195 82.9795 83.0714
196 82.7559 83.0149
197 82.1502 82.9439
198 82.0366 82.8491
199 81.5621 82.5765
200 81.3642 83.2902
201 81.3642 84.2087
202 81.3642 83.4065
203 81.3642 82.1446
204 79.8215 81.5259
205 79.8215 81.486
206 79.8215 80.8042
207 79.5668 80.0264
208 79.5668 79.8998
209 79.5565 79.9378
210 79.5565 80.1347
211 79.1025 79.885
212 79.1025 79.648
213 79.0039 79.7717
214 79.0039 79.2953
215 79.0039 79.0783
216 79.0039 79.0395
217 79.0039 79.0666
218 78.4503 79.0721
219 78.3046 79.0339
220 78.3046 78.8661
221 78.3046 78.6775
222 78.3046 78.5869
223 78.3046 78.4309
224 78.2154 78.3497
225 77.9812 78.5103
226 77.9812 78.2307
227 77.8396 78.2237
228 77.8396 78.0836
229 77.8396 78.0268
230 77.8396 77.9309
231 77.694 77.8499
232 77.694 77.9148
233 77.694 77.8251
234 77.694 77.776
235 77.694 77.7331
236 77.694 77.7113
237 77.694 77.7027
238 77.694 77.7465
239 77.694 77.8197
240 77.694 77.992
241 77.694 77.9277
242 77.6226 77.6938
243 77.6226 77.6828
244 77.4648 77.655
245 77.4648 77.7723
246 77.4648 77.562
247 77.4648 77.6654
248 77.4648 77.5027
249 77.4648 77.467
250 77.4117 78.028
251 77.4117 78.666
252 77.4117 79.2595
253 77.4117 78.7088
254 77.4117 78.6467
255 77.4117 78.1132
256 77.4117 77.703
257 77.4117 77.5001
258 77.4117 77.4117
259 77.4117 77.42
260 77.4117 77.4246
261 77.4117 77.4489
262 77.4117 77.5006
263 77.4117 77.4244
264 77.4117 77.4177
265 77.4068 77.4179
266 77.4068 77.5557
267 76.998 77.8878
268 76.998 78.0282
269 76.998 77.506
270 76.998 77.3384
271 76.998 77.0479
272 76.998 77.0627
273 76.998 77.1755
274 76.9773 77.0134
275 76.9773 77.0744
276 76.9773 77.0001
277 76.9773 76.9919
278 76.9773 77.0904
279 76.9773 77.0963
280 76.9773 76.9793
281 76.9773 77.0138
282 76.9773 76.9782
283 76.9773 77.0516
284 76.9773 76.9773
285 76.5898 76.982
286 76.5898 76.9986
287 76.5898 76.9229
288 76.5898 77.0901
289 76.5898 77.0088
290 76.5898 76.679
291 76.5898 76.7727
292 76.5898 76.6076
293 76.5898 76.5959
294 76.5898 76.7622
295 76.5898 76.7731
296 76.5898 76.687
297 76.5898 76.7629
298 76.5898 76.6791
299 76.5898 76.6121
300 72.0235 76.8154
301 72.0235 77.2859
302 71.9774 76.8709
303 71.9774 74.8281
304 71.9774 74.9689
305 71.9774 73.646
306 71.9774 72.7644
307 71.9774 72.4839
308 71.9774 71.9941
309 71.9774 72.044
310 71.9774 72.1386
311 71.9774 72.0519
312 71.9774 72.0349
313 71.9774 72.0791
314 71.9774 72.001
315 71.9731 72.0477
316 71.9731 72.1877
317 71.9731 72.1012
318 71.9731 72.2852
319 71.9731 72.0066
320 71.9731 72.1131
321 71.9731 71.979
322 71.9731 71.9773
323 71.9731 71.9783
324 71.9731 71.9731
325 71.9731 72.1705
326 71.9731 72.0285
327 71.9731 72.1108
328 71.9731 72.0152
329 71.9731 71.9883
330 71.9731 72.0568
331 71.9731 71.9884
332 71.9731 72.012
333 71.9731 71.9949
334 71.9731 72.0646
335 71.9731 71.9731
336 71.9731 71.9731
337 71.9731 72.0219
338 71.9731 72.2297
339 71.9731 72.0603
340 71.9731 72.0331
341 71.9731 71.9731
342 71.9731 71.9731
343 71.9731 72.1371
344 71.9731 71.9731
345 71.9731 71.9731
346 71.9731 71.9988
347 71.9731 72.0158
348 71.9731 72.014
349 71.9731 71.9912
350 71.9731 72.0286
351 71.9731 72.0201
352 71.9731 71.9818
353 71.9731 72.0266
354 71.9731 72.1869
355 71.9731 71.9731
356 71.9731 71.9731
357 71.9731 72.0206
358 71.9731 72.0864
359 71.9731 72.1624
360 71.9731 72.1719
361 71.9731 71.9843
362 71.9731 71.9731
363 71.9731 71.9731
364 71.9731 72.0388
365 71.9731 72.0266
366 71.5832 72.0235
367 71.5832 72.0303
368 71.3981 71.8551
369 71.3981 71.854
370 71.3981 71.7117
371 71.3981 71.5379
372 71.2346 71.4474
373 71.2346 71.644
374 71.2346 71.8082
375 71.2346 72.1344
376 71.2346 71.7867
377 71.2346 71.5766
378 71.2346 71.3448
379 71.2346 71.2346
380 71.2346 71.2346
381 71.2346 71.3238
382 71.2346 71.2464
383 71.2346 71.2587
384 71.2346 71.235
385 71.2346 71.2346
386 71.2346 71.3825
387 71.2346 71.2346
388 71.2346 71.2478
389 71.2346 71.3569
390 71.2346 71.4481
391 71.2346 71.6267
392 71.2346 71.3959
393 71.2346 71.2917
394 71.2346 71.2363
395 71.2346 71.2346
396 71.2346 71.2535
397 71.2346 71.2868
398 71.2346 71.2346
399 71.2346 71.3011
400 70.4089 72.039
401 70.4089 73.4256
402 70.4089 73.4388
403 70.4089 72.7752
404 70.4089 71.7071
405 70.4089 70.7391
406 70.4089 70.5165
407 70.4089 70.4143
408 70.4089 70.4089
409 70.3459 70.4131
410 70.3459 70.4846
411 70.3459 70.4562
412 70.3459 70.4742
413 70.3459 70.4343
414 70.3459 70.3479
415 70.3459 70.3459
416 70.3459 70.3713
417 70.3459 70.4096
418 70.3459 70.357
419 70.3459 70.3719
420 70.3459 70.3459
421 70.3459 70.3459
422 70.3459 70.426
423 70.3459 70.4811
424 70.3459 70.3541
425 70.3459 70.5036
426 70.3459 70.3604
427 70.3459 70.3663
428 70.3459 70.3473
429 70.3459 70.3868
430 70.3459 70.4493
431 70.3459 70.3795
432 70.3459 70.4095
433 70.3459 70.3487
434 70.3459 70.3459
435 70.3459 70.3769
436 70.3459 70.5808
437 70.3459 70.4614
438 70.3459 70.3885
439 70.3459 70.5551
440 70.3459 70.7714
441 70.333 70.4558
442 70.333 70.7712
443 70.333 70.8637
444 70.333 70.4407
445 70.333 70.3648
446 70.333 70.3568
447 70.333 70.3969
448 70.333 70.378
449 70.333 70.399
450 69.6915 70.4856
451 69.6915 70.2301
452 69.6915 70.0679
453 69.6915 69.8132
454 69.6915 69.7018
455 69.6915 69.7057
456 69.6915 69.6915
457 69.6915 69.6915
458 69.6915 69.6915
459 69.6915 69.7396
460 69.6915 69.7637
461 69.6915 69.8072
462 69.6915 69.7549
463 69.6915 69.8658
464 69.6915 69.7304
465 69.6915 69.6918
466 69.6915 69.7453
467 69.6915 69.6916
468 69.6915 69.6915
469 69.6915 69.8092
470 69.6915 69.747
471 69.6915 69.7876
472 69.6915 69.7
473 69.6915 69.7211
474 69.6915 69.7483
475 69.6915 69.7205
476 69.6915 69.6915
477 69.6915 69.7299
478 69.6915 69.7148
479 69.6915 69.8822
480 69.6915 70.1146
481 69.6915 69.8868
482 69.6915 69.8205
483 69.6915 69.7804
484 69.6915 69.7983
485 69.6915 69.6915
486 69.6915 69.7094
487 69.6915 69.8181
488 69.6915 69.7807
489 69.6915 69.8404
490 69.6915 69.6915
491 69.6915 69.8303
492 69.6915 69.7481
493 69.6915 69.7403
494 69.6915 69.7058
495 69.6915 69.7554
496 69.6915 70.0045
497 69.6915 69.8152
498 69.6915 69.849
499 69.6915 69.7283
500 69.5286 69.9237
501 69.5286 69.9792
502 69.5286 69.7942
503 69.5286 69.5392
504 69.5286 69.6224
505 69.5286 69.589
506 69.5286 69.5286
507 69.5286 69.5286
508 69.5286 69.545
509 69.5286 69.6057
510 69.5286 69.5765
511 69.5286 69.7402
512 69.5286 69.6022
513 69.5286 69.6828
514 69.5286 69.6655
515 69.5286 69.5603
516 69.5286 69.5722
517 69.5286 69.5286
518 69.5286 69.5286
519 69.5286 69.5286
520 69.5286 69.5286
521 69.5286 69.6705
522 69.5286 69.5286
523 69.5286 69.5481
524 69.5286 69.5476
525 69.5286 69.5286
526 69.5286 69.5356
527 69.5286 69.5318
528 69.5286 69.5286
529 69.5286 69.5756
530 69.5286 69.658
531 69.5286 69.6073
532 69.5286 69.635
533 69.5286 69.6775
534 69.5286 69.6939
535 69.5286 69.5344
536 69.5286 69.535
537 69.5286 69.5407
538 69.5286 69.59
539 69.5286 69.5586
540 69.5286 69.5982
541 69.5286 69.6435
542 69.5286 69.6451
543 69.5286 69.7774
544 69.5286 69.5646
545 69.5286 69.6787
546 69.5286 69.6388
547 69.5286 69.7599
548 69.5286 69.8188
549 69.5286 69.64
550 69.451 69.6808
551 69.451 70.0734
552 69.451 70.2139
553 69.451 69.8387
554 69.451 69.6396
555 69.451 69.5205
556 69.451 69.451
557 69.451 69.7191
558 69.451 69.4744
559 69.451 69.5285
560 69.451 69.4644
561 69.451 69.4585
562 69.451 69.4801
563 69.451 69.4803
564 69.451 69.4564
565 69.451 69.4755
566 69.451 69.5389
567 69.451 69.5217
568 69.451 69.4744
569 69.451 69.5515
570 69.451 69.4751
571 69.451 69.451
572 69.451 69.5965
573 69.451 70.0306
574 69.451 69.7583
575 69.451 69.5542
576 69.451 69.553
577 69.451 69.4997
578 69.451 69.5091
579 69.451 69.4679
580 69.451 69.5412
581 69.451 69.451
582 69.451 69.4932
583 69.451 69.451
584 69.451 69.4731
585 69.451 69.451
586 69.451 69.4694
587 69.451 69.451
588 69.451 69.6496
589 69.451 69.67
590 69.451 69.6219
591 69.451 69.4528
592 69.388 69.4819
593 69.388 69.566
594 69.388 69.416
595 69.388 69.4131
596 69.388 69.4781
597 69.388 69.3889
598 69.388 69.388
599 69.388 69.3886
600 69.388 69.388
601 69.388 69.4294
602 69.388 69.5082
603 69.388 69.3953
604 69.388 69.4217
605 69.388 69.388
606 69.388 69.3995
607 69.388 69.397
608 69.388 69.4362
609 69.388 69.7874
610 69.388 69.5579
611 69.388 69.4104
612 69.388 69.5347
613 69.388 69.3898
614 69.388 69.4675
615 69.388 69.62
616 69.388 69.3891
617 69.388 69.388
618 69.388 69.388
619 69.388 69.388
620 69.388 69.5009
621 69.388 69.5307
622 69.388 69.4673
623 69.388 70.2629
624 69.388 69.6612
625 69.388 69.514
626 69.388 69.5566
627 69.388 69.4255
628 69.388 69.388
629 69.388 69.388
630 69.388 69.388
631 69.388 69.388
632 69.388 69.3992
633 69.388 69.3917
634 69.388 69.3929
635 69.388 69.4086
636 69.388 69.3937
637 69.388 69.4439
638 69.388 69.6142
639 69.388 69.6611
640 69.388 69.4482
641 69.388 69.438
642 69.388 69.388
643 69.388 69.412
644 69.388 69.4379
645 69.388 69.4102
646 69.388 69.388
647 69.388 69.388
648 69.388 69.388
649 69.388 69.388
650 67.3957 69.5629
651 67.3957 69.4402
652 67.3957 68.9281
653 67.3957 67.9896
654 67.3957 67.6388
655 67.3957 67.6884
656 67.3957 67.4355
657 67.3957 67.3957
658 67.3957 67.4531
659 67.3957 67.4205
660 67.3957 67.4097
661 67.3957 67.431
662 67.3957 67.6826
663 67.3957 67.5423
664 67.3957 67.4106
665 67.3957 67.4374
666 67.3957 67.3957
667 67.3957 67.3959
668 67.3957 67.3957
669 67.3957 67.3957
670 67.3957 67.5137
671 67.3957 67.4102
672 67.3957 67.3957
673 67.3957 67.4708
674 67.3957 67.3957
675 67.3957 67.3957
676 67.3957 67.3957
677 67.3957 67.4685
678 67.3957 67.5525
679 67.3957 67.4264
680 67.3957 67.4148
681 67.3957 67.3957
682 67.3957 67.6361
683 67.3957 67.5781
684 67.3957 67.575
685 67.3957 67.6616
686 67.3957 67.8231
687 67.3957 67.4361
688 67.3957 67.398
689 67.3957 67.4606
690 67.3957 67.4993
691 67.3957 67.4005
692 67.3957 67.4035
693 67.3957 67.3957
694 67.3957 67.4409
695 67.3957 67.5129
696 67.3957 67.4612
697 67.3957 67.4423
698 67.3957 67.5246
699 67.3957 67.4238
700 67.3957 67.4152
701 67.3957 67.3957
702 67.3957 67.4082
703 67.3957 67.5057
704 67.3957 67.5257
705 67.3957 67.4961
706 67.3957 67.4221
707 67.3957 67.5058
708 67.3957 67.697
709 67.3957 67.5828
710 67.3957 67.6568
711 67.3957 67.4201
712 67.3957 67.3977
713 67.3957 67.4132
714 67.3957 67.4011
715 67.3957 67.3957
716 67.3957 67.4046
717 67.3957 67.4391
718 67.3957 67.3957
719 67.3957 67.3957
720 67.3957 67.3957
721 67.3957 67.3957
722 67.3957 67.4693
723 67.3957 67.3957
724 67.3957 67.3967
725 67.3957 67.3957
726 67.3957 67.6283
727 67.3957 67.4661
728 67.3957 67.3957
729 67.3957 67.3957
730 67.3957 67.3972
731 67.3957 67.4803
732 67.3957 67.4656
733 67.3957 67.4234
734 67.3957 67.3988
735 67.3957 67.4831
736 67.3957 67.7082
737 67.3957 67.8175
738 67.3957 67.5893
739 67.3957 67.4009
740 67.3957 67.465
741 67.3957 67.4166
742 67.3957 67.5656
743 67.3957 67.5241
744 67.3957 67.4587
745 67.3957 67.8852
746 67.3957 67.4738
747 67.3957 67.449
748 67.3957 67.4453
749 67.3957 67.4971
750 67.3957 67.4993
751 67.3957 67.3957
752 67.3957 67.3957
753 67.3957 67.3978
754 67.3957 67.4581
755 67.3957 67.6407
756 67.3957 67.4156
757 67.3957 67.4077
758 67.3957 67.4167
759 67.3957 67.6551
760 67.3957 67.4058
761 67.3957 67.5742
762 67.3957 67.3957
763 67.3957 67.4062
764 67.3957 67.4934
765 67.3957 67.4522
766 67.3957 67.4261
767 67.3957 67.7214
768 67.3957 67.3957
769 67.3957 67.4938
770 67.3957 67.3957
771 67.3957 67.4112
772 67.3957 67.443
773 67.3957 67.6025
774 67.3957 67.4684
775 67.3957 67.5318
776 67.3957 67.4574
777 67.3957 67.6477
778 67.3957 67.6057
779 67.3957 67.7684
780 67.3957 67.454
781 67.3957 67.3957
782 67.3957 67.3957
783 67.3957 67.4193
784 67.3957 67.5071
785 67.3957 67.4927
786 67.3957 67.3957
787 67.3957 67.41
788 67.3957 67.3957
789 67.3957 67.3957
790 67.3957 67.3957
791 67.3957 67.3957
792 67.3957 67.5564
793 67.3957 67.4249
794 67.3957 67.5095
795 67.3957 67.4208
796 67.3957 67.4859
797 67.3957 67.5289
798 67.3957 67.4667
799 67.3957 67.5393
800 67.3957 67.4953
801 67.3957 67.4723
802 67.3957 67.4013
803 67.3957 67.4371
804 67.3957 67.3957
805 67.3957 67.3957
806 67.3957 67.3957
807 67.3957 67.3999
808 67.3957 67.4028
809 67.3957 67.4034
810 67.3957 67.3989
811 67.3957 67.5497
812 67.3957 67.4047
813 67.3957 67.5639
814 67.3957 67.3969
815 67.3957 67.3957
816 67.3957 67.3957
817 67.3957 67.3957
818 67.3957 67.5526
819 67.3957 67.5052
820 67.3957 67.4612
821 67.3957 67.3957
822 67.3957 67.3988
823 67.3957 67.4845
824 67.3957 67.3957
825 67.3957 67.3957
826 67.3957 67.4117
827 67.3957 67.3957
828 67.3957 67.699
829 67.3957 67.6542
830 67.3957 67.488
831 67.3957 67.4098
832 67.3957 67.3957
833 67.3957 67.3957
834 67.3957 67.3959
835 67.3957 67.4011
836 67.3957 67.417
837 67.3957 67.4246
838 67.3957 67.6385
839 67.3957 67.5208
840 67.3957 67.4621
841 67.3957 67.5757
842 67.3957 67.5143
843 67.3957 67.4196
844 67.3957 67.3957
845 67.3957 67.4654
846 67.3957 67.4233
847 67.3957 67.4794
848 67.3957 67.4228
849 67.3957 67.4265
850 67.3957 67.3959
851 67.3957 67.4256
852 67.3957 67.6055
853 67.3957 67.3959
854 67.3957 67.4108
855 67.3957 67.3957
856 67.3957 67.4558
857 67.3957 67.4322
858 67.3957 67.414
859 67.3957 67.5958
860 67.3957 67.3957
861 67.3957 67.3976
862 67.3957 67.4166
863 67.3957 67.4797
864 67.3957 67.5128
865 67.3957 67.4211
866 67.3957 67.3957
867 67.3957 67.4104
868 67.3957 67.4368
869 67.3957 67.726
870 67.3957 67.5
871 67.3957 67.3995
872 67.3957 67.3957
873 67.3957 67.3957
874 67.3957 67.4037
875 67.3957 67.3957
876 67.3957 67.4387
877 67.3957 67.4932
878 67.3957 67.3957
879 67.3957 67.3974
880 67.3957 67.3957
881 67.3957 67.424
882 67.3957 67.3957
883 67.3957 67.4435
884 67.3957 67.4354
885 67.3957 67.4178
886 67.3957 67.3982
887 67.3957 67.4235
888 67.3957 67.5375
889 67.3957 67.5745
890 67.3957 67.3957
891 67.3957 67.4623
892 67.3957 67.3957
893 67.3957 67.521
894 67.3957 67.4025
895 67.3957 67.3957
896 67.3957 67.4116
897 67.3957 67.4197
898 67.3957 67.4403
899 67.3957 67.3957
900 67.3957 67.3957
901 67.3957 67.4636
902 67.3957 67.4014
903 67.3957 67.4802
904 67.3957 67.5219
905 67.3957 67.6624
906 67.3957 67.4364
907 67.3957 67.5354
908 67.3957 67.5691
909 67.3957 67.4026
910 67.3957 67.406
911 67.3957 67.5024
912 67.3957 67.5828
913 67.3957 67.4333
914 67.3957 67.3957
915 67.3957 67.4197
916 67.3957 67.6292
917 67.3957 67.4899
918 67.3957 67.4
919 67.3957 67.3957
920 67.3957 67.4439
921 67.3957 67.3957
922 67.3957 67.5751
923 67.3957 67.5244
924 67.3957 67.4163
925 67.3957 67.3957
926 67.3957 67.7779
927 67.3957 67.5789
928 67.3957 67.6775
929 67.3957 67.4857
930 67.3957 67.4975
931 67.3957 67.4172
932 67.3957 67.4904
933 67.3957 67.3957
934 67.3957 67.3957
935 67.3957 67.4777
936 67.3957 67.4182
937 67.3957 67.4589
938 67.3957 67.5144
939 67.3957 67.4723
940 67.3957 67.439
941 67.3957 67.6665
942 67.3957 67.7571
943 67.3957 67.6595
944 67.3957 67.8042
945 67.3957 67.5528
946 67.3957 67.4604
947 67.3957 67.7657
948 67.3957 67.4646
949 67.3957 67.4965
950 66.9713 67.4665
951 66.9713 67.5957
952 66.9713 67.6786
953 66.9713 67.4936
954 66.9713 67.2325
955 66.9713 67.164
956 66.9713 67.1576
957 66.9713 67.0436
958 66.9713 66.9741
959 66.9713 66.9724
960 66.9713 67.0303
961 66.9713 67.0054
962 66.9713 66.9722
963 66.9713 67.1392
964 66.9713 66.9882
965 66.9713 67.681
966 66.9713 67.5736
967 66.9713 66.9898
968 66.9713 66.9723
969 66.9713 67.0194
970 66.9713 67.1247
971 66.9713 67.1472
972 66.9713 67.1437
973 66.9713 67.0132
974 66.9713 67.0394
975 66.9713 67.1201
976 66.9713 67.0624
977 66.9713 67.029
978 66.9713 67.0643
979 66.9713 67.1136
980 66.9713 66.9713
981 66.9713 67.0511
982 66.9713 66.9966
983 66.9713 66.993
984 66.9713 66.988
985 66.9713 66.9927
986 66.9713 66.9875
987 66.9713 67.0644
988 66.9713 67.2067
989 66.9713 67.0115
990 66.9713 67.1718
991 66.9713 67.0277
992 66.9713 67.0296
993 66.9713 67.077
994 66.9713 67.3559
995 66.9713 67.1045
996 66.9713 67.0849
997 66.9713 67.0687
998 66.9713 66.9713
999 66.9713 66.987
1000 66.9713 67.3503
1001 66.9713 67.0455
1002 66.9713 67.057
1003 66.9713 66.972
1004 66.9713 67.12
1005 66.9713 67.1488
1006 66.9713 66.9924
1007 66.9713 66.9814
1008 66.9713 66.9813
1009 66.9713 66.9758
1010 66.9713 66.9895
1011 66.9713 66.978
1012 66.9713 66.9713
1013 66.9713 66.9946
1014 66.9713 67.0273
1015 66.9713 67.1287
1016 66.9713 67.0073
1017 66.9713 66.9713
1018 66.9713 67.0641
1019 66.9713 67.0323
1020 66.9713 66.9813
1021 66.9713 66.9909
1022 66.9713 66.9845
1023 66.9713 67.022
1024 66.9713 67.0309
1025 66.9713 67.0284
1026 66.9713 67.024
1027 66.9713 67.005
1028 66.9713 67.0461
1029 66.9713 66.9986
1030 66.9713 67.107
1031 66.9713 67.0493
1032 66.9713 66.976
1033 66.9713 66.9713
1034 66.9713 67.0918
1035 66.9713 66.9713
1036 66.9713 67.0019
1037 66.9713 67.0831
1038 66.9713 66.9768
1039 66.9713 67.108
1040 66.9713 67.3228
1041 66.9713 67.0768
1042 66.9713 66.9715
1043 66.9713 66.9713
1044 66.9713 66.9713
1045 66.9713 66.9729
1046 66.9713 66.9713
1047 66.9713 67.2317
1048 66.9713 67.1036
1049 66.9713 67.0651
1050 66.9713 67.0624
1051 66.9713 67.0637
1052 66.9713 66.9853
1053 66.9713 67.1429
1054 66.9713 66.9727
1055 66.9713 67.0033
1056 66.9713 66.9713
1057 66.9713 67.1592
1058 66.9713 66.9927
1059 66.9713 67.17
1060 66.9713 67.0973
1061 66.9713 67.0712
1062 66.9713 67.1914
1063 66.9713 67.0379
1064 66.9713 66.9881
1065 66.9713 67.1091
1066 66.9713 66.9968
1067 66.9713 67.0821
1068 66.9713 67.0669
1069 66.9713 66.9713
1070 66.9713 66.9888
1071 66.9713 66.9713
1072 66.9713 67.1043
1073 66.9713 67.1777
1074 66.9713 67.3607
1075 66.9713 67.0984
1076 66.9713 67.1847
1077 66.9713 67.5706
1078 66.9713 67.0981
1079 66.9713 67.213
1080 66.9713 67.0047
1081 66.9713 67.0039
1082 66.9713 66.9823
1083 66.9713 67.0635
1084 66.9713 66.9762
1085 66.9713 66.9919
1086 66.9713 66.9713
1087 66.9713 66.9806
1088 66.9713 66.9713
1089 66.9713 66.9713
1090 66.9713 67.0014
1091 66.9713 67.111
1092 66.9713 66.9802
1093 66.9713 67.0317
1094 66.9713 66.9713
1095 66.9713 67.0341
1096 66.9713 66.9713
1097 66.9713 66.9713
1098 66.9713 66.9713
1099 66.9713 67.1858
1100 66.9713 67.2393
1101 66.9713 66.9934
1102 66.9713 66.9868
1103 66.9713 67.1207
1104 66.9713 66.9781
1105 66.9713 67.077
1106 66.9713 67.0388
1107 66.9713 67.118
1108 66.9713 67.1307
1109 66.9713 66.9738
1110 66.9713 66.9796
1111 66.9713 66.9713
1112 66.9713 67.0435
1113 66.9713 66.9923
1114 66.9713 66.9841
1115 66.9713 66.9713
1116 66.9713 66.9864
1117 66.9713 66.9727
1118 66.9713 67.0898
1119 66.9713 67.0559
1120 66.9713 66.9713
1121 66.9713 67.0601
1122 66.9713 67.1019
1123 66.9713 66.9713
1124 66.9713 67.1099
1125 66.9713 67.0256
1126 66.9713 66.9713
1127 66.9713 67.0699
1128 66.9713 66.9713
1129 66.9713 66.9819
1130 66.9713 66.9734
1131 66.9713 67.0292
1132 66.9713 67.2429
1133 66.9713 67.0287
1134 66.9713 66.9802
1135 66.9713 67.1378
1136 66.9713 67.0088
1137 66.9713 67.0943
1138 66.9713 67.0515
1139 66.9713 67.1526
1140 66.9713 66.9713
1141 66.9713 66.98
1142 66.9713 66.9713
1143 66.9713 66.9713
1144 66.9713 66.9713
1145 66.9713 67.2
1146 66.9713 67.1728
1147 66.9713 67.0731
1148 66.9713 66.9867
1149 66.9713 66.9861
1150 66.9713 66.9713
1151 66.9713 66.9721
1152 66.9713 66.9725
1153 66.9713 66.9954
1154 66.9713 67.067
1155 66.9713 66.977
1156 66.9713 66.9804
1157 66.9713 67.0388
1158 66.9713 66.9713
1159 66.9713 67.1342
1160 66.9713 67.0291
1161 66.9713 66.9812
1162 66.9713 66.9713
1163 66.9713 66.9713
1164 66.9713 67.0157
1165 66.9713 67.0208
1166 66.9713 66.9807
1167 66.9713 66.986
1168 66.9713 67.019
1169 66.9713 66.9787
1170 66.9713 66.9713
1171 66.9713 67.0053
1172 66.9713 66.9713
1173 66.9713 66.9797
1174 66.9713 66.9713
1175 66.9713 66.9713
1176 66.9713 66.9904
1177 66.9713 66.9713
1178 66.9713 66.9713
1179 66.9713 66.9713
1180 66.9713 67.1643
1181 66.9713 67.0969
1182 66.9713 67.0295
1183 66.9713 66.9968
1184 66.9713 66.9999
1185 66.9713 67.0722
1186 66.9713 66.9752
1187 66.9713 66.9971
1188 66.9713 67.0019
1189 66.9713 66.9943
1190 66.9713 66.9914
1191 66.9713 66.9829
1192 66.9713 67.0715
1193 66.9713 66.9803
1194 66.9713 66.9886
1195 66.9713 66.9976
1196 66.9713 67.1079
1197 66.9713 67.045
1198 66.9713 66.9838
1199 66.9713 67.0282
1200 66.9713 67.1226
1201 66.9713 66.9806
1202 66.9713 66.9713
1203 66.9713 67.0015
1204 66.9713 67.0215
1205 66.9713 66.9718
1206 66.9713 67.0039
1207 66.9713 67.061
1208 66.9713 67.1885
1209 66.9713 67.2785
1210 66.9713 67.0032
1211 66.9713 66.9921
1212 66.9713 67.1617
1213 66.9713 67.2429
1214 66.9713 67.2383
1215 66.9713 67.1519
1216 66.9713 67.2486
1217 66.9713 66.9717
1218 66.9713 66.9713
1219 66.9713 67.0023
1220 66.9713 67.1207
1221 66.9713 67.1187
1222 66.9713 67.1076
1223 66.9713 66.9952
1224 66.9713 66.9847
1225 66.9713 67.0153
1226 66.9713 67.0042
1227 66.9713 66.9765
1228 66.9713 67.0821
1229 66.9713 67.0103
1230 66.9713 66.9817
1231 66.9713 66.9713
1232 66.9713 66.9847
1233 66.9713 67.0823
1234 66.9713 66.9713
1235 66.9713 66.975
1236 66.9713 67.0548
1237 66.9713 66.9713
1238 66.9713 66.9713
1239 66.9713 66.9713
1240 66.9713 66.9896
1241 66.9713 67.0727
1242 66.9713 66.99
1243 66.9713 67.101
1244 66.9713 67.2147
1245 66.9713 67.3727
1246 66.9713 67.3148
1247 66.9713 67.122
1248 66.9713 67.0716
1249 66.9713 67.4521
1250 66.9713 67.1451
1251 66.9713 67.0049
1252 66.9713 67.0235
1253 66.9713 67.0062
1254 66.9713 66.9713
1255 66.9713 67.0066
1256 66.9713 66.9713
1257 66.9713 66.9713
1258 66.9713 67.0588
1259 66.9713 67.118
1260 66.9713 67.4293
1261 66.9713 67.0083
1262 66.9713 67.045
1263 66.9713 66.9764
1264 66.9713 67.026
1265 66.9713 67.1704
1266 66.9713 67.0712
1267 66.9713 67.1096
1268 66.9713 67.2301
1269 66.9713 67.3675
1270 66.9713 67.0952
1271 66.9713 66.9804
1272 66.9713 67.0317
1273 66.9713 67.0184
1274 66.9713 67.1293
1275 66.9713 67.2114
1276 66.9713 67.0558
1277 66.9713 67.2047
1278 66.9713 67.1638
1279 66.9713 66.9839
1280 66.9713 66.9853
1281 66.9713 67.0467
1282 66.9713 66.9741
1283 66.9713 66.9726
1284 66.9713 66.9713
1285 66.9713 66.9905
1286 66.9713 67.0161
1287 66.9713 67.0421
1288 66.9713 66.9713
1289 66.9713 67.1541
1290 66.9713 67.0054
1291 66.9713 66.9796
1292 66.9713 67.0222
1293 66.9713 66.9713
1294 66.9713 66.9713
1295 66.9713 67.0756
1296 66.9713 66.9722
1297 66.9713 66.9837
1298 66.9713 66.9713
1299 66.9713 67.1606
1300 66.8256 67.0101
1301 66.8256 66.9244
1302 66.8256 66.8805
1303 66.8256 66.866
1304 66.8256 66.9735
1305 66.8256 66.8424
1306 66.8256 66.8408
1307 66.8256 66.8807
1308 66.8256 66.8677
1309 66.8256 66.8256
1310 66.8256 66.859
1311 66.8256 66.9133
1312 66.8256 66.8305
1313 66.8256 66.8256
1314 66.8256 66.8256
1315 66.8256 66.8256
1316 66.8256 66.8256
1317 66.8256 66.8718
1318 66.8256 66.9488
1319 66.8256 66.9794
1320 66.8256 66.8316
1321 66.8256 66.861
1322 66.8256 66.9329
1323 66.8256 67.0253
1324 66.8256 67.0467
1325 66.8256 66.9183
1326 66.8256 66.978
1327 66.8256 67.0276
1328 66.8256 67.1304
1329 66.8256 66.8988
1330 66.8256 66.9536
1331 66.8256 66.8337
1332 66.8256 66.9316
1333 66.8256 66.8505
1334 66.8256 66.8256
1335 66.8256 66.8256
1336 66.8256 66.8256
1337 66.8256 66.8441
1338 66.8256 66.8256
1339 66.8256 66.8256
1340 66.8256 66.9519
1341 66.8256 67.0858
1342 66.8256 67.1899
1343 66.8256 66.9842
1344 66.8256 66.8856
1345 66.8256 66.8256
1346 66.8256 66.8363
1347 66.8256 67.0666
1348 66.8256 67.229
1349 66.8256 67.0751
1350 66.8256 66.8856
1351 66.8256 66.8721
1352 66.8256 66.908
1353 66.8256 66.8505
1354 66.8256 67.0009
1355 66.8256 66.8662
1356 66.8256 66.8319
1357 66.8256 66.8949
1358 66.8256 66.9042
1359 66.8256 66.838
1360 66.8256 66.8256
1361 66.8256 66.8256
1362 66.8256 66.8256
1363 66.8256 66.8846
1364 66.8256 66.8256
1365 66.8256 66.9233
1366 66.8256 66.8822
1367 66.8256 66.8654
1368 66.8256 67.2019
1369 66.8256 67.0857
1370 66.8256 66.914
1371 66.8256 66.8256
1372 66.8256 66.8256
1373 66.8256 66.8256
1374 66.8256 66.8412
1375 66.8256 66.9187
1376 66.8256 66.8885
1377 66.8256 66.9416
1378 66.8256 67.0318
1379 66.8256 66.9623
1380 66.8256 66.9059
1381 66.8256 66.8275
1382 66.8256 66.8256
1383 66.8256 66.8671
1384 66.8256 67.0391
1385 66.8256 66.8256
1386 66.8256 66.8256
1387 66.8256 66.8256
1388 66.8256 66.8667
1389 66.8256 66.8336
1390 66.8256 66.8256
1391 66.8256 66.9107
1392 66.8256 66.8442
1393 66.8256 66.8256
1394 66.8256 67.0001
1395 66.8256 66.9665
1396 66.8256 66.8946
1397 66.8256 66.9463
1398 66.8256 66.9598
1399 66.8256 66.8334
1400 66.8256 66.8256
1401 66.8256 66.8349
1402 66.8256 66.9403
1403 66.8256 67.0723
1404 66.8256 66.8377
1405 66.8256 66.8256
1406 66.8256 66.8256
1407 66.8256 66.8261
1408 66.8256 66.8999
1409 66.8256 67.0993
1410 66.8256 66.8956
1411 66.8256 66.8498
1412 66.8256 66.8606
1413 66.8256 66.8464
1414 66.8256 66.9167
1415 66.8256 66.8775
1416 66.8256 66.846
1417 66.8256 66.8256
1418 66.8256 66.8256
1419 66.8256 66.8256
1420 66.8256 66.8256
1421 66.8256 66.8256
1422 66.8256 66.8592
1423 66.8256 66.8649
1424 66.8256 66.8256
1425 66.8256 66.8879
1426 66.8256 66.8267
1427 66.8256 66.8256
1428 66.8256 66.8256
1429 66.8256 66.8798
1430 66.8256 66.9094
1431 66.8256 66.8523
1432 66.8256 66.8256
1433 66.8256 66.8256
1434 66.8256 66.8256
1435 66.8256 66.8256
1436 66.8256 66.8313
1437 66.8256 66.8433
1438 66.8256 66.8418
1439 66.8256 66.8352
1440 66.8256 66.8256
1441 66.8256 66.8256
1442 66.8256 66.8256
1443 66.8256 66.9137
1444 66.8256 66.8491
1445 66.8256 66.8777
1446 66.8256 66.8983
1447 66.8256 66.8256
1448 66.8256 67.1314
1449 66.8256 66.8505
1450 66.8256 66.891
1451 66.8256 66.859
1452 66.8256 66.8598
1453 66.8256 66.8388
1454 66.8256 66.9524
1455 66.8256 66.8297
1456 66.8256 66.8256
1457 66.8256 66.8404
1458 66.8256 66.8256
1459 66.8256 66.8277
1460 66.8256 66.8937
1461 66.8256 66.8591
1462 66.8256 66.8256
1463 66.8256 66.8295
1464 66.8256 66.8336
1465 66.8256 66.8256
1466 66.8256 66.8256
1467 66.8256 66.8819
1468 66.8256 67.064
1469 66.8256 66.906
1470 66.8256 66.8256
1471 66.8256 66.8777
1472 66.8256 66.8907
1473 66.8256 66.8256
1474 66.8256 66.9522
1475 66.8256 66.8256
1476 66.8256 66.8256
1477 66.8256 66.8256
1478 66.8256 66.8256
1479 66.8256 66.8256
1480 66.8256 66.9745
1481 66.8256 66.878
1482 66.8256 67.0406
1483 66.8256 66.9795
1484 66.8256 66.902
1485 66.8256 66.965
1486 66.8256 66.8344
1487 66.8256 66.8314
1488 66.8256 66.9978
1489 66.8256 66.8406
1490 66.8256 66.8256
1491 66.8256 66.9121
1492 66.8256 66.954
1493 66.8256 66.8946
1494 66.8256 66.9281
1495 66.8256 66.9853
1496 66.8256 66.8921
1497 66.8256 66.8256
1498 66.8256 66.8256
1499 66.8256 66.8256
1500 66.8256 66.8256
1501 66.8256 66.8485
1502 66.8256 66.8256
1503 66.8256 66.9016
1504 66.8256 66.8826
1505 66.8256 66.9785
1506 66.8256 66.9764
1507 66.8256 66.9601
1508 66.8256 66.8342
1509 66.8256 66.8493
1510 66.8256 66.8256
1511 66.8256 66.8256
1512 66.8256 66.8312
1513 66.8256 66.8423
1514 66.8256 66.8256
1515 66.8256 66.8318
1516 66.8256 66.8256
1517 66.8256 66.8256
1518 66.8256 66.9598
1519 66.8256 66.9871
1520 66.8256 66.9234
1521 66.8256 66.8256
1522 66.8256 66.8256
1523 66.8256 66.8256
1524 66.8256 66.876
1525 66.8256 66.8589
1526 66.8256 66.837
1527 66.8256 66.874
1528 66.8256 66.871
1529 66.8256 66.8893
1530 66.8256 66.9704
1531 66.8256 67.0546
1532 66.8256 66.8513
1533 66.8256 66.8558
1534 66.8256 67.035
1535 66.8256 66.8936
1536 66.8256 66.944
1537 66.8256 66.8445
1538 66.8256 66.8513
1539 66.8256 66.9795
1540 66.8256 66.8445
1541 66.8256 66.8256
1542 66.8256 66.8389
1543 66.8256 66.8256
1544 66.8256 66.8427
1545 66.8256 66.8723
1546 66.8256 66.8656
1547 66.8256 66.831
1548 66.8256 66.9289
1549 66.8256 66.8706
1550 66.8256 66.838
1551 66.8256 66.9395
1552 66.8256 66.8428
1553 66.8256 66.9127
1554 66.8256 66.9041
1555 66.8256 67.0678
1556 66.8256 66.8531
1557 66.8256 66.8264
1558 66.8256 66.8975
1559 66.8256 66.8256
1560 66.8256 66.8256
1561 66.8256 66.8497
1562 66.8256 66.8367
1563 66.8256 66.8551
1564 66.8256 66.9719
1565 66.8256 66.8389
1566 66.8256 66.975
1567 66.8256 66.9759
1568 66.8256 66.9441
1569 66.8256 66.8921
1570 66.8256 67.0027
1571 66.8256 66.8824
1572 66.8256 66.8256
1573 66.8256 66.8431
1574 66.8256 66.8256
1575 66.8256 66.8256
1576 66.8256 66.8256
1577 66.8256 66.9855
1578 66.8256 67.0499
1579 66.8256 66.877
1580 66.8256 66.9981
1581 66.8256 67.0182
1582 66.8256 66.8835
1583 66.8256 66.943
1584 66.8256 66.839
1585 66.8256 66.8256
1586 66.8256 66.8339
1587 66.8256 66.8433
1588 66.8256 66.9204
1589 66.8256 66.8256
1590 66.8256 66.8256
1591 66.8256 66.8557
1592 66.8256 67.0194
1593 66.8256 66.9501
1594 66.8256 66.8256
1595 66.8256 66.8256
1596 66.8256 66.8256
1597 66.8256 66.8256
1598 66.8256 66.8256
1599 66.8256 66.8465
1600 66.8256 66.8632
1601 66.8256 66.921
1602 66.8256 66.8379
1603 66.8256 66.8361
1604 66.8256 66.8393
1605 66.8256 66.8301
1606 66.8256 66.9371
1607 66.8256 66.9063
1608 66.8256 66.8339
1609 66.8256 66.8256
1610 66.8256 66.8256
1611 66.8256 66.8315
1612 66.8256 66.8266
1613 66.8256 66.8256
1614 66.8256 66.8256
1615 66.8256 66.8324
1616 66.8256 66.8256
1617 66.8256 66.9537
1618 66.8256 66.9016
1619 66.8256 66.9101
1620 66.8256 66.8256
1621 66.8256 66.9154
1622 66.8256 66.8551
1623 66.8256 66.8256
1624 66.8256 66.8256
1625 66.8256 66.8614
1626 66.8256 67.1784
1627 66.8256 66.8256
1628 66.8256 66.8901
1629 66.8256 66.8615
1630 66.8256 66.8314
1631 66.8256 66.8256
1632 66.8256 66.8256
1633 66.8256 66.8256
1634 66.8256 66.8406
1635 66.8256 66.8953
1636 66.8256 66.8545
1637 66.8256 66.8256
1638 66.8256 66.8256
1639 66.8256 66.8289
1640 66.8256 66.9473
1641 66.8256 67.2445
1642 66.8256 66.9628
1643 66.8256 66.8376
1644 66.8256 66.8441
1645 66.8256 66.9623
1646 66.8256 66.8829
1647 66.8256 66.8789
1648 66.8256 66.8349
1649 66.8256 66.8621
1650 66.8256 66.881
1651 66.8256 66.8915
1652 66.8256 66.8382
1653 66.8256 66.8733
1654 66.8256 66.8735
1655 66.8256 66.9406
1656 66.8256 66.8382
1657 66.8256 66.8384
1658 66.8256 66.9206
1659 66.8256 66.9015
1660 66.8256 66.867
1661 66.8256 67.0685
1662 66.8256 66.9944
1663 66.8256 66.9556
1664 66.8256 66.8425
1665 66.8256 66.8279
1666 66.8256 66.8764
1667 66.8256 66.8256
1668 66.8256 66.9258
1669 66.8256 66.8904
1670 66.8256 66.8256
1671 66.8256 66.8256
1672 66.8256 66.8256
1673 66.8256 66.8256
1674 66.8256 66.933
1675 66.8256 66.8545
1676 66.8256 66.8665
1677 66.8256 66.8504
1678 66.8256 66.8256
1679 66.8256 66.8347
1680 66.8256 66.8401
1681 66.8256 66.836
1682 66.8256 66.8371
1683 66.8256 67.0173
1684 66.8256 66.8553
1685 66.8256 66.8256
1686 66.8256 66.8363
1687 66.8256 67.0425
1688 66.8256 67.0246
1689 66.8256 66.9374
1690 66.8256 66.8813
1691 66.8256 66.9132
1692 66.8256 66.9545
1693 66.8256 66.9658
1694 66.8256 66.8802
1695 66.8256 66.8265
1696 66.8256 66.9412
1697 66.8256 66.8991
1698 66.8256 66.9008
1699 66.8256 66.8769
1700 66.8256 66.9234
1701 66.8256 67.0555
1702 66.8256 67.0475
1703 66.8256 67.0202
1704 66.8256 66.8383
1705 66.8256 66.9074
1706 66.8256 66.8655
1707 66.8256 66.8418
1708 66.8256 66.8256
1709 66.8256 66.8256
1710 66.8256 67.0676
1711 66.8256 67.0796
1712 66.8256 66.9229
1713 66.8256 66.9267
1714 66.8256 66.9758
1715 66.8256 66.8648
1716 66.8256 66.8538
1717 66.8256 66.8329
1718 66.8256 66.8256
1719 66.8256 66.9335
1720 66.8256 66.8587
1721 66.8256 66.8869
1722 66.8256 66.9135
1723 66.8256 67.1272
1724 66.8256 67.1018
1725 66.8256 66.8618
1726 66.8256 67.0854
1727 66.8256 67.0602
1728 66.8256 66.8256
1729 66.8256 66.8328
1730 66.8256 67.1009
1731 66.8256 66.828
1732 66.8256 66.8256
1733 66.8256 66.8303
1734 66.8256 66.8965
1735 66.8256 67.0207
1736 66.8256 67.2007
1737 66.8256 66.8575
1738 66.8256 66.8256
1739 66.8256 66.8263
1740 66.8256 66.8519
1741 66.8256 66.8256
1742 66.8256 66.8404
1743 66.8256 66.8375
1744 66.8256 67.0032
1745 66.8256 66.8631
1746 66.8256 66.9193
1747 66.8256 66.8362
1748 66.8256 66.8589
1749 66.8256 66.98
1750 66.8256 66.8597
1751 66.8256 66.8256
1752 66.8256 66.8256
1753 66.8256 66.8256
1754 66.8256 66.8447
1755 66.8256 66.8329
1756 66.8256 66.8282
1757 66.8256 66.851
1758 66.8256 66.8507
1759 66.8256 66.8273
1760 66.8256 66.8473
1761 66.8256 67.0527
1762 66.8256 66.8256
1763 66.8256 66.8339
1764 66.8256 66.8468
1765 66.8256 66.8299
1766 66.8256 66.8264
1767 66.8256 66.8701
1768 66.8256 66.8298
1769 66.8256 66.8569
1770 66.8256 66.8256
1771 66.8256 66.8477
1772 66.8256 66.8266
1773 66.8256 66.8845
1774 66.8256 66.9452
1775 66.8256 67.0431
1776 66.8256 66.8381
1777 66.8256 67.0142
1778 66.8256 66.838
1779 66.8256 67.0004
1780 66.8256 66.8489
1781 66.8256 66.8256
1782 66.8256 67.1088
1783 66.8256 66.8256
1784 66.8256 66.8472
1785 66.8256 66.9251
1786 66.8256 66.8808
1787 66.8256 66.9474
1788 66.8256 66.8432
1789 66.8256 66.8374
1790 66.8256 66.8457
1791 66.8256 66.8256
1792 66.8256 66.8256
1793 66.8256 66.8256
1794 66.8256 66.919
1795 66.8256 67.0035
1796 66.8256 66.9523
1797 66.8256 66.8256
1798 66.8256 66.9586
1799 66.8256 67.0145
1800 66.8256 66.8877
1801 66.8256 66.8647
1802 66.8256 67.0458
1803 66.8256 66.8256
1804 66.8256 66.8256
1805 66.8256 66.8256
1806 66.8256 66.8258
1807 66.8256 66.8544
1808 66.8256 66.8656
1809 66.8256 66.8586
1810 66.8256 66.9001
1811 66.8256 66.8313
1812 66.8256 66.8527
1813 66.8256 66.8256
1814 66.8256 66.8256
1815 66.8256 66.8448
1816 66.8256 66.8553
1817 66.8256 66.8256
1818 66.8256 66.8256
1819 66.8256 66.8256
1820 66.8256 66.8933
1821 66.8256 66.8278
1822 66.8256 66.8256
1823 66.8256 66.8256
1824 66.8256 66.8384
1825 66.8256 66.9915
1826 66.8256 66.9393
1827 66.8256 67.1165
1828 66.8256 66.9195
1829 66.8256 66.8526
1830 66.8256 66.8267
1831 66.8256 66.9201
1832 66.8256 66.9415
1833 66.8256 66.954
1834 66.8256 66.922
1835 66.8256 66.8877
1836 66.8256 66.8256
1837 66.8256 66.9274
1838 66.8256 66.8256
1839 66.8256 66.8256
1840 66.8256 66.8256
1841 66.8256 66.8256
1842 66.8256 66.8648
1843 66.8256 66.8653
1844 66.8256 66.8256
1845 66.8256 66.8256
1846 66.8256 66.8256
1847 66.8256 66.8618
1848 66.8256 66.8256
1849 66.8256 66.8663
1850 66.8256 66.8808
1851 66.8256 66.8299
1852 66.8256 66.8256
1853 66.8256 66.8901
1854 66.8256 67.1181
1855 66.8256 66.9348
1856 66.8256 66.8256
1857 66.8256 66.8256
1858 66.8256 66.8418
1859 66.8256 66.8407
1860 66.8256 66.847
1861 66.8256 66.9697
1862 66.8256 66.8635
1863 66.8256 66.8738
1864 66.8256 66.8782
1865 66.8256 67.001
1866 66.8256 66.9171
1867 66.8256 66.8551
1868 66.8256 66.8524
1869 66.8256 66.8303
1870 66.8256 66.8941
1871 66.8256 66.9299
1872 66.8256 67.0332
1873 66.8256 66.9575
1874 66.8256 66.9828
1875 66.8256 66.9293
1876 66.8256 67.0834
1877 66.8256 67.0012
1878 66.8256 66.9182
1879 66.8256 66.8256
1880 66.8256 66.8778
1881 66.8256 66.8546
1882 66.8256 66.8256
1883 66.8256 66.8349
1884 66.8256 66.8427
1885 66.8256 66.8578
1886 66.8256 67.0322
1887 66.8256 66.9482
1888 66.8256 66.8817
1889 66.8256 66.9287
1890 66.8256 66.8308
1891 66.8256 66.888
1892 66.8256 66.8403
1893 66.8256 66.8539
1894 66.8256 66.8256
1895 66.8256 66.8256
1896 66.8256 66.8256
1897 66.8256 66.8256
1898 66.8256 66.8256
1899 66.8256 66.8497
1900 66.8256 66.9014
1901 66.8256 66.8256
1902 66.8256 66.8256
1903 66.8256 66.9567
1904 66.8256 66.8599
1905 66.8256 66.8572
1906 66.8256 67.0457
1907 66.8256 66.9727
1908 66.8256 66.852
1909 66.8256 66.8619
1910 66.8256 66.8496
1911 66.8256 66.8346
1912 66.8256 66.9099
1913 66.8256 66.8339
1914 66.8256 66.8663
1915 66.8256 66.9063
1916 66.8256 66.8492
1917 66.8256 66.9263
1918 66.8256 66.8932
1919 66.8256 66.8256
1920 66.8256 66.9257
1921 66.8256 67.1355
1922 66.8256 67.1884
1923 66.8256 66.8913
1924 66.8256 66.8309
1925 66.8256 66.8256
1926 66.8256 66.838
1927 66.8256 66.8414
1928 66.8256 66.8474
1929 66.8256 66.908
1930 66.8256 66.8317
1931 66.8256 66.9839
1932 66.8256 66.8809
1933 66.8256 66.8732
1934 66.8256 66.8876
1935 66.8256 66.8337
1936 66.8256 66.8256
1937 66.8256 66.8713
1938 66.8256 66.8431
1939 66.8256 67.0624
1940 66.8256 66.8984
1941 66.8256 66.8551
1942 66.8256 66.8603
1943 66.8256 66.877
1944 66.8256 66.8453
1945 66.8256 66.8329
1946 66.8256 66.8256
1947 66.8256 66.9313
1948 66.8256 66.9083
1949 66.8256 66.8779
1950 66.8256 66.9493
1951 66.8256 66.884
1952 66.8256 67.088
1953 66.8256 67.2134
1954 66.8256 66.8726
1955 66.8256 67.0778
1956 66.8256 66.8733
1957 66.8256 66.8256
1958 66.8256 66.8256
1959 66.8256 66.8256
1960 66.8256 67.1784
1961 66.8256 66.9852
1962 66.8256 67.0538
1963 66.8256 66.8886
1964 66.8256 66.8256
1965 66.8256 66.8508
1966 66.8256 66.8256
1967 66.8256 66.8256
1968 66.8256 66.8256
1969 66.8256 66.8256
1970 66.8256 66.8256
1971 66.8256 66.8256
1972 66.8256 66.8256
1973 66.8256 66.8256
1974 66.8256 66.9911
1975 66.8256 66.8669
1976 66.8256 66.8256
1977 66.8256 66.8274
1978 66.8256 67.1126
1979 66.8256 66.8256
1980 66.8256 66.8256
1981 66.8256 66.8298
1982 66.8256 66.8256
1983 66.8256 66.8568
1984 66.8256 66.8333
1985 66.8256 66.8382
1986 66.8256 66.8279
1987 66.8256 66.9257
1988 66.8256 66.8266
1989 66.8256 66.8703
1990 66.8256 66.8622
1991 66.8256 66.9264
1992 66.8256 66.9489
1993 66.8256 66.8363
1994 66.8256 66.8448
1995 66.8256 66.9083
1996 66.8256 66.8645
1997 66.8256 66.9759
1998 66.8256 66.9033
1999 66.8256 66.8256
2000 66.8256 66.8861
2001 66.8256 67.2054
2002 66.8256 66.9981
2003 66.8256 66.8256
2004 66.8256 66.9785
2005 66.8256 67.4696
2006 66.8256 66.9766
2007 66.8256 66.8811
2008 66.8256 66.9739
2009 66.8256 66.9388
2010 66.8256 67.1961
2011 66.8256 66.9761
2012 66.8256 66.9632
2013 66.8256 66.8652
2014 66.8256 66.9658
2015 66.8256 67.0062
2016 66.8256 66.9003
2017 66.8256 66.8306
2018 66.8256 66.8895
2019 66.8256 66.8891
2020 66.8256 66.8534
2021 66.8256 67.0115
2022 66.8256 66.8886
2023 66.8256 67.2598
2024 66.8256 67.1398
2025 66.8256 67.1802
2026 66.8256 66.8741
2027 66.8256 66.8425
2028 66.8256 66.8256
2029 66.8256 66.9295
2030 66.8256 66.914
2031 66.8256 66.9856
2032 66.8256 66.8654
2033 66.8256 66.8551
2034 66.8256 66.9989
2035 66.8256 66.8932
2036 66.8256 66.8985
2037 66.8256 66.8256
2038 66.8256 66.8364
2039 66.8256 66.8316
2040 66.8256 66.8256
2041 66.8256 66.8673
2042 66.8256 66.8256
2043 66.8256 66.8256
2044 66.8256 66.8608
2045 66.8256 66.9204
2046 66.8256 66.8475
2047 66.8256 66.9635
2048 66.8256 66.8256
2049 66.8256 66.8499
2050 66.8256 66.8406
2051 66.8256 66.8503
2052 66.8256 66.8314
2053 66.8256 67.061
2054 66.8256 67.0266
2055 66.8256 67.5956
2056 66.8256 67.3484
2057 66.8256 66.8256
2058 66.8256 66.8256
2059 66.8256 66.8497
2060 66.8256 66.9079
2061 66.8256 66.8566
2062 66.8256 66.8256
2063 66.8256 66.8256
2064 66.8256 66.8392
2065 66.8256 66.8284
2066 66.8256 66.9861
2067 66.8256 66.9085
2068 66.8256 66.8532
2069 66.8256 66.9915
2070 66.8256 66.8998
2071 66.8256 66.9643
2072 66.8256 66.8367
2073 66.8256 66.8256
2074 66.8256 66.9299
2075 66.8256 67.2254
2076 66.8256 66.9182
2077 66.8256 66.8695
2078 66.8256 66.9089
2079 66.8256 66.9406
2080 66.8256 66.8863
2081 66.8256 66.8256
2082 66.8256 66.9505
2083 66.8256 66.8325
2084 66.8256 66.8376
2085 66.8256 66.8617
2086 66.8256 66.9971
2087 66.8256 67.0836
2088 66.8256 67.1943
2089 66.8256 66.949
2090 66.8256 66.8363
2091 66.8256 66.8913
2092 66.8256 66.8364
2093 66.8256 66.8418
2094 66.8256 66.9789
2095 66.8256 66.8518
2096 66.8256 66.8407
2097 66.8256 66.8256
2098 66.8256 66.9364
2099 66.8256 66.8991
2100 66.6123 66.8275
2101 66.6123 66.7087
2102 66.6123 66.6435
2103 66.6123 66.6184
2104 66.6123 66.6229
2105 66.6123 66.7165
2106 66.6123 66.6123
2107 66.6123 66.6687
2108 66.6123 66.907
2109 66.6123 66.6172
2110 66.6123 66.6306
2111 66.6123 66.7536
2112 66.6123 66.6234
2113 66.6123 66.706
2114 66.6123 66.6656
2115 66.6123 66.8392
2116 66.6123 66.7287
2117 66.6123 66.6412
2118 66.6123 66.6365
2119 66.6123 66.6267
2120 66.6123 66.6867
2121 66.6123 66.724
2122 66.6123 66.9489
2123 66.6123 66.7533
2124 66.6123 66.6153
2125 66.6123 66.6123
2126 66.6123 66.6287
2127 66.6123 66.6343
2128 66.6123 66.6669
2129 66.6123 66.634
2130 66.6123 66.6805
2131 66.6123 66.6215
2132 66.6123 66.6158
2133 66.6123 66.6495
2134 66.6123 66.629
2135 66.6123 66.8676
2136 66.6123 66.7067
2137 66.6123 66.8716
2138 66.6123 66.6311
2139 66.6123 66.6935
2140 66.6123 66.6485
2141 66.6123 66.6333
2142 66.6123 66.6123
2143 66.6123 66.6123
2144 66.6123 66.6448
2145 66.6123 66.6148
2146 66.6123 66.6123
2147 66.6123 66.6184
2148 66.6123 66.7355
2149 66.6123 66.7587
2150 66.6123 66.6673
2151 66.6123 66.7002
2152 66.6123 66.6123
2153 66.6123 66.6123
2154 66.6123 66.6206
2155 66.6123 66.6123
2156 66.6123 66.6941
2157 66.6123 66.6209
2158 66.6123 66.6987
2159 66.6123 66.619
2160 66.6123 66.6223
2161 66.6123 66.6123
2162 66.6123 66.6123
2163 66.6123 66.7194
2164 66.6123 66.7137
2165 66.6123 66.7031
2166 66.6123 66.6143
2167 66.6123 66.6515
2168 66.6123 66.6932
2169 66.6123 66.6123
2170 66.6123 66.6269
2171 66.6123 66.7507
2172 66.6123 66.6945
2173 66.6123 66.7101
2174 66.6123 66.8606
2175 66.6123 66.6278
2176 66.6123 66.6458
2177 66.6123 66.6222
2178 66.6123 66.7227
2179 66.6123 66.648
2180 66.6123 66.7257
2181 66.6123 66.9919
2182 66.6123 66.794
2183 66.6123 66.6943
2184 66.6123 66.6123
2185 66.6123 66.645
2186 66.6123 66.6123
2187 66.6123 66.6123
2188 66.6123 66.7593
2189 66.6123 66.6505
2190 66.6123 66.622
2191 66.6123 66.8223
2192 66.6123 66.7668
2193 66.6123 67.1936
2194 66.6123 66.8527
2195 66.6123 66.6151
2196 66.6123 66.6123
2197 66.6123 66.6211
2198 66.6123 66.6751
2199 66.6123 66.6653
2200 66.6123 66.63
2201 66.6123 66.6513
2202 66.6123 66.6838
2203 66.6123 66.7716
2204 66.6123 66.627
2205 66.6123 66.6134
2206 66.6123 66.6542
2207 66.6123 66.6316
2208 66.6123 66.6123
2209 66.6123 66.6123
2210 66.6123 66.634
2211 66.6123 66.6123
2212 66.6123 66.6123
2213 66.6123 66.6123
2214 66.6123 66.6234
2215 66.6123 66.669
2216 66.6123 66.7154
2217 66.6123 66.6712
2218 66.6123 66.6399
2219 66.6123 66.6496
2220 66.6123 67.136
2221 66.6123 66.8184
2222 66.6123 66.6123
2223 66.6123 66.6872
2224 66.6123 66.6429
2225 66.6123 66.6123
2226 66.6123 66.7114
2227 66.6123 66.6468
2228 66.6123 66.7336
2229 66.6123 66.6748
2230 66.6123 66.7137
2231 66.6123 66.7153
2232 66.6123 66.6146
2233 66.6123 66.7119
2234 66.6123 66.6123
2235 66.6123 66.7545
2236 66.6123 66.6381
2237 66.6123 66.6123
2238 66.6123 66.6123
2239 66.6123 66.6123
2240 66.6123 66.6123
2241 66.6123 66.6123
2242 66.6123 66.6252
2243 66.6123 66.6141
2244 66.6123 66.6372
2245 66.6123 66.6421
2246 66.6123 66.6316
2247 66.6123 66.6178
2248 66.6123 66.6123
2249 66.6123 66.6727
2250 66.6123 66.6319
2251 66.6123 66.6466
2252 66.6123 66.6535
2253 66.6123 66.7023
2254 66.6123 66.6487
2255 66.6123 66.6208
2256 66.6123 66.6986
2257 66.6123 66.6308
2258 66.6123 66.6237
2259 66.6123 66.6123
2260 66.6123 66.6973
2261 66.6123 66.6521
2262 66.6123 66.6123
2263 66.6123 66.7014
2264 66.6123 66.7879
2265 66.6123 66.6726
2266 66.6123 66.7039
2267 66.6123 66.8753
2268 66.6123 66.6817
2269 66.6123 66.6188
2270 66.6123 66.7178
2271 66.6123 66.6157
2272 66.6123 66.6204
2273 66.6123 66.6273
2274 66.6123 66.7348
2275 66.6123 66.6123
2276 66.6123 66.6123
2277 66.6123 66.6244
2278 66.6123 66.7034
2279 66.6123 66.6253
2280 66.6123 66.6838
2281 66.6123 66.6152
2282 66.6123 66.6882
2283 66.6123 66.618
2284 66.6123 66.6476
2285 66.6123 66.9148
2286 66.6123 66.6796
2287 66.6123 66.6437
2288 66.6123 66.7558
2289 66.6123 66.6123
2290 66.6123 66.6666
2291 66.6123 66.7682
2292 66.6123 66.6123
2293 66.6123 66.6123
2294 66.6123 66.6222
2295 66.6123 66.6187
2296 66.6123 66.7617
2297 66.6123 66.8101
2298 66.6123 66.6403
2299 66.6123 66.6632
2300 66.6123 66.6123
2301 66.6123 66.6636
2302 66.6123 66.6415
2303 66.6123 66.6123
2304 66.6123 66.6132
2305 66.6123 66.6236
2306 66.6123 66.7202
2307 66.6123 66.8791
2308 66.6123 66.9867
2309 66.6123 67.0574
2310 66.6123 66.6398
2311 66.6123 66.7372
2312 66.6123 66.6875
2313 66.6123 66.7563
2314 66.6123 66.9575
2315 66.6123 66.6903
2316 66.6123 66.6123
2317 66.6123 66.6355
2318 66.6123 66.6257
2319 66.6123 66.6385
2320 66.6123 66.6666
2321 66.6123 66.6123
2322 66.6123 66.6195
2323 66.6123 66.6123
2324 66.6123 66.6123
2325 66.6123 66.6792
2326 66.6123 66.6867
2327 66.6123 66.7095
2328 66.6123 66.6534
2329 66.6123 66.8029
2330 66.6123 66.9377
2331 66.6123 66.7547
2332 66.6123 66.6123
2333 66.6123 66.7236
2334 66.6123 66.6855
2335 66.6123 66.6326
2336 66.6123 66.9096
2337 66.6123 66.8577
2338 66.6123 66.9032
2339 66.6123 67.3512
2340 66.6123 67.2028
2341 66.6123 66.7712
2342 66.6123 66.6434
2343 66.6123 66.7329
2344 66.6123 66.7884
2345 66.6123 66.6559
2346 66.6123 66.6312
2347 66.6123 66.6263
2348 66.6123 66.6123
2349 66.6123 66.6678
2350 66.6123 66.6123
2351 66.6123 66.7241
2352 66.6123 66.6346
2353 66.6123 66.6139
2354 66.6123 66.6123
2355 66.6123 66.6574
2356 66.6123 66.6452
2357 66.6123 66.7213
2358 66.6123 66.8439
2359 66.6123 67.0675
2360 66.6123 66.7331
2361 66.6123 67.0587
2362 66.6123 66.8466
2363 66.6123 66.8311
2364 66.6123 66.7769
2365 66.6123 66.6761
2366 66.6123 66.6123
2367 66.6123 66.85
2368 66.6123 66.6822
2369 66.6123 66.7187
2370 66.6123 66.6838
2371 66.6123 66.7549
2372 66.6123 66.6123
2373 66.6123 66.6375
2374 66.6123 66.7441
2375 66.6123 66.6123
2376 66.6123 66.6123
2377 66.6123 66.6123
2378 66.6123 66.6589
2379 66.6123 66.7558
2380 66.6123 66.6978
2381 66.6123 66.9
2382 66.6123 66.6723
2383 66.6123 66.6582
2384 66.6123 66.6428
2385 66.6123 66.6916
2386 66.6123 66.6851
2387 66.6123 66.6728
2388 66.6123 66.6202
2389 66.6123 66.6123
2390 66.6123 66.6123
2391 66.6123 66.6155
2392 66.6123 66.7239
2393 66.6123 66.6312
2394 66.6123 66.656
2395 66.6123 66.6281
2396 66.6123 66.8043
2397 66.6123 66.7438
2398 66.6123 66.6849
2399 66.6123 66.6313
2400 66.4952 66.7698
2401 66.4952 66.9224
2402 66.4952 66.8402
2403 66.4952 67.0176
2404 66.4952 66.7387
2405 66.4952 66.6243
2406 66.4952 66.5247
2407 66.4952 66.6292
2408 66.4952 66.6691
2409 66.4952 66.4981
2410 66.4952 66.4952
2411 66.4952 66.4952
2412 66.4952 66.4952
2413 66.4952 66.505
2414 66.4952 66.4958
2415 66.4952 66.6012
2416 66.4952 66.5912
2417 66.4952 66.7223
2418 66.4952 66.5016
2419 66.4952 66.764
2420 66.4952 66.4952
2421 66.4952 66.4952
2422 66.4952 66.4952
2423 66.4952 66.4952
2424 66.4952 66.5014
2425 66.4952 66.4952
2426 66.4952 66.5381
2427 66.4952 66.4952
2428 66.4952 66.4952
2429 66.4952 66.5269
2430 66.4952 66.6244
2431 66.4952 66.4952
2432 66.4952 66.613
2433 66.4952 66.5683
2434 66.4952 66.5442
2435 66.4952 67.0268
2436 66.4952 66.5809
2437 66.4952 66.4952
2438 66.4952 66.505
2439 66.4952 66.508
2440 66.4952 66.4952
2441 66.4952 66.4952
2442 66.4952 66.4952
2443 66.4952 66.4978
2444 66.4952 66.5131
2445 66.4952 66.5318
2446 66.4952 66.6
2447 66.4952 66.5866
2448 66.4952 66.559
2449 66.4952 66.6033
2450 66.4952 66.6869
2451 66.4952 66.5137
2452 66.4952 66.6409
2453 66.4952 66.5237
2454 66.4952 66.5807
2455 66.4952 66.4952
2456 66.4952 66.5428
2457 66.4952 66.5968
2458 66.4952 66.4952
2459 66.4952 66.4974
2460 66.4952 66.5025
2461 66.4952 66.4952
2462 66.4952 66.4952
2463 66.4952 66.4952
2464 66.4952 66.5199
2465 66.4952 66.533
2466 66.4952 66.585
2467 66.4952 66.6016
2468 66.4952 66.5753
2469 66.4952 66.7424
2470 66.4952 66.5088
2471 66.4952 66.4955
2472 66.4952 66.5347
2473 66.4952 66.5359
2474 66.4952 66.4952
2475 66.4952 66.6062
2476 66.4952 66.4952
2477 66.4952 66.4993
2478 66.4952 66.4952
2479 66.4952 66.5119
2480 66.4952 66.4976
2481 66.4952 66.5111
2482 66.4952 66.509
2483 66.4952 66.5092
2484 66.4952 66.6013
2485 66.4952 66.5899
2486 66.4952 66.5366
2487 66.4952 66.5706
2488 66.4952 66.5071
2489 66.4952 66.5594
2490 66.4952 66.5223
2491 66.4952 66.4952
2492 66.4952 66.4952
2493 66.4952 66.4952
2494 66.4952 66.4952
2495 66.4952 66.4952
2496 66.4952 66.6082
2497 66.4952 66.5263
2498 66.4952 66.4952
2499 66.4952 66.4952
2500 66.4952 66.4952
2501 66.4952 66.4952
2502 66.4952 66.5034
2503 66.4952 66.5186
2504 66.4952 66.5169
2505 66.4952 66.5572
2506 66.4952 66.6635
2507 66.4952 66.543
2508 66.4952 66.5606
2509 66.4952 66.5608
2510 66.4952 66.4952
2511 66.4952 66.4952
2512 66.4952 66.4952
2513 66.4952 66.4952
2514 66.4952 66.4952
2515 66.4952 66.4952
2516 66.4952 66.7494
2517 66.4952 66.5228
2518 66.4952 66.5195
2519 66.4952 66.5265
2520 66.4952 66.6528
2521 66.4952 66.4952
2522 66.4952 66.4952
2523 66.4952 66.5184
2524 66.4952 66.5945
2525 66.4952 66.7002
2526 66.4952 66.5017
2527 66.4952 66.5233
2528 66.4952 66.5603
2529 66.4952 66.4952
2530 66.4952 66.5392
2531 66.4952 66.5195
2532 66.4952 66.4952
2533 66.4952 66.4952
2534 66.4952 66.4952
2535 66.4952 66.4952
2536 66.4952 66.4952
2537 66.4952 66.5149
2538 66.4952 66.5025
2539 66.4952 66.5318
2540 66.4952 66.5273
2541 66.4952 66.5347
2542 66.4952 66.6266
2543 66.4952 66.5284
2544 66.4952 66.5132
2545 66.4952 66.576
2546 66.4952 66.5041
2547 66.4952 66.4952
2548 66.4952 66.5291
2549 66.4952 66.4952
2550 66.4952 66.4952
2551 66.4952 66.4952
2552 66.4952 66.4952
2553 66.4952 66.5019
2554 66.4952 66.5213
2555 66.4952 66.6307
2556 66.4952 66.6297
2557 66.4952 66.6742
2558 66.4952 66.5516
2559 66.4952 66.5253
2560 66.4952 66.5466
2561 66.4952 66.5212
2562 66.4952 66.4981
2563 66.4952 66.6174
2564 66.4952 66.5985
2565 66.4952 66.5624
2566 66.4952 66.6641
2567 66.4952 66.5071
2568 66.4952 66.5407
2569 66.4952 66.6529
2570 66.4952 66.5342
2571 66.4952 66.5468
2572 66.4952 66.5214
2573 66.4952 66.5267
2574 66.4952 66.4952
2575 66.4952 66.5087
2576 66.4952 66.635
2577 66.4952 66.4952
2578 66.4952 66.8153
2579 66.4952 66.5926
2580 66.4952 66.4952
2581 66.4952 66.4952
2582 66.4952 66.4952
2583 66.4952 66.4952
2584 66.4952 66.4965
2585 66.4952 66.4952
2586 66.4952 66.5342
2587 66.4952 66.4952
2588 66.4952 66.5245
2589 66.4952 66.6558
2590 66.4952 66.6481
2591 66.4952 66.5917
2592 66.4952 66.5649
2593 66.4952 66.5824
2594 66.4952 66.4952
2595 66.4952 66.4952
2596 66.4952 66.4952
2597 66.4952 66.4952
2598 66.4952 66.4952
2599 66.4952 66.4952
2600 66.4952 66.4952
2601 66.4952 66.4952
2602 66.4952 66.5063
2603 66.4952 66.4952
2604 66.4952 66.55
2605 66.4952 66.5167
2606 66.4952 66.4986
2607 66.4952 66.4972
2608 66.4952 66.5897
2609 66.4952 66.5898
2610 66.4952 66.8786
2611 66.4952 66.5782
2612 66.4952 66.4952
2613 66.4952 66.5598
2614 66.4952 66.5006
2615 66.4952 66.6078
2616 66.4952 66.5216
2617 66.4952 66.5561
2618 66.4952 66.6149
2619 66.4952 66.5704
2620 66.4952 66.6026
2621 66.4952 66.4952
2622 66.4952 66.4952
2623 66.4952 66.5195
2624 66.4952 66.5027
2625 66.4952 66.5018
2626 66.4952 66.4952
2627 66.4952 66.4952
2628 66.4952 66.4952
2629 66.4952 66.5043
2630 66.4952 66.5107
2631 66.4952 66.4968
2632 66.4952 66.5541
2633 66.4952 66.7445
2634 66.4952 66.8001
2635 66.4952 66.5632
2636 66.4952 66.6023
2637 66.4952 66.8924
2638 66.4952 66.894
2639 66.4952 66.6181
2640 66.4952 66.5966
2641 66.4952 66.656
2642 66.4952 66.5428
2643 66.4952 66.6102
2644 66.4952 66.6561
2645 66.4952 66.6087
2646 66.4952 66.5989
2647 66.4952 66.5548
2648 66.4952 66.8076
2649 66.4952 66.6061
2650 66.4952 66.5184
2651 66.4952 66.5159
2652 66.4952 66.6311
2653 66.4952 66.5548
2654 66.4952 66.5109
2655 66.4952 66.5175
2656 66.4952 66.6559
2657 66.4952 66.5034
2658 66.4952 66.5694
2659 66.4952 66.5344
2660 66.4952 66.6649
2661 66.4952 66.5178
2662 66.4952 66.5246
2663 66.4952 66.5482
2664 66.4952 66.5051
2665 66.4952 66.9231
2666 66.4952 66.7215
2667 66.4952 66.618
2668 66.4952 66.5081
2669 66.4952 66.5427
2670 66.4952 66.6087
2671 66.4952 66.5001
2672 66.4952 66.5541
2673 66.4952 66.5425
2674 66.4952 66.497
2675 66.4952 66.6091
2676 66.4952 66.7076
2677 66.4952 66.5148
2678 66.4952 66.7032
2679 66.4952 66.5058
2680 66.4952 66.5186
2681 66.4952 66.5081
2682 66.4952 66.5962
2683 66.4952 66.4952
2684 66.4952 66.5014
2685 66.4952 66.4952
2686 66.4952 66.5697
2687 66.4952 66.6044
2688 66.4952 66.6
2689 66.4952 66.6507
2690 66.4952 66.5937
2691 66.4952 66.6037
2692 66.4952 66.5465
2693 66.4952 66.5214
2694 66.4952 66.6346
2695 66.4952 66.5559
2696 66.4952 66.5277
2697 66.4952 66.5161
2698 66.4952 66.6217
2699 66.4952 66.4952
2700 66.4952 66.5015
2701 66.4952 66.5343
2702 66.4952 66.5058
2703 66.4952 66.5885
2704 66.4952 66.5593
2705 66.4952 66.7174
2706 66.4952 66.5285
2707 66.4952 66.5855
2708 66.4952 66.594
2709 66.4952 66.4952
2710 66.4952 66.5861
2711 66.4952 66.5823
2712 66.4952 66.546
2713 66.4952 66.5413
2714 66.4952 66.551
2715 66.4952 66.681
2716 66.4952 66.5846
2717 66.4952 66.4952
2718 66.4952 66.5212
2719 66.4952 66.5084
2720 66.4952 66.6728
2721 66.4952 66.5735
2722 66.4952 66.5123
2723 66.4952 66.614
2724 66.4952 66.4952
2725 66.4952 66.5065
2726 66.4952 66.5168
2727 66.4952 66.5242
2728 66.4952 66.5134
2729 66.4952 66.5099
2730 66.4952 66.4952
2731 66.4952 66.4952
2732 66.4952 66.5552
2733 66.4952 66.6959
2734 66.4952 66.546
2735 66.4952 66.5214
2736 66.4952 66.4952
2737 66.4952 66.4956
2738 66.4952 66.5645
2739 66.4952 66.5605
2740 66.4952 66.6433
2741 66.4952 66.7003
2742 66.4952 66.5047
2743 66.4952 66.5079
2744 66.4952 66.7642
2745 66.4952 66.6016
2746 66.4952 66.6248
2747 66.4952 66.8254
2748 66.4952 66.6651
2749 66.4952 66.5005
2750 66.4952 66.554
2751 66.4952 66.7837
2752 66.4952 66.5644
2753 66.4952 66.6222
2754 66.4952 66.4952
2755 66.4952 66.5933
2756 66.4952 66.6053
2757 66.4952 66.5487
2758 66.4952 66.8765
2759 66.4952 66.5684
2760 66.4952 66.5203
2761 66.4952 66.5132
2762 66.4952 66.5106
2763 66.4952 66.5403
2764 66.4952 66.4952
2765 66.4952 66.5046
2766 66.4952 66.5517
2767 66.4952 66.4952
2768 66.4952 66.4952
2769 66.4952 66.5009
2770 66.4952 66.6915
2771 66.4952 66.8012
2772 66.4952 66.4952
2773 66.4952 66.4952
2774 66.4952 66.4952
2775 66.4952 66.4952
2776 66.4952 66.5073
2777 66.4952 66.5068
2778 66.4952 66.6241
2779 66.4952 66.5686
2780 66.4952 66.4955
2781 66.4952 66.4955
2782 66.4952 66.4952
2783 66.4952 66.4952
2784 66.4952 66.4952
2785 66.4952 66.4952
2786 66.4952 66.4967
2787 66.4952 66.5028
2788 66.4952 66.5138
2789 66.4952 66.5068
2790 66.4952 66.5475
2791 66.4952 66.5724
2792 66.4952 66.5099
2793 66.4952 66.4952
2794 66.4952 66.5158
2795 66.4952 66.567
2796 66.4952 66.859
2797 66.4952 66.4952
2798 66.4952 66.5031
2799 66.4952 66.4952
2800 66.4952 66.4952
2801 66.4952 66.4952
2802 66.4952 66.5635
2803 66.4952 66.4952
2804 66.4952 66.5173
2805 66.4952 66.6947
2806 66.4952 66.5065
2807 66.4952 66.6019
2808 66.4952 66.5457
2809 66.4952 66.6453
2810 66.4952 66.5661
2811 66.4952 66.538
2812 66.4952 66.5667
2813 66.4952 66.5914
2814 66.4952 66.5138
2815 66.4952 66.5111
2816 66.4952 66.4952
2817 66.4952 66.4952
2818 66.4952 66.4952
2819 66.4952 66.4952
2820 66.4952 66.4966
2821 66.4952 66.5144
2822 66.4952 66.5066
2823 66.4952 66.5084
2824 66.4952 66.4958
2825 66.4952 66.4952
2826 66.4952 66.4952
2827 66.4952 66.4952
2828 66.4952 66.5084
2829 66.4952 66.5283
2830 66.4952 66.5168
2831 66.4952 66.4952
2832 66.4952 66.4952
2833 66.4952 66.4952
2834 66.4952 66.4952
2835 66.4952 66.5366
2836 66.4952 66.6681
2837 66.4952 66.5922
2838 66.4952 66.4952
2839 66.4952 66.4952
2840 66.4952 66.5298
2841 66.4952 66.4952
2842 66.4952 66.4952
2843 66.4952 66.5733
2844 66.4952 66.5446
2845 66.4952 66.5662
2846 66.4952 66.6894
2847 66.4952 66.6195
2848 66.4952 66.5459
2849 66.4952 66.511
2850 65.9145 66.6086
2851 65.9145 66.8136
2852 65.9145 66.5855
2853 65.9145 66.5423
2854 65.9145 65.9309
2855 65.9145 66.0388
2856 65.9145 65.9309
2857 65.9145 65.9145
2858 65.9145 65.9145
2859 65.9145 65.9145
2860 65.9145 66.002
2861 65.9145 65.9845
2862 65.9145 65.947
2863 65.9145 66.0277
2864 65.9145 66.044
2865 65.9145 66.1015
2866 65.9145 66.0038
2867 65.9145 65.9262
2868 65.9145 65.9204
2869 65.9145 65.9145
2870 65.9145 65.9145
2871 65.9145 65.9145
2872 65.9145 65.9145
2873 65.9145 65.9153
2874 65.9145 66.0101
2875 65.9145 65.9145
2876 65.9145 65.9145
2877 65.9145 65.9416
2878 65.9145 65.9693
2879 65.9145 66.0024
2880 65.9145 65.9626
2881 65.9145 65.9495
2882 65.9145 65.9314
2883 65.9145 65.9634
2884 65.9145 65.931
2885 65.9145 65.9392
2886 65.9145 65.9343
2887 65.9145 65.9145
2888 65.9145 65.9145
2889 65.9145 65.9145
2890 65.9145 65.9145
2891 65.9145 65.9145
2892 65.9145 65.9145
2893 65.9145 66.0984
2894 65.9145 65.9149
2895 65.9145 65.9274
2896 65.9145 65.9617
2897 65.9145 66.0243
2898 65.9145 65.9145
2899 65.9145 65.9292
2900 65.9145 65.9145
2901 65.9145 65.9145
2902 65.9145 65.9145
2903 65.9145 65.9145
2904 65.9145 65.9145
2905 65.9145 66.0156
2906 65.9145 66.033
2907 65.9145 66.0016
2908 65.9145 66.0132
2909 65.9145 66.0502
2910 65.9145 65.9336
2911 65.9145 65.9155
2912 65.9145 65.9311
2913 65.9145 65.9234
2914 65.9145 65.9145
2915 65.9145 66.1026
2916 65.9145 65.971
2917 65.9145 65.9357
2918 65.9145 65.9145
2919 65.9145 65.9145
2920 65.9145 65.9145
2921 65.9145 65.9145
2922 65.9145 65.9329
2923 65.9145 65.9886
2924 65.9145 65.986
2925 65.9145 65.9273
2926 65.9145 65.9145
2927 65.9145 66.084
2928 65.9145 65.9151
2929 65.9145 65.9978
2930 65.9145 66.0962
2931 65.9145 65.9373
2932 65.9145 66.0039
2933 65.9145 66.1597
2934 65.9145 66.3602
2935 65.9145 66.2275
2936 65.9145 66.0111
2937 65.9145 66.1207
2938 65.9145 66.0063
2939 65.9145 65.9581
2940 65.9145 65.9437
2941 65.9145 65.937
2942 65.9145 65.9978
2943 65.9145 66.1235
2944 65.9145 65.9337
2945 65.9145 66.0965
2946 65.9145 65.9499
2947 65.9145 66.0243
2948 65.9145 65.9331
2949 65.9145 65.9434
2950 65.9145 66.0453
2951 65.9145 65.9145
2952 65.9145 65.9156
2953 65.9145 65.9849
2954 65.9145 65.9641
2955 65.9145 66.0517
2956 65.9145 65.9925
2957 65.9145 65.9145
2958 65.9145 65.9827
2959 65.9145 65.918
2960 65.9145 65.9887
2961 65.9145 65.9315
2962 65.9145 65.9973
2963 65.9145 65.9239
2964 65.9145 65.9458
2965 65.9145 65.9145
2966 65.9145 65.9934
2967 65.9145 65.9179
2968 65.9145 66.0531
2969 65.9145 66.011
2970 65.9145 66.0724
2971 65.9145 65.9145
2972 65.9145 65.9145
2973 65.9145 65.9145
2974 65.9145 65.9882
2975 65.9145 65.9145
2976 65.9145 65.9591
2977 65.9145 65.9845
2978 65.9145 65.9145
2979 65.9145 65.9253
2980 65.9145 65.9145
2981 65.9145 66.0365
2982 65.9145 66.2798
2983 65.9145 66.2308
2984 65.9145 65.9704
2985 65.9145 65.9145
2986 65.9145 65.9199
2987 65.9145 66.0262
2988 65.9145 65.9145
2989 65.9145 65.9145
2990 65.9145 65.9859
2991 65.9145 66.0709
2992 65.9145 65.9145
2993 65.9145 65.9247
2994 65.9145 65.9145
2995 65.9145 65.9145
2996 65.9145 66.1156
2997 65.9145 65.952
2998 65.9145 66.111
2999 65.9145 65.9244
3000 65.9145 66.0059
3001 65.9145 66.0163
3002 65.9145 65.9498
3003 65.9145 66.1286
3004 65.9145 65.9145
3005 65.9145 65.9145
3006 65.9145 65.9145
3007 65.9145 65.9179
3008 65.9145 65.9145
3009 65.9145 65.9275
3010 65.9145 65.9176
3011 65.9145 66.023
3012 65.9145 65.9261
3013 65.9145 66.1265
3014 65.9145 66.0471
3015 65.9145 65.9268
3016 65.9145 66.1723
3017 65.9145 66.0234
3018 65.9145 65.9241
3019 65.9145 66.0477
3020 65.9145 65.968
3021 65.9145 66.0035
3022 65.9145 66.0752
3023 65.9145 65.9391
3024 65.9145 66.2494
3025 65.9145 66.3561
3026 65.9145 66.1564
3027 65.9145 65.9186
3028 65.9145 66.1685
3029 65.9145 66.0748
3030 65.9145 65.9156
3031 65.9145 65.9883
3032 65.9145 65.9697
3033 65.9145 66.0704
3034 65.9145 65.9395
3035 65.9145 65.9145
3036 65.9145 65.9853
3037 65.9145 66.0621
3038 65.9145 65.9407
3039 65.9145 65.9145
3040 65.9145 65.9145
3041 65.9145 65.9293
3042 65.9145 65.9499
3043 65.9145 65.9688
3044 65.9145 65.9383
3045 65.9145 65.9844
3046 65.9145 66.0276
3047 65.9145 65.9255
3048 65.9145 65.9651
3049 65.9145 65.965
3050 65.9145 65.9646
3051 65.9145 65.9145
3052 65.9145 65.9145
3053 65.9145 65.9731
3054 65.9145 65.9198
3055 65.9145 66.0823
3056 65.9145 65.9287
3057 65.9145 65.9145
3058 65.9145 65.9232
3059 65.9145 65.9145
3060 65.9145 65.9145
3061 65.9145 65.9145
3062 65.9145 65.9145
3063 65.9145 65.9145
3064 65.9145 65.9145
3065 65.9145 66.0187
3066 65.9145 66.0207
3067 65.9145 66.0386
3068 65.9145 65.9715
3069 65.9145 65.9145
3070 65.9145 65.9224
3071 65.9145 65.9248
3072 65.9145 65.9591
3073 65.9145 66.0329
3074 65.9145 65.9429
3075 65.9145 65.9145
3076 65.9145 65.9429
3077 65.9145 65.939
3078 65.9145 66.1426
3079 65.9145 65.9776
3080 65.9145 65.9216
3081 65.9145 65.9269
3082 65.9145 66.0411
3083 65.9145 65.9471
3084 65.9145 66.0675
3085 65.9145 65.9795
3086 65.9145 66.1045
3087 65.9145 65.951
3088 65.9145 66.0704
3089 65.9145 65.9556
3090 65.9145 66.0849
3091 65.9145 65.9145
3092 65.9145 65.9145
3093 65.9145 65.9206
3094 65.9145 65.9901
3095 65.9145 66.055
3096 65.9145 65.9151
3097 65.9145 65.9894
3098 65.9145 65.9225
3099 65.9145 65.9207
3100 65.9145 66.0917
3101 65.9145 66.1635
3102 65.9145 65.9224
3103 65.9145 65.9527
3104 65.9145 65.923
3105 65.9145 66.0262
3106 65.9145 65.9492
3107 65.9145 66.2579
3108 65.9145 65.9741
3109 65.9145 66.1566
3110 65.9145 65.9716
3111 65.9145 65.9964
3112 65.9145 66.1009
3113 65.9145 66.2274
3114 65.9145 66.227
3115 65.9145 66.3236
3116 65.9145 66.1856
3117 65.9145 66.0993
3118 65.9145 66.0375
3119 65.9145 65.9586
3120 65.9145 66.0884
3121 65.9145 65.9359
3122 65.9145 66.1128
3123 65.9145 65.9888
3124 65.9145 66.1763
3125 65.9145 65.9192
3126 65.9145 65.9223
3127 65.9145 65.9518
3128 65.9145 65.9316
3129 65.9145 65.9471
3130 65.9145 65.9645
3131 65.9145 65.9826
3132 65.9145 66.0393
3133 65.9145 66.2402
3134 65.9145 66.0583
3135 65.9145 66.3365
3136 65.9145 66.2085
3137 65.9145 66.2451
3138 65.9145 65.9539
3139 65.9145 65.9692
3140 65.9145 66.1129
3141 65.9145 66.1408
3142 65.9145 66.096
3143 65.9145 66.0094
3144 65.9145 65.9949
3145 65.9145 65.9445
3146 65.9145 66.0105
3147 65.9145 66.0628
3148 65.9145 66.0102
3149 65.9145 65.957
3150 65.9145 65.9145
3151 65.9145 65.9864
3152 65.9145 66.0669
3153 65.9145 65.9386
3154 65.9145 66.1039
3155 65.9145 65.9229
3156 65.9145 65.9408
3157 65.9145 65.9766
3158 65.9145 65.9404
3159 65.9145 65.9145
3160 65.9145 65.9145
3161 65.9145 65.9443
3162 65.9145 65.9745
3163 65.9145 66.1424
3164 65.9145 65.9348
3165 65.9145 65.947
3166 65.9145 65.9519
3167 65.9145 65.9145
3168 65.9145 65.9162
3169 65.9145 65.9156
3170 65.9145 65.9145
3171 65.9145 65.9145
3172 65.9145 65.9145
3173 65.9145 65.9336
3174 65.9145 65.9145
3175 65.9145 65.9145
3176 65.9145 66.0364
3177 65.9145 65.9309
3178 65.9145 66.0442
3179 65.9145 66.0299
3180 65.9145 65.9728
3181 65.9145 66.0101
3182 65.9145 66.1323
3183 65.9145 66.1921
3184 65.9145 65.9854
3185 65.9145 65.9227
3186 65.9145 65.972
3187 65.9145 66.019
3188 65.9145 65.9624
3189 65.9145 65.9637
3190 65.9145 65.9167
3191 65.9145 65.9172
3192 65.9145 66.0552
3193 65.9145 65.9171
3194 65.9145 65.9145
3195 65.9145 65.9355
3196 65.9145 65.9963
3197 65.9145 66.1165
3198 65.9145 66.0961
3199 65.9145 66.1022
3200 65.9145 66.2246
3201 65.9145 66.0898
3202 65.9145 66.0238
3203 65.9145 65.9883
3204 65.9145 66.0267
3205 65.9145 66.0446
3206 65.9145 66.0144
3207 65.9145 65.9175
3208 65.9145 65.9145
3209 65.9145 65.9145
3210 65.9145 65.9145
3211 65.9145 65.972
3212 65.9145 66.0046
3213 65.9145 66.2985
3214 65.9145 65.9145
3215 65.9145 65.9792
3216 65.9145 66.0792
3217 65.9145 66.0909
3218 65.9145 66.0127
3219 65.9145 65.9877
3220 65.9145 66.0914
3221 65.9145 66.0317
3222 65.9145 66.4896
3223 65.9145 66.0515
3224 65.9145 66.0689
3225 65.9145 65.9406
3226 65.9145 65.9145
3227 65.9145 65.9782
3228 65.9145 66.0524
3229 65.9145 66.1847
3230 65.9145 66.149
3231 65.9145 65.9145
3232 65.9145 65.9943
3233 65.9145 66.027
3234 65.9145 66.1801
3235 65.9145 65.9145
3236 65.9145 66.0044
3237 65.9145 65.9693
3238 65.9145 66.1673
3239 65.9145 66.0174
3240 65.9145 65.9579
3241 65.9145 65.9549
3242 65.9145 66.047
3243 65.9145 66.0484
3244 65.9145 66.1825
3245 65.9145 66.1696
3246 65.9145 65.9356
3247 65.9145 65.9925
3248 65.9145 66.278
3249 65.9145 66.1427
3250 65.9145 66.2212
3251 65.9145 66.0433
3252 65.9145 65.9581
3253 65.9145 66.0764
3254 65.9145 66.1443
3255 65.9145 66.4129
3256 65.9145 66.0182
3257 65.9145 65.9748
3258 65.9145 65.9145
3259 65.9145 65.9145
3260 65.9145 65.9145
3261 65.9145 65.9152
3262 65.9145 65.9145
3263 65.9145 65.9187
3264 65.9145 65.9145
3265 65.9145 65.9145
3266 65.9145 65.9286
3267 65.9145 65.9145
3268 65.9145 65.9862
3269 65.9145 65.9422
3270 65.9145 65.9206
3271 65.9145 65.9149
3272 65.9145 65.9145
3273 65.9145 65.9565
3274 65.9145 65.9145
3275 65.9145 65.9572
3276 65.9145 66.0422
3277 65.9145 65.9199
3278 65.9145 65.961
3279 65.9145 65.9514
3280 65.9145 65.9145
3281 65.9145 65.9593
3282 65.9145 65.9285
3283 65.9145 65.9681
3284 65.9145 65.949
3285 65.9145 66.0238
3286 65.9145 65.9445
3287 65.9145 66.0115
3288 65.9145 65.9501
3289 65.9145 65.9214
3290 65.9145 66.1621
3291 65.9145 65.9502
3292 65.9145 65.93
3293 65.9145 65.9145
3294 65.9145 65.9145
3295 65.9145 65.9145
3296 65.9145 65.9293
3297 65.9145 65.9249
3298 65.9145 65.9629
3299 65.9145 66.0039
3300 65.9145 65.9629
3301 65.9145 65.9145
3302 65.9145 65.9571
3303 65.9145 66.0478
3304 65.9145 66.0346
3305 65.9145 65.9145
3306 65.9145 65.9831
3307 65.9145 65.9252
3308 65.9145 65.9167
3309 65.9145 65.9145
3310 65.9145 65.9859
3311 65.9145 65.969
3312 65.9145 65.9426
3313 65.9145 66.0779
3314 65.9145 66.0848
3315 65.9145 66.0014
3316 65.9145 66.055
3317 65.9145 65.9326
3318 65.9145 65.9145
3319 65.9145 65.9145
3320 65.9145 65.9405
3321 65.9145 66.1299
3322 65.9145 65.9145
3323 65.9145 65.9145
3324 65.9145 65.9145
3325 65.9145 65.9279
3326 65.9145 65.9172
3327 65.9145 65.9145
3328 65.9145 65.9145
3329 65.9145 65.9709
3330 65.9145 65.9988
3331 65.9145 65.9978
3332 65.9145 66.0935
3333 65.9145 66.1766
3334 65.9145 66.25
3335 65.9145 66.1328
3336 65.9145 65.9899
3337 65.9145 65.9378
3338 65.9145 65.942
3339 65.9145 65.957
3340 65.9145 66.0026
3341 65.9145 66.0774
3342 65.9145 66.0843
3343 65.9145 65.9795
3344 65.9145 65.9688
3345 65.9145 65.9145
3346 65.9145 66.0623
3347 65.9145 65.9764
3348 65.9145 66.0006
3349 65.9145 65.9916
3350 65.9145 65.935
3351 65.9145 65.9251
3352 65.9145 66.0185
3353 65.9145 66.0596
3354 65.9145 66.3299
3355 65.9145 66.0604
3356 65.9145 66.2931
3357 65.9145 65.9715
3358 65.9145 66.0006
3359 65.9145 65.9572
3360 65.9145 65.9607
3361 65.9145 65.9358
3362 65.9145 66
3363 65.9145 65.9501
3364 65.9145 65.9489
3365 65.9145 66.014
3366 65.9145 65.9893
3367 65.9145 65.9278
3368 65.9145 66.0146
3369 65.9145 66.0089
3370 65.9145 65.9767
3371 65.9145 65.9553
3372 65.9145 65.9163
3373 65.9145 65.9398
3374 65.9145 66.01
3375 65.9145 66.0278
3376 65.9145 65.9417
3377 65.9145 65.9541
3378 65.9145 66.0602
3379 65.9145 66.0467
3380 65.9145 66.01
3381 65.9145 65.9514
3382 65.9145 65.9733
3383 65.9145 66.0573
3384 65.9145 65.9522
3385 65.9145 65.9174
3386 65.9145 65.9652
3387 65.9145 66.0359
3388 65.9145 66.2839
3389 65.9145 66.0791
3390 65.9145 66.0531
3391 65.9145 65.9491
3392 65.9145 65.9145
3393 65.9145 65.9145
3394 65.9145 65.9439
3395 65.9145 65.9674
3396 65.9145 65.9145
3397 65.9145 65.932
3398 65.9145 65.9145
3399 65.9145 65.9663
3400 65.9145 65.9227
3401 65.9145 65.9145
3402 65.9145 65.9145
3403 65.9145 65.9758
3404 65.9145 65.9456
3405 65.9145 65.9225
3406 65.9145 65.9145
3407 65.9145 65.9145
3408 65.9145 65.9145
3409 65.9145 65.9433
3410 65.9145 65.9145
3411 65.9145 65.9309
3412 65.9145 65.9154
3413 65.9145 65.9216
3414 65.9145 65.9406
3415 65.9145 66.0471
3416 65.9145 65.9392
3417 65.9145 65.927
3418 65.9145 65.9588
3419 65.9145 65.9645
3420 65.9145 65.9523
3421 65.9145 65.9145
3422 65.9145 65.928
3423 65.9145 65.9823
3424 65.9145 65.9145
3425 65.9145 65.9147
3426 65.9145 65.9443
3427 65.9145 65.9425
3428 65.9145 65.9908
3429 65.9145 66.0694
3430 65.9145 66.2519
3431 65.9145 66.0281
3432 65.9145 65.9705
3433 65.9145 66.0033
3434 65.9145 66.0031
3435 65.9145 65.9145
3436 65.9145 66.0897
3437 65.9145 65.9996
3438 65.9145 65.9145
3439 65.9145 65.9556
3440 65.9145 65.9509
3441 65.9145 65.9578
3442 65.9145 65.9145
3443 65.9145 65.9235
3444 65.9145 65.9259
3445 65.9145 65.9405
3446 65.9145 65.9949
3447 65.9145 65.9145
3448 65.9145 66.0137
3449 65.9145 65.9153
3450 65.9145 66.0184
3451 65.9145 65.9909
3452 65.9145 66.0039
3453 65.9145 65.9248
3454 65.9145 65.9749
3455 65.9145 65.9145
3456 65.9145 65.923
3457 65.9145 66.0659
3458 65.9145 65.9209
3459 65.9145 65.9145
3460 65.9145 65.9145
3461 65.9145 65.987
3462 65.9145 65.9567
3463 65.9145 65.9145
3464 65.9145 66.0291
3465 65.9145 66.2717
3466 65.9145 66.0827
3467 65.9145 65.998
3468 65.9145 66.2112
3469 65.9145 66.0264
3470 65.9145 65.9183
3471 65.9145 65.9145
3472 65.9145 65.9378
3473 65.9145 65.9145
3474 65.9145 65.9145
3475 65.9145 65.9145
3476 65.9145 65.9275
3477 65.9145 65.9202
3478 65.9145 65.9145
3479 65.9145 65.9145
3480 65.9145 65.9145
3481 65.9145 65.9265
3482 65.9145 66.0032
3483 65.9145 66.0887
3484 65.9145 65.9692
3485 65.9145 65.9962
3486 65.9145 65.9404
3487 65.9145 65.9146
3488 65.9145 65.9145
3489 65.9145 65.9145
3490 65.9145 66.0359
3491 65.9145 66.128
3492 65.9145 65.9486
3493 65.9145 65.9145
3494 65.9145 65.917
3495 65.9145 65.9745
3496 65.9145 65.9145
3497 65.9145 66.0532
3498 65.9145 65.9472
3499 65.9145 66.1112
3500 65.9145 66.0227
3501 65.9145 65.9145
3502 65.9145 65.9145
3503 65.9145 65.9145
3504 65.9145 65.9145
3505 65.9145 65.9397
3506 65.9145 65.934
3507 65.9145 65.9145
3508 65.9145 65.9145
3509 65.9145 65.9627
3510 65.9145 66.037
3511 65.9145 66.1872
3512 65.9145 66.0092
3513 65.9145 65.9983
3514 65.9145 66.004
3515 65.9145 66.1226
3516 65.9145 65.9643
3517 65.9145 65.9385
3518 65.9145 65.9145
3519 65.9145 65.9465
3520 65.9145 66.1778
3521 65.9145 66.0071
3522 65.9145 65.9198
3523 65.9145 65.9169
3524 65.9145 65.9145
3525 65.9145 65.9467
3526 65.9145 65.935
3527 65.9145 66.0868
3528 65.9145 66.0272
3529 65.9145 65.9145
3530 65.9145 65.9416
3531 65.9145 65.9489
3532 65.9145 65.9145
3533 65.9145 65.9155
3534 65.9145 65.922
3535 65.9145 65.9848
3536 65.9145 66.0264
3537 65.9145 65.9712
3538 65.9145 65.9542
3539 65.9145 65.9246
3540 65.9145 66.1252
3541 65.9145 66.1944
3542 65.9145 66.0444
3543 65.9145 65.9447
3544 65.9145 65.9207
3545 65.9145 65.9553
3546 65.9145 66.0318
3547 65.9145 65.9145
3548 65.9145 65.9215
3549 65.9145 65.9779
3550 65.9145 66.0075
3551 65.9145 66.0345
3552 65.9145 65.9661
3553 65.9145 65.9439
3554 65.9145 66.0433
3555 65.9145 66.1691
3556 65.9145 66.0052
3557 65.9145 66.0288
3558 65.9145 65.9145
3559 65.9145 65.9996
3560 65.9145 65.9145
3561 65.9145 65.9701
3562 65.9145 65.9308
3563 65.9145 65.9385
3564 65.9145 65.9743
3565 65.9145 66.0252
3566 65.9145 65.9243
3567 65.9145 65.9182
3568 65.9145 65.944
3569 65.9145 65.921
3570 65.9145 65.9145
3571 65.9145 66.227
3572 65.9145 65.9265
3573 65.9145 65.9308
3574 65.9145 65.9511
3575 65.9145 65.9571
3576 65.9145 65.9673
3577 65.9145 65.9145
3578 65.9145 65.9145
3579 65.9145 65.9145
3580 65.9145 65.9194
3581 65.9145 65.9228
3582 65.9145 65.9145
3583 65.9145 65.9272
3584 65.9145 65.9145
3585 65.9145 65.9254
3586 65.9145 65.9145
3587 65.9145 65.9145
3588 65.9145 65.9176
3589 65.9145 65.9145
3590 65.9145 65.9327
3591 65.9145 66.0268
3592 65.9145 66.2179
3593 65.9145 65.9256
3594 65.9145 65.9145
3595 65.9145 65.9996
3596 65.9145 65.9848
3597 65.9145 65.9457
3598 65.9145 65.9155
3599 65.9145 65.965
3600 65.9145 65.9221
3601 65.9145 65.9538
3602 65.9145 65.928
3603 65.9145 65.9406
3604 65.9145 65.9274
3605 65.9145 65.9262
3606 65.9145 65.9464
3607 65.9145 66.0742
3608 65.9145 65.9407
3609 65.9145 65.9164
3610 65.9145 65.9177
3611 65.9145 65.9419
3612 65.9145 65.9692
3613 65.9145 65.9581
3614 65.9145 65.9511
3615 65.9145 65.9166
3616 65.9145 65.9257
3617 65.9145 66.0315
3618 65.9145 66.0221
3619 65.9145 66.4898
3620 65.9145 65.9301
3621 65.9145 65.9938
3622 65.9145 65.9829
3623 65.9145 65.9145
3624 65.9145 66.0588
3625 65.9145 65.9933
3626 65.9145 65.9463
3627 65.9145 66.1633
3628 65.9145 65.9185
3629 65.9145 65.9145
3630 65.9145 66.0276
3631 65.9145 66.0325
3632 65.9145 65.9606
3633 65.9145 65.9337
3634 65.9145 65.962
3635 65.9145 66.0065
3636 65.9145 65.9145
3637 65.9145 65.9145
3638 65.9145 65.9191
3639 65.9145 65.9177
3640 65.9145 65.9981
3641 65.9145 65.9145
3642 65.9145 65.9289
3643 65.9145 65.9145
3644 65.9145 65.9627
3645 65.9145 65.9802
3646 65.9145 65.9145
3647 65.9145 65.9477
3648 65.9145 65.9385
3649 65.9145 65.9145
3650 65.9145 65.9145
3651 65.9145 65.9851
3652 65.9145 65.9363
3653 65.9145 66.0257
3654 65.9145 66.0332
3655 65.9145 65.9718
3656 65.9145 66.0136
3657 65.9145 66.014
3658 65.9145 65.9262
3659 65.9145 66.0811
3660 65.9145 65.917
3661 65.9145 66.0594
3662 65.9145 65.9145
3663 65.9145 65.9272
3664 65.9145 65.9145
3665 65.9145 65.9558
3666 65.9145 65.9911
3667 65.9145 65.9145
3668 65.9145 65.9145
3669 65.9145 65.9145
3670 65.9145 65.9816
3671 65.9145 65.9608
3672 65.9145 66.2126
3673 65.9145 66.3468
3674 65.9145 66.0863
3675 65.9145 65.9145
3676 65.9145 65.9245
3677 65.9145 66.0921
3678 65.9145 66.0525
3679 65.9145 66.0931
3680 65.9145 65.9234
3681 65.9145 65.9548
3682 65.9145 66.0046
3683 65.9145 66.0655
3684 65.9145 66.1079
3685 65.9145 66.1639
3686 65.9145 65.9754
3687 65.9145 66.0034
3688 65.9145 65.9683
3689 65.9145 66.1457
3690 65.9145 66.0403
3691 65.9145 66.0207
3692 65.9145 66.1549
3693 65.9145 66.0603
3694 65.9145 65.9956
3695 65.9145 65.9332
3696 65.9145 65.9856
3697 65.9145 66.1548
3698 65.9145 66.2431
3699 65.9145 66.0115
3700 65.9145 65.9268
3701 65.9145 66.2754
3702 65.9145 65.9662
3703 65.9145 65.9145
3704 65.9145 65.9214
3705 65.9145 66.0229
3706 65.9145 66.0428
3707 65.9145 65.9145
3708 65.9145 65.9145
3709 65.9145 65.9846
3710 65.9145 66.1285
3711 65.9145 66.0275
3712 65.9145 66.0021
3713 65.9145 65.982
3714 65.9145 66.2761
3715 65.9145 65.981
3716 65.9145 66.1374
3717 65.9145 65.9871
3718 65.9145 66.0961
3719 65.9145 65.9145
3720 65.9145 65.9271
3721 65.9145 65.9145
3722 65.9145 65.9331
3723 65.9145 66.0192
3724 65.9145 66.0571
3725 65.9145 66.1855
3726 65.9145 65.9966
3727 65.9145 66.1466
3728 65.9145 65.9212
3729 65.9145 65.9145
3730 65.9145 65.9145
3731 65.9145 66.0055
3732 65.9145 65.9555
3733 65.9145 65.9713
3734 65.9145 65.9187
3735 65.9145 65.9529
3736 65.9145 65.9219
3737 65.9145 65.9844
3738 65.9145 65.9964
3739 65.9145 65.9529
3740 65.9145 66.0231
3741 65.9145 65.9329
3742 65.9145 65.9374
3743 65.9145 65.9168
3744 65.9145 66.0475
3745 65.9145 65.9145
3746 65.9145 65.9453
3747 65.9145 65.9423
3748 65.9145 65.9156
3749 65.9145 65.9498
3750 65.9145 65.9145
3751 65.9145 65.9145
3752 65.9145 65.9145
3753 65.9145 65.9625
3754 65.9145 66.076
3755 65.9145 65.9145
3756 65.9145 66.042
3757 65.9145 65.9618
3758 65.9145 65.9165
3759 65.9145 65.9546
3760 65.9145 65.9271
3761 65.9145 65.9513
3762 65.9145 65.9543
3763 65.9145 66.0128
3764 65.9145 65.9145
3765 65.9145 65.9145
3766 65.9145 66.0974
3767 65.9145 66.313
3768 65.9145 66.3173
3769 65.9145 66.0192
3770 65.9145 65.9563
3771 65.9145 65.9497
3772 65.9145 65.9145
3773 65.9145 65.9292
3774 65.9145 66.0335
3775 65.9145 66.1807
3776 65.9145 65.9485
3777 65.9145 65.9498
3778 65.9145 66.0753
3779 65.9145 65.9298
3780 65.9145 66.015
3781 65.9145 66.1907
3782 65.9145 65.9995
3783 65.9145 66.1771
3784 65.9145 66.1483
3785 65.9145 66.0283
3786 65.9145 65.9172
3787 65.9145 65.937
3788 65.9145 66.0014
3789 65.9145 65.988
3790 65.9145 65.9145
3791 65.9145 65.9145
3792 65.9145 65.9145
3793 65.9145 65.9145
3794 65.9145 65.9277
3795 65.9145 65.9197
3796 65.9145 65.9791
3797 65.9145 66.0555
3798 65.9145 65.9478
3799 65.9145 65.9228
3800 65.9145 65.939
3801 65.9145 65.9406
3802 65.9145 65.9145
3803 65.9145 65.9145
3804 65.9145 65.9145
3805 65.9145 65.9145
3806 65.9145 65.9145
3807 65.9145 65.9145
3808 65.9145 65.9218
3809 65.9145 65.9145
3810 65.9145 65.9222
3811 65.9145 65.922
3812 65.9145 65.9275
3813 65.9145 66.0761
3814 65.9145 66.1067
3815 65.9145 65.9667
3816 65.9145 66.0158
3817 65.9145 65.9145
3818 65.9145 65.9145
3819 65.9145 65.9275
3820 65.9145 65.9217
3821 65.9145 65.9165
3822 65.9145 65.9747
3823 65.9145 66.0693
3824 65.9145 66.0452
3825 65.9145 66.0468
3826 65.9145 66.0188
3827 65.9145 65.951
3828 65.9145 66.0741
3829 65.9145 66.0236
3830 65.9145 65.9333
3831 65.9145 65.9145
3832 65.9145 66.0765
3833 65.9145 66.1035
3834 65.9145 66.0037
3835 65.9145 65.9595
3836 65.9145 65.9145
3837 65.9145 65.9145
3838 65.9145 65.9145
3839 65.9145 65.9406
3840 65.9145 66.2037
3841 65.9145 66.1843
3842 65.9145 65.9831
3843 65.9145 65.9652
3844 65.9145 65.9145
3845 65.9145 65.9201
3846 65.9145 65.9145
3847 65.9145 66.0132
3848 65.9145 66.196
3849 65.9145 66.0477
3850 65.9145 65.9233
3851 65.9145 65.9544
3852 65.9145 65.9184
3853 65.9145 65.9573
3854 65.9145 65.9513
3855 65.9145 65.9201
3856 65.9145 66.1551
3857 65.9145 66.2383
3858 65.9145 65.9145
3859 65.9145 65.9528
3860 65.9145 65.9145
3861 65.9145 65.9316
3862 65.9145 65.935
3863 65.9145 65.9475
3864 65.9145 65.9729
3865 65.9145 65.9965
3866 65.9145 66.0262
3867 65.9145 65.944
3868 65.9145 65.9201
3869 65.9145 65.9217
3870 65.9145 65.9286
3871 65.9145 65.9743
3872 65.9145 65.9291
3873 65.9145 65.9582
3874 65.9145 65.9145
3875 65.9145 65.9647
3876 65.9145 65.9441
3877 65.9145 66.175
3878 65.9145 66.0786
3879 65.9145 66.1019
3880 65.9145 66.0584
3881 65.9145 65.9425
3882 65.9145 65.9381
3883 65.9145 65.9275
3884 65.9145 65.9145
3885 65.9145 65.9145
3886 65.9145 65.9315
3887 65.9145 65.9145
3888 65.9145 65.9209
3889 65.9145 65.9347
3890 65.9145 65.9573
3891 65.9145 65.9848
3892 65.9145 65.9868
3893 65.9145 66.0129
3894 65.9145 65.9768
3895 65.9145 66.0113
3896 65.9145 65.9167
3897 65.9145 65.9758
3898 65.9145 65.9203
3899 65.9145 66.1391
3900 65.9145 66.585
3901 65.9145 66.3136
3902 65.9145 65.9524
3903 65.9145 65.9145
3904 65.9145 66.0531
3905 65.9145 66.2229
3906 65.9145 65.9145
3907 65.9145 65.9145
3908 65.9145 65.9145
3909 65.9145 65.9145
3910 65.9145 65.9194
3911 65.9145 65.9207
3912 65.9145 65.9934
3913 65.9145 66.1354
3914 65.9145 66.0696
3915 65.9145 66.0232
3916 65.9145 65.9453
3917 65.9145 65.997
3918 65.9145 65.9773
3919 65.9145 66.0001
3920 65.9145 65.919
3921 65.9145 65.9145
3922 65.9145 65.9145
3923 65.9145 65.9431
3924 65.9145 66.0261
3925 65.9145 66.029
3926 65.9145 66.3082
3927 65.9145 66.0558
3928 65.9145 66.0057
3929 65.9145 66.0095
3930 65.9145 66.0013
3931 65.9145 66.0477
3932 65.9145 65.9936
3933 65.9145 65.9762
3934 65.9145 65.9145
3935 65.9145 65.9145
3936 65.9145 65.9145
3937 65.9145 65.9145
3938 65.9145 65.9145
3939 65.9145 65.937
3940 65.9145 65.9145
3941 65.9145 65.9252
3942 65.9145 65.9145
3943 65.9145 66.0811
3944 65.9145 66.2647
3945 65.9145 65.9603
3946 65.9145 65.9306
3947 65.9145 65.9741
3948 65.9145 65.9222
3949 65.9145 65.933
3950 65.9145 66.1103
3951 65.9145 65.9547
3952 65.9145 66.0929
3953 65.9145 66.0346
3954 65.9145 66.1039
3955 65.9145 66.1188
3956 65.9145 66.1276
3957 65.9145 66.4381
3958 65.9145 65.9951
3959 65.9145 65.9546
3960 65.9145 65.9361
3961 65.9145 66.0886
3962 65.9145 65.9175
3963 65.9145 65.9627
3964 65.9145 65.9949
3965 65.9145 65.9222
3966 65.9145 65.9228
3967 65.9145 65.9814
3968 65.9145 65.9145
3969 65.9145 65.9175
3970 65.9145 65.9145
3971 65.9145 65.9433
3972 65.9145 65.9164
3973 65.9145 65.9145
3974 65.9145 65.9151
3975 65.9145 65.9271
3976 65.9145 65.9145
3977 65.9145 65.9145
3978 65.9145 65.931
3979 65.9145 66.0308
3980 65.9145 65.9344
3981 65.9145 66.0807
3982 65.9145 65.9145
3983 65.9145 65.9784
3984 65.9145 65.9609
3985 65.9145 65.9363
3986 65.9145 65.9496
3987 65.9145 65.9181
3988 65.9145 65.9957
3989 65.9145 66.0066
3990 65.9145 65.9145
3991 65.9145 65.9145
3992 65.9145 66.0379
3993 65.9145 65.9842
3994 65.9145 65.99
3995 65.9145 65.9836
3996 65.9145 65.9753
3997 65.9145 65.9145
3998 65.9145 65.9762
3999 65.9145 65.9612
