0 426.166 464.426
1 412.419 442.08
2 401.429 424.441
3 391.518 413.246
4 373.529 401.656
5 366.474 388.748
6 356.405 376.295
7 350.597 365.09
8 337.042 357.536
9 329.442 349.913
10 324.434 339.471
11 318.081 332.005
12 313.806 326.039
13 304.11 319.027
14 300.21 312.498
15 291.839 306.432
16 284.703 300.08
17 282.332 293.295
18 279.536 287.572
19 277.203 284.318
20 272.278 280.824
21 269.91 277.82
22 265.333 274.681
23 259.82 271.589
24 259.091 267.895
25 252.745 263.413
26 249.911 259.594
27 246.91 256.171
28 243.525 252.596
29 235.707 248.81
30 230.474 245.317
31 230.474 240.403
32 226.352 235.446
33 223.119 230.81
34 221.639 227.714
35 219.22 224.883
36 215.756 222.521
37 211.963 220.455
38 207.984 218.187
39 205.625 215.029
40 204.305 211.589
41 202.326 208.989
42 199.816 205.964
43 199.648 204.345
44 196.759 203.572
45 192.042 202.16
46 188.572 199.486
47 188.572 195.98
48 187.132 191.651
49 182.586 189.433
50 181.006 187.699
51 176.628 185.912
52 171.396 182.76
53 170.666 179.338
54 169.602 175.326
55 167.811 173.21
56 166.791 170.636
57 166.08 168.935
58 163.403 167.827
59 162.712 166.371
60 160.301 164.925
61 158.678 163.932
62 157.221 161.388
63 154.672 159.471
64 153.794 157.694
65 152.072 156.134
66 151.425 155.353
67 150.514 154.53
68 150.023 154.058
69 147.543 152.87
70 146.434 151.255
71 145.943 149.728
72 142.232 148.218
73 142.232 146.33
74 140.265 144.275
75 138.77 142.923
76 136.687 141.928
77 134.603 140.629
78 134.072 138.79
79 133.262 136.596
80 133.032 135.674
81 132.344 134.453
82 132.065 134.155
83 131.48 134.411
84 131.147 134.569
85 130.573 134.027
86 129.655 134.591
87 128.91 133.645
88 128.339 131.79
89 128.324 130.829
90 128.171 129.525
91 125.93 128.848
92 125.776 128.388
93 125.208 127.203
94 124.825 126.328
95 124.671 125.873
96 124.526 125.616
97 124.226 125.261
98 123.41 125.296
99 123.347 125.566
100 122.567 125.221
101 121.939 124.55
102 121.785 123.572
103 121.172 123.049
104 121.019 122.629
105 120.242 121.776
106 119.674 121.287
107 119.338 121.175
108 117.795 121.169
109 117.227 121.055
110 115.917 119.795
111 115.78 119.268
112 115.689 117.126
113 114.379 116.558
114 113.437 115.951
115 112.599 114.833
116 112.599 114.02
117 112.467 113.389
118 111.917 113.079
119 111.228 112.518
120 111.228 112.154
121 110.564 111.707
122 110.548 111.427
123 109.884 111.033
124 109.884 110.534
125 109.584 110.172
126 109.371 110.073
127 109.371 110.139
128 108.512 109.999
129 107.696 109.785
130 107.224 109.559
131 107.053 108.722
132 106.332 108.454
133 105.436 107.546
134 105.344 106.875
135 103.823 106.329
136 103.823 105.477
137 103.336 104.603
138 103.246 104.212
139 102.501 103.571
140 101.899 103.255
141 101.899 103.33
142 101.446 104.419
143 100.644 104.363
144 100.435 102.879
145 100.36 101.622
146 99.1857 100.831
147 98.977 100.406
148 98.977 99.9801
149 98.7055 99.3768
150 98.4968 99.3088
151 98.4968 99.1425
152 96.9512 99.009
153 96.9512 98.3662
154 96.8144 97.6464
155 96.8144 97.27
156 95.964 96.908
157 95.964 96.7837
158 95.1081 96.6069
159 94.0577 96.2488
160 94.0577 95.477
161 93.8763 94.9076
162 93.5858 94.4953
163 93.3226 94.1688
164 93.1202 93.7083
165 92.8319 93.4819
166 92.5393 93.1875
167 92.2472 92.9572
168 92.2472 92.7169
169 91.9472 92.4626
170 91.9472 92.3905
171 91.9472 92.2822
172 91.6165 92.1047
173 91.5139 92.3242
174 91.4397 92.7679
175 91.4397 92.7892
176 91.4397 92.2869
177 91.1531 91.9106
178 91.1531 91.7497
179 91.1531 91.7237
180 91.1531 91.4183
181 91.1531 91.2107
182 90.7922 91.214
183 90.7922 91.0976
184 89.2437 90.9818
185 89.2437 90.8994
186 89.2437 90.1158
187 89.2437 89.7986
188 89.2437 89.7957
189 89.2437 89.5543
190 89.0253 89.315
191 89.0253 89.2388
192 89.0253 89.1534
193 88.8295 89.0709
194 87.775 89.0126
195 87.775 88.894
196 87.775 88.4501
197 87.6323 88.1324
198 87.6323 88.0441
199 87.6323 87.8046
200 87.6323 87.8461
201 87.2099 87.7075
202 87.2099 87.7858
203 87.2099 87.5252
204 86.134 87.3548
205 86.134 87.1348
206 86.134 86.713
207 86.1299 86.4991
208 86.1299 86.2414
209 86.1299 86.333
210 86.1299 86.1308
211 86.1299 86.1723
212 86.1299 86.1529
213 86.1299 86.2431
214 86.1299 86.2229
215 86.1299 86.1559
216 86.1299 86.2852
217 85.815 86.2882
218 85.815 86.198
219 85.815 86.0496
220 85.815 85.9613
221 84.8864 85.9598
222 84.8864 85.7284
223 84.8864 85.3088
224 84.8864 85.0491
225 84.6518 84.8857
226 84.4684 85.1042
227 84.2339 85.6146
228 84.2339 86.5313
229 83.9076 86.5482
230 83.9076 86.4073
231 83.9076 85.0494
232 83.8739 84.3539
233 83.8739 84.092
234 83.5432 84.089
235 82.9931 84.3338
236 82.9931 84.9567
237 82.2848 83.9923
238 82.2848 83.5142
239 82.2848 82.9048
240 81.7476 82.7504
241 81.7476 82.3413
242 81.7476 82.3406
243 81.5932 81.8527
244 81.5932 81.763
245 81.4968 81.6984
246 80.6483 81.6347
247 80.4938 81.4383
248 80.3975 81.1114
249 80.3975 80.7143
250 79.8507 80.5088
251 79.8507 80.5636
252 79.8507 80.9864
253 79.8507 81.0147
254 79.8442 80.6927
255 79.8442 80.6875
256 79.6337 80.962
257 79.6337 81.6298
258 79.6337 80.7283
259 79.6337 80.119
260 79.6337 79.6875
261 79.6337 79.6337
262 79.538 79.6335
263 79.538 79.6834
264 79.2861 80.0146
265 79.1513 79.6426
266 78.5461 79.6716
267 78.5461 79.3161
268 78.0362 79.0645
269 78.0362 78.6258
270 78.0362 78.3753
271 78.0362 78.1981
272 78.0362 78.3121
273 78.0362 78.4595
274 78.0362 78.4363
275 77.3996 78.1574
276 77.3996 78.6904
277 77.3996 78.7468
278 77.3996 78.8651
279 77.3996 78.6183
280 77.3996 78.2033
281 77.3996 78.345
282 77.3996 77.8723
283 77.3996 77.5088
284 76.9265 77.5169
285 76.9265 77.3978
286 76.6157 77.1597
287 76.6157 76.9371
288 76.5996 76.7825
289 76.2887 76.8514
290 76.2887 76.6572
291 76.2887 76.4401
292 76.2887 76.4253
293 76.2887 76.3553
294 76.0605 76.3031
295 76.0605 76.3933
296 76.0605 76.4988
297 76.0605 76.1248
298 76.0605 76.1116
299 75.7301 76.1074
300 75.7301 76.054
301 75.7301 77.4232
302 75.7301 77.6677
303 75.7301 77.3027
304 75.7301 76.6924
305 75.7301 76.0475
306 75.7301 75.7315
307 75.7301 75.7708
308 75.7301 75.912
309 75.7301 75.7413
310 75.7301 75.9382
311 75.7301 75.7301
312 75.7301 75.7301
313 75.7301 75.7301
314 75.7141 75.732
315 75.7141 75.7278
316 75.3534 75.7396
317 75.3534 75.6977
318 75.3534 75.5895
319 75.3534 75.4452
320 75.138 75.4946
321 75.138 75.3698
322 75.138 75.3499
323 75.138 75.1862
324 75.1196 75.1463
325 75.1196 75.142
326 75.1196 75.1521
327 75.1196 75.2579
328 75.1196 75.128
329 74.6213 75.1364
330 74.6213 75.032
331 74.6213 74.8874
332 74.427 74.8059
333 74.427 74.7792
334 74.427 74.9338
335 74.4144 74.7209
336 74.4144 74.4456
337 74.4144 74.4334
338 74.4144 74.4902
339 74.4144 74.428
340 74.4144 74.5711
341 73.9959 74.5561
342 73.9959 74.6196
343 73.9959 74.2374
344 73.9959 74.1025
345 73.9959 74.0078
346 73.9959 74.1569
347 73.9959 74.2619
348 73.0695 74.1546
349 73.0695 74.0294
350 73.0695 73.5225
351 73.0695 73.3344
352 73.0695 73.1236
353 73.0695 73.1106
354 73.0695 73.0707
355 73.0695 73.1346
356 73.0695 73.0729
357 73.0695 73.0695
358 73.0695 73.1299
359 73.0695 73.0695
360 73.0695 73.1778
361 73.0695 73.2852
362 73.0695 73.255
363 73.0695 73.3063
364 73.0695 73.1408
365 73.0695 73.2838
366 73.0695 73.0712
367 73.0695 73.0695
368 73.0695 73.0695
369 73.0695 73.0695
370 73.0695 73.0742
371 73.0695 73.0695
372 73.0695 73.0695
373 73.0695 73.2583
374 73.0695 73.1077
375 73.0695 73.159
376 73.0695 73.6198
377 73.0695 73.3475
378 73.0695 73.2865
379 73.0695 73.1651
380 73.0695 73.137
381 73.0695 73.1129
382 73.0695 73.0744
383 73.0695 73.1563
384 73.0695 73.1493
385 73.0256 73.0694
386 73.0256 73.1126
387 73.0256 73.0563
388 73.0256 73.0652
389 73.0256 73.1933
390 73.0256 73.2424
391 72.6331 73.0447
392 72.6331 73.2312
393 72.6331 72.9576
394 72.6331 72.8692
395 72.6331 72.6546
396 72.6331 72.6453
397 72.6331 72.6331
398 72.6325 72.6435
399 72.6325 72.8645
400 72.6325 73.3016
401 72.6325 72.9472
402 72.6325 72.7768
403 72.6325 72.7082
404 72.6325 72.666
405 72.6325 72.6804
406 72.5931 72.6728
407 72.2658 72.6931
408 72.2658 72.8696
409 72.2658 73.2123
410 72.2658 73.3447
411 72.2658 72.9558
412 71.8525 72.8046
413 71.8525 72.4452
414 71.8525 72.1896
415 71.8525 72.2124
416 71.8525 72.1795
417 71.8525 71.9459
418 71.8525 71.8525
419 71.8525 71.9307
420 71.8525 71.9437
421 71.8525 71.981
422 71.8525 71.8921
423 71.8525 71.8704
424 71.8525 71.8525
425 71.8525 71.8752
426 71.8525 71.9028
427 71.8525 71.8525
428 71.8525 71.8525
429 71.8525 71.8525
430 71.8525 71.8525
431 71.8525 71.8725
432 71.8525 71.8525
433 71.8525 71.8719
434 71.8525 71.8799
435 71.8131 72.0397
436 71.8131 72.0212
437 71.8131 71.9258
438 71.8131 71.8897
439 71.8131 71.8212
440 71.8131 71.8369
441 71.8131 71.8154
442 71.8131 71.9923
443 71.8131 71.8192
444 71.8131 71.898
445 71.8131 71.8203
446 71.8131 71.826
447 71.8131 71.9257
448 71.8027 71.8131
449 71.8027 72.082
450 71.8027 73.5505
451 71.8027 73.8505
452 71.8027 73.4331
453 71.8027 72.5028
454 71.8027 72.2873
455 71.8027 71.9435
456 71.8027 71.8434
457 71.8027 71.9379
458 71.8027 71.8131
459 71.8027 71.827
460 71.8027 71.8415
461 71.8027 71.8677
462 71.8027 71.8188
463 71.8027 72.002
464 71.8027 72.0081
465 71.8027 71.8851
466 71.8027 71.9594
467 71.8027 72.2364
468 71.8027 71.9435
469 71.8027 72.0162
470 71.8027 72.0777
471 71.8027 72.1989
472 71.8027 71.9558
473 71.8027 72.125
474 71.8027 71.9672
475 71.8027 71.8703
476 71.8027 71.8027
477 71.8027 71.819
478 71.8027 71.8027
479 71.7985 71.8027
480 71.7985 71.8022
481 71.7985 71.8249
482 71.7985 71.8364
483 71.7985 71.8058
484 71.7985 71.7985
485 71.7985 71.7985
486 71.7985 71.9197
487 71.7985 71.8635
488 71.7985 71.8281
489 71.7985 71.8726
490 71.7985 72.1203
491 71.7985 71.7985
492 71.7985 71.7985
493 71.7985 71.7985
494 71.7985 71.82
495 71.7985 71.8008
496 71.7985 71.9133
497 71.7985 71.9589
498 71.7985 71.849
499 71.7985 71.9293
500 71.7985 71.8802
501 71.7985 71.7985
502 71.7985 71.7985
503 71.7985 71.8146
504 71.7985 72.1963
505 71.7985 72.2745
506 71.7985 71.9923
507 71.7985 71.8344
508 71.7985 71.8626
509 71.7985 71.8522
510 71.7985 71.8323
511 71.7985 71.913
512 71.7985 71.8788
513 71.7985 72.0114
514 71.7985 71.9215
515 71.7985 72.2201
516 71.7985 72.0535
517 71.7985 72.1971
518 71.7985 71.942
519 71.7985 72.0004
520 71.7985 72.2149
521 71.7985 71.9133
522 71.7985 72.0278
523 71.7985 71.8101
524 71.7985 71.8566
525 71.7985 71.8187
526 71.7985 71.8035
527 71.7985 71.8915
528 71.7985 71.9861
529 71.7985 71.9324
530 71.7985 71.9568
531 71.7985 71.9786
532 71.7985 72.0228
533 71.7985 71.971
534 71.7985 71.7985
535 71.7985 71.7985
536 71.7985 71.8323
537 71.7985 71.8542
538 71.7985 71.8174
539 71.7985 71.8687
540 71.7985 71.8634
541 71.7985 71.8268
542 71.7985 71.9739
543 71.7985 71.8205
544 71.7985 71.8116
545 71.7985 71.8463
546 71.7985 71.7985
547 71.7985 71.8462
548 71.7985 71.8653
549 71.7985 71.8364
550 71.7985 71.9665
551 71.7985 71.8786
552 71.7985 71.9212
553 71.7985 71.8667
554 71.7985 71.9571
555 71.7985 71.8023
556 71.7985 72.1231
557 71.7985 72.0018
558 71.7985 71.8928
559 71.7985 71.8627
560 71.7985 71.8231
561 71.7985 71.9659
562 71.7985 71.8693
563 71.7985 71.7985
564 71.7985 71.8663
565 71.7985 71.7985
566 71.7985 71.8304
567 71.7985 71.846
568 71.7985 71.8965
569 71.7985 71.8804
570 71.7985 71.7985
571 71.7985 71.9074
572 71.7985 71.8653
573 71.7985 71.8379
574 71.7985 71.8552
575 71.7985 71.814
576 71.7985 71.9405
577 71.7985 71.8701
578 71.7985 71.8832
579 71.7985 72.0234
580 71.7985 71.9443
581 71.7985 72.07
582 71.7985 71.9304
583 71.5646 71.8292
584 71.5646 71.9619
585 71.539 72.3495
586 71.539 71.9166
587 71.539 71.727
588 71.539 71.5505
589 71.539 71.5407
590 71.539 71.7938
591 71.436 71.963
592 71.436 71.7419
593 71.198 71.4863
594 71.081 71.4331
595 71.081 71.3293
596 71.081 71.1894
597 71.081 71.1132
598 71.081 71.086
599 71.081 71.0942
600 71.081 71.1452
601 71.081 71.3674
602 71.081 71.4476
603 71.081 71.2601
604 71.081 71.1759
605 71.081 71.109
606 71.081 71.081
607 71.081 71.081
608 71.081 71.081
609 71.081 71.081
610 71.081 71.081
611 71.081 71.118
612 71.081 71.081
613 71.0749 71.0954
614 70.6986 71.1134
615 70.6455 71.0056
616 70.427 70.9802
617 70.3739 70.7889
618 70.3739 70.6625
619 70.3739 70.4657
620 70.3739 70.5279
621 70.3739 70.423
622 70.3739 70.5077
623 70.3739 70.5035
624 70.3739 70.3911
625 70.3739 70.3775
626 70.3739 70.3983
627 70.3739 70.3787
628 70.3739 70.3739
629 70.3739 70.4017
630 70.3714 70.3739
631 70.3714 70.3735
632 70.3714 70.4656
633 70.3714 70.3807
634 70.3714 70.439
635 70.3714 70.399
636 70.3714 70.4759
637 70.3714 70.5551
638 70.3714 70.4265
639 70.3714 70.4653
640 70.3714 70.5204
641 70.3714 70.4958
642 70.3714 70.3714
643 70.3714 70.3714
644 70.3714 70.4043
645 70.3714 70.3714
646 70.3714 70.3714
647 70.3714 70.3867
648 70.3714 70.5317
649 70.3714 70.4519
650 70.3714 70.3802
651 70.3714 70.3714
652 70.3714 70.3724
653 70.3714 70.422
654 70.3714 70.3999
655 70.3714 70.4701
656 70.3714 70.4108
657 70.3714 70.3714
658 70.3714 70.3714
659 70.3714 70.3714
660 70.3714 70.3787
661 70.3714 70.4472
662 70.3714 70.4203
663 70.3714 70.4294
664 70.3714 70.4758
665 70.3714 70.9125
666 70.3714 70.493
667 70.3714 70.5784
668 70.3714 70.6237
669 70.3714 70.3714
670 70.3714 70.372
671 70.3714 70.4243
672 70.3714 70.5311
673 70.3714 70.3857
674 70.3714 70.487
675 70.3714 70.3714
676 70.3714 70.4374
677 70.3714 70.5171
678 70.3714 70.4674
679 70.3714 70.4792
680 70.3714 70.6332
681 70.3714 70.4597
682 70.3714 70.3714
683 70.3714 70.3921
684 70.3714 70.3801
685 70.3714 70.3852
686 70.3714 70.3775
687 70.3714 70.4119
688 70.3714 70.654
689 70.3714 70.396
690 70.3714 70.3714
691 70.3714 70.5122
692 70.3714 70.4959
693 70.3714 70.3714
694 70.3714 70.3888
695 70.3714 70.3714
696 70.3714 70.3714
697 70.3714 70.4107
698 70.3714 70.4203
699 70.3714 70.4934
700 70.3714 70.4895
701 70.3714 70.4331
702 70.3714 70.4156
703 70.3714 70.4185
704 70.3714 70.5003
705 70.3714 70.4289
706 70.3714 70.3714
707 70.3714 70.3823
708 70.3714 70.3937
709 70.3714 70.4284
710 70.3714 70.3714
711 70.3714 70.3714
712 70.3714 70.382
713 70.3714 70.4619
714 70.3714 70.7887
715 70.3714 70.4204
716 70.3714 70.5407
717 70.3714 70.5569
718 70.3714 70.6641
719 70.3714 70.4178
720 70.3714 70.5481
721 70.3714 70.4062
722 70.3714 70.5565
723 70.3714 70.5048
724 70.3714 70.5365
725 70.3714 70.4629
726 70.3714 70.464
727 70.3714 70.4333
728 70.3714 70.653
729 70.3714 70.7229
730 70.3714 70.4151
731 70.3714 70.5452
732 70.3714 70.4906
733 70.3714 70.4677
734 70.3714 70.4621
735 70.3714 70.4978
736 70.3714 70.6752
737 70.3714 70.4332
738 70.3714 70.3884
739 70.3714 70.5105
740 70.3714 70.934
741 70.3714 70.7021
742 70.3714 70.4687
743 70.3714 70.479
744 70.3714 70.4498
745 70.3714 70.4684
746 70.3714 70.4642
747 70.3714 70.4982
748 70.3714 70.3781
749 70.3714 70.4697
750 70.3714 70.4439
751 70.3714 70.3724
752 70.3714 70.3915
753 70.3714 70.4023
754 70.3714 70.3717
755 70.3714 70.4092
756 70.3714 70.4412
757 70.3714 70.388
758 70.3714 70.4323
759 70.3714 70.3816
760 70.3714 70.3714
761 70.3714 70.4044
762 70.3714 70.4794
763 70.3714 70.45
764 70.3714 70.4328
765 70.3714 70.4858
766 70.3714 70.4817
767 70.3714 70.3719
768 70.3714 70.5655
769 70.3714 70.3817
770 70.3714 70.3753
771 70.3714 70.4833
772 70.3714 70.4107
773 70.3714 70.382
774 70.3714 70.3862
775 70.3714 70.3714
776 70.3714 70.3714
777 70.3714 70.4381
778 70.3714 70.3839
779 70.3714 70.3714
780 70.3714 70.3714
781 70.3714 70.4105
782 70.3714 70.7093
783 70.3714 70.4954
784 70.3714 70.3762
785 70.3714 70.3714
786 70.3714 70.3714
787 70.3714 70.4735
788 70.3714 70.5458
789 70.3714 70.6586
790 70.3714 70.4362
791 70.3714 70.3726
792 70.3714 70.3723
793 70.3714 70.5253
794 70.3714 70.4783
795 70.3714 70.4678
796 70.3714 70.8927
797 70.3714 70.4853
798 70.3714 70.5232
799 70.3714 70.4184
800 70.3714 70.3714
801 70.3714 70.3714
802 70.3714 70.3714
803 70.3714 70.3876
804 70.3714 70.6651
805 70.3714 70.6657
806 70.3714 70.504
807 70.3714 70.3729
808 70.3714 70.4035
809 70.3714 70.435
810 70.3714 70.4049
811 70.3714 70.4589
812 70.3714 70.6157
813 70.3714 70.8567
814 70.3714 70.5928
815 70.3714 70.3952
816 70.3714 70.42
817 70.3714 70.3714
818 70.3714 70.3949
819 70.3714 70.4011
820 70.3714 70.3714
821 70.3714 70.3714
822 70.3714 70.3714
823 70.3714 70.3714
824 70.3714 70.3714
825 70.3714 70.3714
826 70.3714 70.3714
827 70.3714 70.3795
828 70.3714 70.3714
829 70.3714 70.3714
830 70.3714 70.3714
831 70.3714 70.3714
832 70.3714 70.4028
833 70.3714 70.4703
834 70.3714 70.4152
835 70.3714 70.4097
836 70.3714 70.4127
837 70.3714 70.4204
838 70.3714 70.4607
839 70.3714 70.3714
840 70.3714 70.409
841 70.3714 70.4226
842 70.3714 70.3714
843 70.3714 70.4577
844 70.3714 70.4475
845 70.3714 70.3937
846 70.3714 70.4073
847 70.3714 70.3714
848 70.3714 70.3714
849 70.3714 70.3714
850 70.3714 70.4212
851 70.3714 70.3714
852 70.3714 70.3753
853 70.3714 70.3916
854 70.3714 70.4445
855 70.3714 70.44
856 70.3714 70.3819
857 70.3714 70.3714
858 70.3714 70.4368
859 70.3714 70.7794
860 70.3714 70.4261
861 70.3714 70.3714
862 70.3714 70.3714
863 70.3714 70.38
864 70.3714 70.3714
865 70.3714 70.3714
866 70.3714 70.4891
867 70.3714 70.4483
868 70.3714 70.4709
869 70.3714 70.6634
870 70.3714 70.4868
871 70.3714 70.5008
872 70.3714 70.3776
873 70.3714 70.3714
874 70.3714 70.4126
875 70.3714 70.3837
876 70.3714 70.4298
877 70.3714 70.3714
878 70.3714 70.3714
879 70.3714 70.5012
880 70.3714 70.3728
881 70.3714 70.3797
882 70.3714 70.4477
883 70.3714 70.442
884 70.3714 70.5296
885 70.3714 70.3726
886 70.3714 70.3744
887 70.3714 70.5639
888 70.3714 70.544
889 70.3714 70.6403
890 70.3714 70.6537
891 70.3714 70.4345
892 70.3714 70.4121
893 70.3714 70.4186
894 70.3714 70.3776
895 70.3714 70.4224
896 70.3714 70.5361
897 70.3714 70.372
898 70.3714 70.3714
899 70.3714 70.3873
900 70.3714 70.3714
901 70.3714 70.5067
902 70.3714 70.4812
903 70.3714 70.3844
904 70.3714 70.4024
905 70.3714 70.4103
906 70.3714 70.5156
907 70.3714 70.5471
908 70.3714 70.5023
909 70.3714 70.4326
910 70.3714 70.375
911 70.3714 70.5098
912 70.3714 70.4217
913 70.3714 70.5464
914 70.3714 70.5523
915 70.3714 70.4523
916 70.3714 70.5114
917 70.3714 70.5561
918 70.3714 70.3714
919 70.3714 70.3714
920 70.3714 70.3714
921 70.3714 70.4173
922 70.3714 70.7754
923 70.3714 70.5538
924 70.3714 70.4983
925 70.3585 70.3819
926 70.3585 70.5454
927 70.3585 70.4431
928 70.3585 70.5051
929 70.2431 70.4023
930 70.2431 70.3663
931 70.2431 70.3394
932 70.2431 70.2685
933 70.2431 70.4121
934 70.2431 70.3292
935 70.2431 70.299
936 70.2431 70.402
937 70.2431 70.4027
938 70.2431 70.3822
939 70.2431 70.3346
940 70.2431 70.5162
941 70.2431 70.2431
942 70.2431 70.3657
943 70.2431 70.3599
944 70.1059 70.3828
945 70.1059 70.2825
946 70.1059 70.2867
947 70.1059 70.1685
948 70.1059 70.1196
949 70.1059 70.1114
950 70.1059 70.1059
951 70.1059 70.1059
952 70.1059 70.1715
953 70.1059 70.1404
954 70.1059 70.1059
955 70.1059 70.1059
956 70.1059 70.1159
957 70.1059 70.1059
958 70.1059 70.1069
959 70.1059 70.2618
960 70.1059 70.2621
961 70.1059 70.1071
962 70.1059 70.1079
963 70.1059 70.1059
964 70.1059 70.1059
965 70.1059 70.5859
966 70.1059 70.269
967 70.1059 70.1131
968 70.1059 70.1868
969 70.1059 70.1591
970 70.1059 70.2464
971 70.1059 70.1091
972 70.1059 70.1996
973 70.1059 70.2915
974 70.1059 70.1116
975 70.1059 70.1059
976 70.1059 70.1278
977 70.1059 70.1756
978 70.1059 70.2944
979 70.1059 70.5725
980 70.1059 70.3172
981 70.1059 70.2875
982 70.1059 70.2047
983 70.1059 70.1655
984 70.1059 70.1102
985 70.1059 70.235
986 70.1059 70.1146
987 70.1059 70.1913
988 70.1059 70.1927
989 70.1059 70.1059
990 70.1059 70.1081
991 70.1059 70.1059
992 70.1059 70.1062
993 70.1059 70.1749
994 70.1059 70.1635
995 70.1059 70.1792
996 70.1059 70.1982
997 70.1059 70.3144
998 70.1059 70.3793
999 70.1059 70.2009
1000 70.1059 70.2251
1001 70.1059 70.2539
1002 70.1059 70.273
1003 70.1059 70.4064
1004 70.1059 70.2999
1005 70.1059 70.1465
1006 70.1059 70.1935
1007 70.1059 70.1069
1008 70.1059 70.1059
1009 70.1059 70.1059
1010 70.1059 70.1059
1011 70.1059 70.1059
1012 70.1059 70.1675
1013 70.0954 70.1248
1014 70.0954 70.1095
1015 70.0954 70.1447
1016 70.0954 70.0982
1017 70.0954 70.2748
1018 69.7079 70.2562
1019 69.7079 70.1602
1020 69.7079 69.9224
1021 69.7079 69.9442
1022 69.7079 69.8361
1023 69.7079 69.8108
1024 69.7079 69.8757
1025 69.7079 69.7604
1026 69.7079 69.7833
1027 69.7079 69.869
1028 69.7079 69.7202
1029 69.7079 69.724
1030 69.7079 69.8184
1031 69.7079 69.7329
1032 69.7079 69.7881
1033 69.7079 69.7812
1034 69.7079 69.7572
1035 69.7079 69.8667
1036 69.7079 69.9935
1037 69.7079 69.7126
1038 69.7079 69.7105
1039 69.7079 69.7079
1040 69.7079 69.8781
1041 69.7079 69.7853
1042 69.7079 69.7079
1043 69.7079 69.7277
1044 69.7079 69.9619
1045 69.7079 69.9077
1046 69.7079 69.9716
1047 69.7079 69.7815
1048 69.7079 69.7446
1049 69.7079 69.7398
1050 69.7079 69.7079
1051 69.7079 69.7079
1052 69.7079 69.752
1053 69.7079 69.7312
1054 69.7079 69.7079
1055 69.7079 69.7079
1056 69.7079 69.7079
1057 69.7079 69.7079
1058 69.7079 69.7079
1059 69.7079 69.7151
1060 69.7079 69.7439
1061 69.7079 69.7274
1062 69.7079 69.7402
1063 69.7079 69.7093
1064 69.7079 69.7104
1065 69.7079 69.7079
1066 69.7079 69.708
1067 69.7079 69.7157
1068 69.7079 69.8274
1069 69.7079 69.7443
1070 69.7079 69.8975
1071 69.7079 70.0884
1072 69.7079 69.8837
1073 69.7079 69.7386
1074 69.7079 69.8247
1075 69.7079 69.7249
1076 69.7079 69.858
1077 69.7079 69.8611
1078 69.7079 69.7405
1079 69.7079 69.7544
1080 69.7079 69.7416
1081 69.7079 69.7196
1082 69.7079 69.7438
1083 69.7079 69.7079
1084 69.7079 69.7224
1085 69.7079 69.8093
1086 69.7079 69.8296
1087 69.7079 69.7253
1088 69.7079 69.7094
1089 69.7079 69.7432
1090 69.7079 69.7454
1091 69.7079 69.7079
1092 69.7079 69.8318
1093 69.7079 69.7618
1094 69.7079 69.8933
1095 69.7079 69.8693
1096 69.7079 69.7211
1097 69.7079 69.7785
1098 69.7079 69.832
1099 69.7079 69.7079
1100 69.7079 69.7079
1101 69.7079 69.7079
1102 69.7079 69.7079
1103 69.7079 69.7615
1104 69.7079 69.7581
1105 69.7079 69.8122
1106 69.7079 69.7079
1107 69.7079 69.7584
1108 69.7079 69.9274
1109 69.7079 69.9576
1110 69.7079 69.7855
1111 69.7079 69.7079
1112 69.7079 69.757
1113 69.7079 69.8113
1114 69.7079 69.8005
1115 69.7079 69.7863
1116 69.7079 69.8575
1117 69.7079 69.8072
1118 69.7079 70.0601
1119 69.7079 69.9238
1120 69.7079 69.8627
1121 69.7079 69.7085
1122 69.7079 69.7338
1123 69.7079 69.7606
1124 69.7079 69.744
1125 69.7079 69.8189
1126 69.7079 69.7387
1127 69.7079 69.7595
1128 69.7079 69.7253
1129 69.7079 69.7347
1130 69.7079 69.8655
1131 69.7079 69.8217
1132 69.7079 69.7079
1133 69.7079 69.7245
1134 69.7079 69.8136
1135 69.7079 69.7704
1136 69.7079 69.8318
1137 69.7079 69.7118
1138 69.7079 69.7083
1139 69.7079 69.7079
1140 69.7079 69.7094
1141 69.7079 69.7638
1142 69.7079 69.8987
1143 69.7079 69.7093
1144 69.7079 69.9433
1145 69.7079 69.8445
1146 69.7079 69.7079
1147 69.7079 69.7156
1148 69.7079 69.7079
1149 69.7079 69.7079
1150 69.7079 69.7079
1151 69.7079 69.7425
1152 69.7079 69.7079
1153 69.7079 69.7079
1154 69.7079 69.7571
1155 69.7079 69.71
1156 69.7079 69.7079
1157 69.7079 69.7079
1158 69.7079 69.7101
1159 69.7079 69.715
1160 69.7079 69.9113
1161 69.7079 69.9023
1162 69.7079 69.7884
1163 69.7079 69.8077
1164 69.7079 70.1253
1165 69.7079 69.9163
1166 69.7079 69.7079
1167 69.7079 69.7152
1168 69.7079 69.7807
1169 69.7079 69.7812
1170 69.7079 69.7966
1171 69.7079 69.7121
1172 69.7079 69.7407
1173 69.7079 69.7197
1174 69.7079 69.7523
1175 69.7079 69.9496
1176 69.7079 69.7275
1177 69.7079 69.7165
1178 69.7079 69.7118
1179 69.7079 69.816
1180 69.7079 69.7827
1181 69.7079 70.0215
1182 69.7079 69.7079
1183 69.7079 69.7498
1184 69.7079 69.9073
1185 69.7079 70.2564
1186 69.7079 69.7572
1187 69.7079 69.8509
1188 69.7079 69.7787
1189 69.7079 69.7391
1190 69.7079 69.8008
1191 69.7079 69.7134
1192 69.7079 70.0448
1193 69.7079 70.3167
1194 69.7079 69.9124
1195 69.7079 69.8736
1196 69.7079 69.9306
1197 69.7079 69.788
1198 69.7079 69.8222
1199 69.7079 69.9351
1200 69.7079 69.9005
1201 69.7079 69.8254
1202 69.7079 69.9685
1203 69.7079 69.8474
1204 69.7079 69.8365
1205 69.7079 69.7667
1206 69.7079 69.7079
1207 69.7079 69.7079
1208 69.7079 69.72
1209 69.7079 69.7079
1210 69.7079 69.7082
1211 69.7079 69.7236
1212 69.7079 69.7079
1213 69.7079 69.7453
1214 69.7079 69.8318
1215 69.7079 69.7115
1216 69.7079 69.8105
1217 69.7079 70.013
1218 69.7079 69.9678
1219 69.7079 70.1314
1220 69.7079 70.0812
1221 69.7079 69.9327
1222 69.7079 69.9004
1223 69.7079 69.7103
1224 69.7079 69.7079
1225 69.7079 69.7079
1226 69.7079 69.7341
1227 69.7079 69.7587
1228 69.7079 69.7555
1229 69.7079 69.7079
1230 69.7079 69.7968
1231 69.7079 69.7221
1232 69.7079 69.7647
1233 69.7079 69.7079
1234 69.7079 69.753
1235 69.7079 69.7609
1236 69.7079 69.7713
1237 69.7079 69.7324
1238 69.7079 69.7719
1239 69.7079 69.8299
1240 69.7079 69.7079
1241 69.7079 69.7619
1242 69.7079 69.807
1243 69.7079 69.7136
1244 69.7079 69.8415
1245 69.7079 69.7089
1246 69.7079 69.8851
1247 69.7079 69.7079
1248 69.7079 69.7245
1249 69.7079 70.1231
1250 69.7079 69.9576
1251 69.7079 69.8382
1252 69.7079 69.7272
1253 69.7079 69.7503
1254 69.7079 69.7706
1255 69.7079 69.8186
1256 69.7079 69.93
1257 69.7079 69.7407
1258 69.7079 69.8045
1259 69.7079 69.7937
1260 69.7079 69.7358
1261 69.7079 69.7079
1262 69.7079 69.7257
1263 69.7079 69.8487
1264 69.7079 69.9734
1265 69.7079 69.726
1266 69.7079 69.7475
1267 69.7079 69.8
1268 69.7079 69.8621
1269 69.7079 69.7708
1270 69.7079 69.7548
1271 69.7079 69.881
1272 69.7079 69.7183
1273 69.7079 69.7423
1274 69.7079 69.7519
1275 69.7079 69.7079
1276 69.7079 69.7194
1277 69.7079 69.7842
1278 69.7079 69.8164
1279 69.7079 69.7079
1280 69.7079 69.7088
1281 69.7079 69.8884
1282 69.7079 69.7297
1283 69.7079 69.7079
1284 69.7079 69.7341
1285 69.7079 69.7286
1286 69.7079 69.911
1287 69.7079 69.7542
1288 69.7079 69.7245
1289 69.7079 69.7079
1290 69.7079 69.7865
1291 69.7079 70.0177
1292 69.7079 70.2138
1293 69.7079 69.8992
1294 69.7079 69.7079
1295 69.7079 69.7112
1296 69.7079 69.7079
1297 69.7079 69.7326
1298 69.7079 69.7079
1299 69.7079 69.7115
1300 69.7079 69.7313
1301 69.7079 69.7079
1302 69.7079 69.7079
1303 69.7079 69.7079
1304 69.7079 69.7999
1305 69.7079 69.7169
1306 69.7079 69.7548
1307 69.7079 69.7079
1308 69.7079 69.7079
1309 69.7079 69.715
1310 69.7079 69.7079
1311 69.7079 69.7079
1312 69.7079 69.7079
1313 69.7079 69.755
1314 69.7079 69.7089
1315 69.7079 69.7524
1316 69.7079 69.9372
1317 69.7079 69.7476
1318 69.7079 70.1024
1319 69.7079 69.7864
1320 69.7079 69.7526
1321 69.7079 69.7079
1322 69.7079 69.7348
1323 69.7079 69.7233
1324 69.7079 69.7079
1325 69.7079 69.8094
1326 69.7079 69.9688
1327 69.7079 69.8257
1328 69.7079 69.9697
1329 69.7079 69.8612
1330 69.7079 70.3117
1331 69.7079 69.7203
1332 69.7079 69.7079
1333 69.7079 69.7079
1334 69.7079 69.8281
1335 69.7079 69.7699
1336 69.7079 69.7311
1337 69.7079 69.7079
1338 69.7079 69.7079
1339 69.7079 69.7079
1340 69.7079 69.7351
1341 69.7079 69.7331
1342 69.7079 69.7394
1343 69.7079 69.7402
1344 69.7079 69.7197
1345 69.7079 69.7681
1346 69.7079 69.7125
1347 69.7079 69.7313
1348 69.7079 69.7079
1349 69.7079 69.7079
1350 69.7079 69.7145
1351 69.7079 69.8755
1352 69.7079 70.0592
1353 69.7079 69.7641
1354 69.7079 69.7838
1355 69.7079 69.7534
1356 69.7079 69.7506
1357 69.7079 69.8466
1358 69.7079 69.758
1359 69.7079 69.725
1360 69.7079 69.7079
1361 69.7079 69.714
1362 69.7079 69.9137
1363 69.7079 70.0348
1364 69.7079 69.8171
1365 69.7079 69.7923
1366 69.7079 69.7846
1367 69.7079 69.7079
1368 69.7079 69.7175
1369 69.7079 69.7096
1370 69.7079 69.7089
1371 69.7079 69.7099
1372 69.7079 69.7745
1373 69.7079 69.7421
1374 69.7079 69.736
1375 69.7079 69.7868
1376 69.7079 69.7476
1377 69.7079 69.7498
1378 69.7079 69.7519
1379 69.7079 69.7942
1380 69.7079 69.9349
1381 69.7079 69.7079
1382 69.7079 69.7229
1383 69.7079 69.7442
1384 69.7079 69.8356
1385 69.7079 70.1243
1386 69.7079 70.2524
1387 69.7079 70
1388 69.7079 69.8392
1389 69.7079 69.8728
1390 69.7079 69.7079
1391 69.7079 69.7121
1392 69.7079 69.7079
1393 69.7079 69.7146
1394 69.7079 69.7079
1395 69.7079 69.7079
1396 69.7079 69.7079
1397 69.7079 69.7253
1398 69.7079 69.7079
1399 69.7079 69.9751
1400 69.7079 69.8573
1401 69.7079 70
1402 69.7079 69.9676
1403 69.7079 69.8943
1404 69.7079 69.8847
1405 69.7079 69.7432
1406 69.7079 69.8364
1407 69.7079 69.7397
1408 69.7079 69.8359
1409 69.7079 69.709
1410 69.7079 69.7517
1411 69.7079 69.7132
1412 69.7079 69.8982
1413 69.7079 69.722
1414 69.7079 69.7837
1415 69.7079 69.7688
1416 69.7079 69.8652
1417 69.7079 69.8674
1418 69.7079 69.9121
1419 69.7079 69.7079
1420 69.7079 69.7079
1421 69.7079 69.7094
1422 69.7079 69.7494
1423 69.7079 69.7729
1424 69.7079 69.8724
1425 69.7079 69.7225
1426 69.7079 69.7079
1427 69.7079 69.7563
1428 69.7079 69.7323
1429 69.7079 69.9208
1430 69.7079 69.8347
1431 69.7079 69.7103
1432 69.7079 69.7079
1433 69.7079 69.7244
1434 69.7079 69.8572
1435 69.7079 69.8915
1436 69.7079 69.897
1437 69.7079 69.8645
1438 69.7079 69.7742
1439 69.7079 69.953
1440 69.7079 69.89
1441 69.7079 69.7234
1442 69.7079 69.7175
1443 69.7079 69.8915
1444 69.7079 69.7979
1445 69.7079 69.7399
1446 69.7079 69.8717
1447 69.7079 70.0589
1448 69.7079 69.8093
1449 69.7079 69.7192
1450 69.7079 69.7211
1451 69.7079 69.7962
1452 69.7079 69.9443
1453 69.7079 69.8747
1454 69.7079 69.7134
1455 69.7079 69.8196
1456 69.7079 69.7079
1457 69.7079 69.7079
1458 69.7079 69.7382
1459 69.7079 69.7079
1460 69.7079 69.7513
1461 69.7079 69.7443
1462 69.7079 69.7368
1463 69.7079 69.7328
1464 69.7079 69.8379
1465 69.7079 69.7085
1466 69.7079 69.7448
1467 69.7079 69.7525
1468 69.7079 69.7905
1469 69.7079 69.745
1470 69.7079 69.7555
1471 69.7079 69.7804
1472 69.7079 69.7129
1473 69.7079 69.8001
1474 69.7079 69.7946
1475 69.7079 69.741
1476 69.7079 69.7407
1477 69.7079 69.7764
1478 69.7079 69.7615
1479 69.7079 69.7079
1480 69.7079 69.7223
1481 69.7079 69.7379
1482 69.7079 69.8302
1483 69.7079 69.7079
1484 69.7079 69.8513
1485 69.7079 69.7281
1486 69.7079 69.7445
1487 69.7079 69.7853
1488 69.7079 69.8249
1489 69.7079 69.9735
1490 69.7079 69.7729
1491 69.7079 70.0568
1492 69.7079 69.9617
1493 69.7079 70.3451
1494 69.7079 69.7583
1495 69.7079 69.717
1496 69.7079 69.7195
1497 69.7079 69.7293
1498 69.7079 69.7079
1499 69.7079 69.7089
1500 69.7079 69.7641
1501 69.7079 69.7134
1502 69.7079 69.7203
1503 69.7079 69.9496
1504 69.7079 69.7079
1505 69.7079 69.7189
1506 69.7079 69.7301
1507 69.7079 69.7079
1508 69.7079 69.7817
1509 69.7079 69.7251
1510 69.7079 69.723
1511 69.7079 69.7976
1512 69.7079 69.9279
1513 69.7079 69.8108
1514 69.7079 69.7409
1515 69.7079 69.7268
1516 69.7079 69.7993
1517 69.7079 69.7256
1518 69.7079 69.9192
1519 69.7079 69.9104
1520 69.7079 69.7497
1521 69.7079 69.7496
1522 69.7079 69.7174
1523 69.7079 69.7086
1524 69.7079 69.7956
1525 69.7079 69.9195
1526 69.7079 69.8229
1527 69.7079 69.8113
1528 69.7079 69.7139
1529 69.7079 69.709
1530 69.7079 69.8533
1531 69.7079 69.8214
1532 69.7079 69.8418
1533 69.7079 69.8839
1534 69.7079 69.7079
1535 69.7079 69.7553
1536 69.7079 69.7079
1537 69.7079 69.7274
1538 69.7079 69.7828
1539 69.7079 69.7245
1540 69.7079 69.9818
1541 69.7079 69.9436
1542 69.7079 69.7146
1543 69.7079 69.709
1544 69.7079 69.7882
1545 69.7079 69.7932
1546 69.7079 69.7079
1547 69.7079 69.7079
1548 69.7079 69.7177
1549 69.7079 69.7498
1550 69.7079 69.734
1551 69.7079 69.7201
1552 69.7079 69.7899
1553 69.7079 69.7342
1554 69.7079 69.7358
1555 69.7079 69.7079
1556 69.7079 69.7079
1557 69.7079 69.9127
1558 69.7079 69.8344
1559 69.7079 69.7563
1560 69.7079 69.8435
1561 69.7079 69.7283
1562 69.7079 69.7425
1563 69.7079 69.7795
1564 69.7079 69.8167
1565 69.7079 69.9172
1566 69.7079 69.7679
1567 69.7079 69.7546
1568 69.7079 69.878
1569 69.7079 69.7181
1570 69.7079 69.7621
1571 69.7079 69.903
1572 69.7079 70.0138
1573 69.7079 69.7471
1574 69.7079 69.8891
1575 69.7079 69.8474
1576 69.7079 69.8333
1577 69.7079 69.7079
1578 69.7079 69.7079
1579 69.7079 69.7457
1580 69.7079 69.7285
1581 69.7079 69.7248
1582 69.7079 69.7624
1583 69.7079 69.7079
1584 69.7079 69.7079
1585 69.7079 69.7079
1586 69.7079 69.7583
1587 69.7079 69.8563
1588 69.7079 69.7079
1589 69.7079 69.7529
1590 69.7079 69.7352
1591 69.7079 69.7305
1592 69.7079 69.7624
1593 69.7079 69.7079
1594 69.7079 69.7079
1595 69.7079 69.8701
1596 69.7079 69.7577
1597 69.7079 69.8283
1598 69.7079 69.8152
1599 69.7079 69.8784
1600 69.7079 69.7519
1601 69.7079 69.8523
1602 69.7079 69.7079
1603 69.7079 69.7079
1604 69.7079 69.7079
1605 69.7079 69.7267
1606 69.7079 69.7079
1607 69.7079 69.7606
1608 69.7079 69.7573
1609 69.7079 69.8926
1610 69.7079 69.7837
1611 69.7079 69.7278
1612 69.7079 69.7079
1613 69.7079 69.7079
1614 69.7079 69.7083
1615 69.7079 69.7079
1616 69.7079 69.7079
1617 69.7079 69.8271
1618 69.7079 69.7987
1619 69.7079 69.7502
1620 69.7079 69.7079
1621 69.7079 69.7079
1622 69.7079 69.7498
1623 69.7079 69.7169
1624 69.7079 69.7186
1625 69.7079 69.8664
1626 69.7079 69.7767
1627 69.7079 69.7286
1628 69.7079 69.8753
1629 69.7079 69.7303
1630 69.7079 69.7852
1631 69.7079 69.7079
1632 69.7079 69.7134
1633 69.7079 69.8109
1634 69.7079 69.7079
1635 69.7079 70.1658
1636 69.7079 69.8362
1637 69.7079 69.7332
1638 69.7079 69.7079
1639 69.7079 69.7089
1640 69.7079 69.7103
1641 69.7079 69.7122
1642 69.7079 69.9715
1643 69.7079 69.7916
1644 69.7079 69.7122
1645 69.7079 69.9369
1646 69.7079 69.7581
1647 69.7079 69.7421
1648 69.7079 69.7228
1649 69.7079 70.0025
1650 69.7079 69.9116
1651 69.7079 69.7526
1652 69.7079 69.8077
1653 69.7079 69.9264
1654 69.7079 70.1399
1655 69.7079 69.9205
1656 69.7079 69.7079
1657 69.7079 69.7363
1658 69.7079 69.7434
1659 69.7079 69.7208
1660 69.7079 69.7079
1661 69.7079 69.7217
1662 69.7079 69.7079
1663 69.7079 69.7079
1664 69.7079 69.7557
1665 69.7079 69.9193
1666 69.7079 69.709
1667 69.7079 69.7079
1668 69.7079 69.7446
1669 69.7079 70.0783
1670 69.7079 69.8195
1671 69.7079 69.7994
1672 69.7079 69.7179
1673 69.7079 69.8932
1674 69.7079 69.8752
1675 69.7079 69.7894
1676 69.7079 69.7079
1677 69.7079 69.713
1678 69.7079 69.7079
1679 69.7079 69.7079
1680 69.7079 69.7079
1681 69.7079 69.7079
1682 69.7079 69.7968
1683 69.7079 69.9095
1684 69.7079 69.7098
1685 69.7079 69.7913
1686 69.7079 69.8577
1687 69.7079 69.7451
1688 69.7079 69.7638
1689 69.7079 69.7561
1690 69.7079 69.7079
1691 69.7079 69.7168
1692 69.7079 69.7633
1693 69.7079 69.7168
1694 69.7079 69.7123
1695 69.7079 69.7116
1696 69.7079 69.7164
1697 69.7079 69.8701
1698 69.7079 69.821
1699 69.7079 69.711
1700 69.7079 69.8346
1701 69.7079 69.7661
1702 69.7079 69.9785
1703 69.7079 69.8245
1704 69.7079 69.7079
1705 69.7079 69.7447
1706 69.7079 69.7978
1707 69.7079 69.9117
1708 69.7079 69.721
1709 69.7079 69.8101
1710 69.7079 69.8065
1711 69.7079 69.7541
1712 69.7079 69.7079
1713 69.7079 69.8351
1714 69.7079 69.7614
1715 69.7079 69.7189
1716 69.7079 69.7167
1717 69.7079 69.8175
1718 69.7079 69.7079
1719 69.7079 69.7079
1720 69.7079 69.7079
1721 69.7079 69.7123
1722 69.7079 69.7079
1723 69.7079 69.7079
1724 69.7079 69.7079
1725 69.7079 69.7079
1726 69.7079 69.7079
1727 69.7079 69.7079
1728 69.7079 69.7079
1729 69.7079 69.7136
1730 69.7079 69.7149
1731 69.7079 69.7079
1732 69.7079 69.7582
1733 69.7079 70.006
1734 69.7079 69.7463
1735 69.7079 69.7116
1736 69.7079 69.7079
1737 69.7079 69.7161
1738 69.7079 69.7079
1739 69.7079 69.8418
1740 69.7079 70.1456
1741 69.7079 69.8425
1742 69.7079 69.7551
1743 69.7079 69.7209
1744 69.7079 69.8392
1745 69.7079 69.7548
1746 69.7079 69.7558
1747 69.7079 69.8182
1748 69.7079 69.7201
1749 69.7079 69.73
1750 69.7079 69.7079
1751 69.7079 69.7167
1752 69.7079 69.9582
1753 69.7079 70.1054
1754 69.7079 69.7093
1755 69.7079 69.8379
1756 69.7079 70.3892
1757 69.7079 70.2797
1758 69.7079 69.8451
1759 69.7079 70.0336
1760 69.7079 69.8249
1761 69.7079 69.7697
1762 69.7079 69.9266
1763 69.7079 69.8971
1764 69.7079 69.8717
1765 69.7079 69.9765
1766 69.7079 69.7414
1767 69.7079 69.8052
1768 69.7079 70.0408
1769 69.7079 69.7809
1770 69.7079 69.8604
1771 69.7079 69.7974
1772 69.7079 69.8768
1773 69.7079 69.8724
1774 69.7079 69.768
1775 69.7079 69.7079
1776 69.7079 69.7079
1777 69.7079 69.7079
1778 69.7079 69.7987
1779 69.7079 70.1048
1780 69.7079 69.7538
1781 69.7079 69.8476
1782 69.7079 69.864
1783 69.7079 70.0132
1784 69.7079 69.8918
1785 69.7079 69.9934
1786 69.7079 69.7607
1787 69.7079 69.7837
1788 69.7079 69.7642
1789 69.7079 69.7177
1790 69.7079 69.727
1791 69.7079 69.7812
1792 69.7079 69.7612
1793 69.7079 69.743
1794 69.7079 69.7079
1795 69.7079 69.7079
1796 69.7079 69.7079
1797 69.7079 69.7621
1798 69.7079 69.7867
1799 69.7079 69.771
1800 69.7079 69.7977
1801 69.7079 69.7079
1802 69.7079 69.7079
1803 69.7079 69.7145
1804 69.7079 69.7385
1805 69.7079 69.7704
1806 69.7079 69.7854
1807 69.7079 69.7094
1808 69.7079 69.7391
1809 69.7079 69.7273
1810 69.7079 69.8866
1811 69.7079 70.0407
1812 69.7079 69.7754
1813 69.7079 70.138
1814 69.7079 69.7109
1815 69.7079 69.7486
1816 69.7079 70.1713
1817 69.7079 69.999
1818 69.7079 69.792
1819 69.7079 69.7103
1820 69.7079 69.9801
1821 69.7079 70.1502
1822 69.7079 69.8522
1823 69.7079 69.8979
1824 69.7079 69.7265
1825 69.7079 69.8139
1826 69.7079 69.8582
1827 69.7079 69.9796
1828 69.7079 69.7431
1829 69.7079 69.7079
1830 69.7079 69.7079
1831 69.7079 69.7079
1832 69.7079 69.8402
1833 69.7079 69.8103
1834 69.7079 69.7548
1835 69.7079 69.8609
1836 69.7079 69.7463
1837 69.7079 69.741
1838 69.7079 69.7957
1839 69.7079 69.7847
1840 69.7079 69.7522
1841 69.7079 69.7726
1842 69.7079 69.7079
1843 69.7079 69.7319
1844 69.7079 69.7079
1845 69.7079 69.7261
1846 69.7079 69.7817
1847 69.7079 69.8611
1848 69.7079 69.7106
1849 69.7079 69.7156
1850 69.7079 69.7133
1851 69.7079 69.7164
1852 69.7079 69.7127
1853 69.7079 69.7079
1854 69.7079 69.733
1855 69.7079 69.82
1856 69.7079 69.7148
1857 69.7079 69.8277
1858 69.7079 69.734
1859 69.7079 69.8108
1860 69.7079 69.7168
1861 69.7079 69.8286
1862 69.7079 69.9777
1863 69.7079 69.7196
1864 69.7079 69.7458
1865 69.7079 69.7404
1866 69.7079 69.7079
1867 69.7079 69.7079
1868 69.2522 69.7171
1869 69.2522 69.6789
1870 69.2522 69.5628
1871 69.2522 69.524
1872 69.2522 69.3253
1873 69.2522 69.4398
1874 69.2522 69.3061
1875 69.2522 69.3795
1876 69.2522 69.3703
1877 69.2522 69.5602
1878 69.2522 69.4406
1879 69.2522 69.2552
1880 69.2522 69.3211
1881 69.2522 69.2838
1882 69.2522 69.3635
1883 69.2522 69.2522
1884 69.2522 69.259
1885 69.2522 69.2695
1886 69.2522 69.3682
1887 69.2522 69.3892
1888 69.2522 69.6828
1889 69.2522 69.7443
1890 69.2522 69.745
1891 69.2522 69.4359
1892 69.2522 69.501
1893 69.2522 69.5576
1894 69.2522 69.4283
1895 69.2522 69.3065
1896 69.2522 69.2653
1897 69.2522 69.2901
1898 69.2522 69.3429
1899 69.2522 69.2902
1900 69.2522 69.4181
1901 69.2522 69.3493
1902 69.2522 69.2765
1903 69.2522 69.256
1904 69.2522 69.3422
1905 69.2522 69.4183
1906 69.2522 69.2779
1907 69.2522 69.2522
1908 69.2522 69.2522
1909 69.2522 69.2537
1910 69.2522 69.301
1911 69.2522 69.3927
1912 69.2522 69.4414
1913 69.2522 69.2686
1914 69.2522 69.3576
1915 69.2522 69.2585
1916 69.2522 69.3161
1917 69.2522 69.3272
1918 69.2522 69.3193
1919 69.2522 69.2616
1920 69.2522 69.2618
1921 69.2522 69.2629
1922 69.2522 69.2633
1923 69.2522 69.2526
1924 69.2522 69.2557
1925 69.2522 69.3699
1926 69.2522 69.292
1927 69.2522 69.2641
1928 69.2522 69.4518
1929 69.2522 69.4443
1930 69.2522 69.3268
1931 69.2522 69.2997
1932 69.2522 69.2814
1933 69.2522 69.4357
1934 69.2522 69.3545
1935 69.2522 69.3358
1936 69.2522 69.3577
1937 69.2522 69.4054
1938 69.2522 69.348
1939 69.2522 69.2522
1940 69.2522 69.2522
1941 69.2522 69.3051
1942 69.2522 69.3418
1943 69.2522 69.3359
1944 69.2522 69.3644
1945 69.2522 69.4015
1946 69.2522 69.3502
1947 69.2522 69.4726
1948 69.2522 69.35
1949 69.2522 69.333
1950 69.2522 69.2522
1951 69.2522 69.3743
1952 69.2522 69.3922
1953 69.2522 69.3789
1954 69.2522 69.2522
1955 69.2522 69.2904
1956 69.2522 69.3729
1957 69.2522 69.3826
1958 69.2522 69.3296
1959 69.2522 69.5466
1960 69.2522 69.5029
1961 69.2522 69.2522
1962 69.2522 69.2522
1963 69.2522 69.2584
1964 69.2522 69.2522
1965 69.2522 69.2522
1966 69.2522 69.536
1967 69.2522 69.3783
1968 69.2522 69.3051
1969 69.2522 69.2522
1970 69.2522 69.2651
1971 69.2522 69.3824
1972 69.2522 69.3716
1973 69.2522 69.4573
1974 69.2522 69.5403
1975 69.2522 69.2522
1976 69.2522 69.2938
1977 69.2522 69.578
1978 69.2522 69.3866
1979 69.2522 69.3587
1980 69.2522 69.2522
1981 69.2522 69.2669
1982 69.2522 69.2562
1983 69.2522 69.2522
1984 69.2522 69.2522
1985 69.2522 69.2762
1986 69.2522 69.2526
1987 69.2522 69.2522
1988 69.2522 69.2522
1989 69.2522 69.2641
1990 69.2522 69.279
1991 69.2522 69.3747
1992 69.2522 69.2566
1993 69.2522 69.7934
1994 69.2522 69.3079
1995 69.2522 69.3028
1996 69.2522 69.2522
1997 69.2522 69.3053
1998 69.2522 69.5231
1999 69.2522 69.467
2000 69.2522 69.2994
2001 69.2522 69.6389
2002 69.2522 70.1417
2003 69.2522 69.5218
2004 69.2522 69.5397
2005 69.2522 69.296
2006 69.2522 69.64
2007 69.2522 69.406
2008 69.2522 69.2828
2009 69.2522 69.2711
2010 69.2522 69.2522
2011 69.2522 69.2544
2012 69.2522 69.272
2013 69.2522 69.5708
2014 69.2522 69.3031
2015 69.2522 69.2522
2016 69.2522 69.3295
2017 69.2522 69.2522
2018 69.2522 69.2522
2019 69.2522 69.2732
2020 69.2522 69.2522
2021 69.2522 69.2855
2022 69.2522 69.3326
2023 69.2522 69.2972
2024 69.2522 69.2522
2025 69.2522 69.3556
2026 69.2522 69.2666
2027 69.2522 69.2856
2028 69.2522 69.4388
2029 69.1844 69.3165
2030 69.1844 69.5055
2031 69.1844 69.4008
2032 69.1844 69.2744
2033 69.1844 69.2512
2034 69.1844 69.1871
2035 69.1844 69.1844
2036 69.1844 69.1897
2037 69.1844 69.2865
2038 69.1844 69.2717
2039 69.1844 69.2515
2040 69.1844 69.3527
2041 69.1844 69.3011
2042 69.1844 69.1844
2043 69.1844 69.1844
2044 69.1844 69.1844
2045 69.1844 69.1844
2046 69.1844 69.1844
2047 69.1844 69.2926
2048 69.1844 69.2001
2049 69.1844 69.1844
2050 69.1844 69.1871
2051 69.1844 69.2412
2052 69.1844 69.2503
2053 69.1844 69.2808
2054 69.1844 69.2922
2055 69.1844 69.1844
2056 69.1844 69.1948
2057 69.1844 69.1948
2058 69.1844 69.2696
2059 69.1844 69.1934
2060 69.1844 69.1844
2061 69.1844 69.2025
2062 69.1844 69.2347
2063 69.1844 69.311
2064 69.1844 69.1968
2065 69.1844 69.2684
2066 69.1844 69.187
2067 69.1844 69.4053
2068 69.1844 69.1844
2069 69.1844 69.2427
2070 69.1844 69.3259
2071 69.1844 69.3895
2072 69.1844 69.2723
2073 69.1844 69.3735
2074 69.1844 69.275
2075 69.1844 69.194
2076 69.1844 69.2061
2077 69.1844 69.3061
2078 69.1844 69.3759
2079 69.1844 69.2853
2080 69.1844 69.1928
2081 69.1844 69.1844
2082 69.1844 69.2129
2083 69.1844 69.1989
2084 69.1844 69.2119
2085 69.1844 69.2886
2086 69.1844 69.1844
2087 69.1844 69.2566
2088 69.1844 69.1844
2089 69.1844 69.1844
2090 69.1844 69.1844
2091 69.1844 69.1844
2092 69.1844 69.1851
2093 69.1844 69.21
2094 69.1844 69.2363
2095 69.1844 69.2742
2096 69.1844 69.4091
2097 69.1844 69.2103
2098 69.1844 69.1881
2099 69.1844 69.2061
2100 69.1844 69.2018
2101 69.1844 69.204
2102 69.1844 69.269
2103 69.1844 69.2444
2104 69.1844 69.1844
2105 69.1844 69.2
2106 69.1844 69.1844
2107 69.1844 69.2424
2108 69.1844 69.1862
2109 69.1844 69.1969
2110 69.1844 69.1844
2111 69.1844 69.1952
2112 69.1844 69.1844
2113 69.1844 69.1938
2114 69.1844 69.2191
2115 69.1844 69.1844
2116 69.1844 69.2313
2117 69.1844 69.3809
2118 69.1844 69.3699
2119 69.1844 69.3778
2120 69.1844 69.3939
2121 69.1844 69.1857
2122 69.1844 69.1844
2123 69.1844 69.1844
2124 69.1844 69.1844
2125 69.1844 69.2109
2126 69.1844 69.2279
2127 69.1844 69.265
2128 69.1844 69.1844
2129 69.1844 69.2072
2130 69.1844 69.1916
2131 69.1844 69.1923
2132 69.1844 69.1844
2133 69.1844 69.3986
2134 69.1844 69.3992
2135 69.1844 69.3797
2136 69.1844 69.3831
2137 69.1844 69.2385
2138 69.1844 69.2706
2139 69.1844 69.5794
2140 69.1844 69.3829
2141 69.1844 69.1958
2142 69.1844 69.2055
2143 69.1844 69.3071
2144 69.1844 69.3073
2145 69.1844 69.2935
2146 69.1844 69.2423
2147 69.1844 69.2579
2148 69.1844 69.9193
2149 69.1844 69.5798
2150 69.1844 69.5705
2151 69.1844 69.3478
2152 69.1844 69.3151
2153 69.1844 69.2874
2154 69.1844 69.3119
2155 69.1844 69.2162
2156 69.1844 69.1844
2157 69.1844 69.2753
2158 69.1844 69.2036
2159 69.1844 69.239
2160 69.1844 69.3061
2161 69.1844 69.326
2162 69.1844 69.2914
2163 69.1844 69.262
2164 69.1844 69.2587
2165 69.1844 69.1881
2166 69.1844 69.2046
2167 69.1844 69.2259
2168 69.1844 69.1844
2169 69.1844 69.2368
2170 69.1844 69.3203
2171 69.1844 69.2825
2172 69.1844 69.298
2173 69.1844 69.1872
2174 69.1844 69.1844
2175 69.1844 69.1844
2176 69.1844 69.1853
2177 69.1844 69.1846
2178 69.1844 69.2493
2179 69.1844 69.2024
2180 69.1844 69.1844
2181 69.1844 69.2115
2182 69.1844 69.2877
2183 69.1844 69.3046
2184 69.1844 69.3962
2185 69.1844 69.1931
2186 69.1844 69.2031
2187 69.1844 69.1844
2188 69.1844 69.1844
2189 69.1844 69.1844
2190 69.1844 69.1875
2191 69.1844 69.1844
2192 69.1844 69.192
2193 69.1844 69.22
2194 69.1844 69.3226
2195 69.1844 69.2005
2196 69.1844 69.3259
2197 69.1844 69.4817
2198 69.1844 69.3135
2199 69.1844 69.4043
2200 69.1844 69.2987
2201 69.1844 69.2647
2202 69.1844 69.1844
2203 69.1844 69.1864
2204 69.1844 69.2248
2205 69.1844 69.1844
2206 69.1844 69.1844
2207 69.1844 69.2898
2208 69.1844 69.1844
2209 69.1844 69.1844
2210 69.1844 69.1844
2211 69.1844 69.1844
2212 69.1844 69.188
2213 69.1844 69.2678
2214 69.1844 69.1844
2215 69.1844 69.2111
2216 69.1844 69.1846
2217 69.1844 69.2068
2218 69.1844 69.2887
2219 69.1844 69.1844
2220 69.1844 69.1844
2221 69.1844 69.1844
2222 69.1844 69.2378
2223 69.1844 69.1876
2224 69.1844 69.1931
2225 69.1844 69.2556
2226 69.1844 69.2053
2227 69.1844 69.1844
2228 69.1844 69.1844
2229 69.1844 69.2474
2230 69.1844 69.1844
2231 69.1844 69.1862
2232 69.1844 69.2046
2233 69.1844 69.2127
2234 69.1844 69.2036
2235 69.1844 69.1844
2236 69.1844 69.1844
2237 69.1844 69.1844
2238 69.1844 69.1855
2239 69.1844 69.1844
2240 69.1844 69.1844
2241 69.1844 69.1923
2242 69.1844 69.3909
2243 69.1844 69.3838
2244 69.1844 69.1947
2245 69.1844 69.2333
2246 69.1844 69.2284
2247 69.1844 69.2383
2248 69.1844 69.2743
2249 69.1844 69.3451
2250 69.1844 69.2639
2251 69.1844 69.2467
2252 69.1844 69.3544
2253 69.1844 69.219
2254 69.1844 69.4383
2255 69.1844 69.6198
2256 69.1844 69.4305
2257 69.1844 69.187
2258 69.1844 69.1872
2259 69.1844 69.5199
2260 69.1844 69.543
2261 69.1844 69.1937
2262 69.1844 69.1844
2263 69.1844 69.1948
2264 69.1844 69.2219
2265 69.1844 69.2684
2266 69.1844 69.2025
2267 69.1844 69.2259
2268 69.1844 69.2652
2269 69.1844 69.2329
2270 69.1844 69.3674
2271 69.1844 69.3452
2272 69.1844 69.1844
2273 69.1844 69.2342
2274 69.1844 69.3599
2275 69.1844 69.2508
2276 69.1844 69.4865
2277 69.1844 69.2977
2278 69.1844 69.2218
2279 69.1844 69.2238
2280 69.1844 69.2085
2281 69.1844 69.2305
2282 69.1844 69.2252
2283 69.1844 69.2585
2284 69.1844 69.3481
2285 69.1844 69.2294
2286 69.1844 69.1844
2287 69.1844 69.3166
2288 69.1844 69.4495
2289 69.1844 69.2125
2290 69.1844 69.2729
2291 69.1844 69.1961
2292 69.1844 69.2762
2293 69.1844 69.1975
2294 69.1844 69.2684
2295 69.1844 69.2545
2296 69.1844 69.2351
2297 69.1844 69.1969
2298 69.1844 69.1985
2299 69.1844 69.302
2300 69.1844 69.4368
2301 69.1844 69.3203
2302 69.1844 69.2864
2303 69.1844 69.3272
2304 69.1844 69.2135
2305 69.1844 69.1844
2306 69.1844 69.1844
2307 69.1844 69.2098
2308 69.1844 69.1996
2309 69.1844 69.185
2310 69.1844 69.1857
2311 69.1844 69.2611
2312 69.1844 69.1844
2313 69.1844 69.2597
2314 69.1844 69.1844
2315 69.1844 69.1933
2316 69.1844 69.1844
2317 69.1844 69.1875
2318 69.1844 69.2649
2319 69.1844 69.1844
2320 69.1844 69.1844
2321 69.1844 69.1844
2322 69.1844 69.1844
2323 69.1844 69.1925
2324 69.1844 69.1999
2325 69.1844 69.1984
2326 69.1844 69.2025
2327 69.1844 69.3189
2328 69.1844 69.2592
2329 69.1844 69.1844
2330 69.1844 69.1844
2331 69.1844 69.1844
2332 69.1844 69.269
2333 69.1844 69.193
2334 69.1844 69.2204
2335 69.1844 69.2232
2336 69.1844 69.1928
2337 69.1844 69.1844
2338 69.1844 69.1844
2339 69.1844 69.1844
2340 69.1844 69.1844
2341 69.1844 69.2366
2342 69.1844 69.1844
2343 69.1844 69.1844
2344 69.1844 69.1844
2345 69.1844 69.1981
2346 69.1844 69.1844
2347 69.1844 69.1844
2348 69.1844 69.1936
2349 69.1844 69.1851
2350 69.1844 69.2773
2351 69.1844 69.2055
2352 69.1844 69.2488
2353 69.1844 69.2143
2354 69.1844 69.1844
2355 69.1844 69.2181
2356 69.1844 69.1948
2357 69.1844 69.1844
2358 69.1844 69.2573
2359 69.1844 69.3384
2360 69.1844 69.2256
2361 69.1844 69.374
2362 69.1844 69.3528
2363 69.1844 69.2796
2364 69.1844 69.1844
2365 69.1844 69.1844
2366 69.1844 69.1973
2367 69.1844 69.1956
2368 69.1844 69.1867
2369 69.1844 69.1844
2370 69.1844 69.1844
2371 69.1844 69.1844
2372 69.1844 69.1844
2373 69.1844 69.1844
2374 69.1844 69.215
2375 69.1844 69.1844
2376 69.1844 69.2525
2377 69.1844 69.1844
2378 69.1844 69.2225
2379 69.1844 69.2179
2380 69.1844 69.3009
2381 69.1844 69.2547
2382 69.1844 69.2112
2383 69.1844 69.2118
2384 69.1844 69.2178
2385 69.1844 69.2781
2386 69.1844 69.2967
2387 69.1844 69.1936
2388 69.1844 69.2711
2389 69.1844 69.1844
2390 69.1844 69.1959
2391 69.1844 69.2546
2392 69.1844 69.4239
2393 69.1844 69.3977
2394 69.1844 69.2906
2395 69.1844 69.2035
2396 69.1844 69.297
2397 69.1844 69.3501
2398 69.1844 69.2487
2399 69.1844 69.2665
2400 69.1844 69.1969
2401 69.1844 69.3001
2402 69.1844 69.1844
2403 69.1844 69.1844
2404 69.1844 69.1987
2405 69.1844 69.1844
2406 69.1844 69.256
2407 69.1844 69.2565
2408 69.1844 69.4189
2409 69.1844 69.2447
2410 69.1844 69.2914
2411 69.1844 69.2411
2412 69.1844 69.3177
2413 69.1844 69.3016
2414 69.1844 69.4515
2415 69.1844 69.2766
2416 69.1844 69.3104
2417 69.1844 69.2159
2418 69.1844 69.1923
2419 69.1844 69.2636
2420 69.1844 69.2193
2421 69.1844 69.2132
2422 69.1844 69.3165
2423 69.1844 69.2647
2424 69.1844 69.2035
2425 69.1844 69.3235
2426 69.1844 69.2472
2427 69.1844 69.1844
2428 69.1844 69.1872
2429 69.1844 69.194
2430 69.1844 69.1844
2431 69.1844 69.2594
2432 69.1844 69.1899
2433 69.1844 69.2433
2434 69.1844 69.1967
2435 69.1844 69.1891
2436 69.1844 69.2027
2437 69.1844 69.2002
2438 69.1844 69.433
2439 69.1844 69.5544
2440 69.1844 69.2203
2441 69.1844 69.4092
2442 69.1844 69.4515
2443 69.1844 69.2929
2444 69.0031 69.6294
2445 69.0031 69.3566
2446 69.0031 69.5445
2447 69.0031 69.5835
2448 69.0031 69.2557
2449 69.0031 69.0071
2450 69.0031 69.0031
2451 69.0031 69.0031
2452 69.0031 69.0782
2453 69.0031 69.0108
2454 69.0031 69.0348
2455 69.0031 69.0631
2456 69.0031 69.0504
2457 69.0031 69.0031
2458 69.0031 69.0346
2459 69.0031 69.0477
2460 69.0031 69.0031
2461 69.0031 69.0031
2462 69.0031 69.1975
2463 69.0031 69.2311
2464 69.0031 69.1108
2465 69.0031 69.0047
2466 69.0031 69.0031
2467 69.0031 69.0618
2468 69.0031 69.0218
2469 69.0031 69.0936
2470 69.0031 69.4278
2471 69.0031 69.2959
2472 69.0031 69.0172
2473 69.0031 69.0031
2474 69.0031 69.0031
2475 68.6369 69.002
2476 68.6369 68.9434
2477 68.6369 68.827
2478 68.6369 68.7523
2479 68.6369 68.7704
2480 68.6369 68.8941
2481 68.6369 68.6369
2482 68.6369 68.6369
2483 68.6369 68.6369
2484 68.6369 68.6371
2485 68.6369 68.6646
2486 68.6369 68.7576
2487 68.6369 68.6816
2488 68.6369 68.6687
2489 68.6369 68.7937
2490 68.6369 68.6746
2491 68.6369 68.7242
2492 68.6369 68.7273
2493 68.6369 68.6369
2494 68.6369 68.703
2495 68.6369 68.7157
2496 68.6369 68.6884
2497 68.6369 68.757
2498 68.6369 68.6624
2499 68.6369 68.6745
2500 68.6369 68.6537
2501 68.6369 68.719
2502 68.6369 68.6369
2503 68.6369 68.6369
2504 68.6369 68.6429
2505 68.6369 68.6449
2506 68.6369 68.6411
2507 68.6369 68.6953
2508 68.6369 68.6769
2509 68.4733 68.6501
2510 67.9362 68.6682
2511 67.9362 68.5113
2512 67.9362 68.5259
2513 67.9362 68.2206
2514 67.9362 68.0147
2515 67.9362 68.1975
2516 67.9362 67.9857
2517 67.9362 67.9905
2518 67.9362 68.0273
2519 67.9362 67.9688
2520 67.9362 67.9442
2521 67.9362 67.9605
2522 67.9362 68.0125
2523 67.9362 68.0029
2524 67.9362 67.9362
2525 67.9362 67.9362
2526 67.9362 67.9362
2527 67.1569 67.9341
2528 67.1569 67.9105
2529 67.1569 67.5651
2530 67.1569 67.4724
2531 67.1569 67.3026
2532 67.1569 67.1738
2533 67.1569 67.2039
2534 67.1569 67.1856
2535 67.1569 67.1569
2536 67.1569 67.1903
2537 67.1569 67.1569
2538 67.1569 67.1941
2539 67.1569 67.2484
2540 67.1569 67.1969
2541 67.1569 67.1569
2542 67.1569 67.2014
2543 67.1569 67.2993
2544 67.1569 67.6896
2545 67.1569 67.6022
2546 67.1569 67.9474
2547 67.1569 67.3557
2548 67.1569 67.1663
2549 67.1569 67.1569
2550 67.1569 67.1604
2551 67.1569 67.1646
2552 67.1569 67.1736
2553 67.1569 67.2166
2554 67.1569 67.1569
2555 67.1569 67.1569
2556 67.1569 67.1569
2557 67.1569 67.1569
2558 67.1569 67.1569
2559 67.1569 67.1784
2560 67.1569 67.1687
2561 67.1569 67.1786
2562 67.1569 67.1589
2563 67.1569 67.1693
2564 67.1569 67.1781
2565 67.1569 67.2631
2566 67.1569 67.1569
2567 67.1569 67.2004
2568 67.1569 67.3212
2569 67.1569 67.1569
2570 67.1569 67.2288
2571 67.1569 67.1836
2572 67.1569 67.352
2573 67.1569 67.4581
2574 67.1569 67.2389
2575 67.1569 67.2076
2576 67.1569 67.3732
2577 67.1569 67.2333
2578 67.1569 67.1625
2579 67.1569 67.2376
2580 67.1569 67.3042
2581 67.1569 67.8665
2582 67.1569 67.3432
2583 67.1569 67.2526
2584 67.1569 67.2639
2585 67.1569 67.2344
2586 67.1569 67.1569
2587 67.1569 67.1569
2588 67.1569 67.1569
2589 67.1569 67.1569
2590 67.1569 67.1569
2591 67.1569 67.175
2592 67.1569 67.4069
2593 67.1569 67.4687
2594 67.1569 67.1569
2595 67.1569 67.1569
2596 67.1569 67.1569
2597 67.1569 67.1963
2598 67.1569 67.2218
2599 67.1569 67.1711
2600 67.1569 67.1598
2601 67.1569 67.1569
2602 67.1569 67.212
2603 67.1569 67.1796
2604 67.1569 67.3091
2605 67.1569 67.3357
2606 67.1569 67.3936
2607 67.1569 67.3063
2608 67.1569 67.2544
2609 67.1569 67.3397
2610 67.1569 67.2146
2611 67.1569 67.1595
2612 67.1569 67.1569
2613 67.1569 67.1569
2614 67.1569 67.1569
2615 67.1569 67.157
2616 67.1569 67.3303
2617 67.1569 67.1606
2618 67.1569 67.1569
2619 67.1569 67.1578
2620 67.1569 67.158
2621 67.1569 67.2593
2622 67.1569 67.3141
2623 67.1569 67.2895
2624 67.1569 67.3162
2625 67.1569 67.1593
2626 67.1569 67.264
2627 67.1569 67.1894
2628 67.1569 67.2946
2629 67.1569 67.1569
2630 67.1569 67.1569
2631 67.1569 67.1977
2632 67.1569 67.2669
2633 67.1569 67.1816
2634 67.1569 67.1569
2635 67.1569 67.1569
2636 67.1569 67.1809
2637 67.1569 67.1902
2638 67.1569 67.1569
2639 67.1569 67.1795
2640 67.1569 67.257
2641 67.1569 67.2321
2642 67.1569 67.2558
2643 67.1569 67.1839
2644 67.1569 67.2391
2645 67.1569 67.1569
2646 67.1569 67.2833
2647 67.1569 67.2582
2648 67.1569 67.2124
2649 67.1569 67.2569
2650 67.1569 67.5269
2651 67.1569 67.2061
2652 67.1569 67.1913
2653 67.1569 67.4585
2654 67.1569 67.2287
2655 67.1569 67.22
2656 67.1569 67.2264
2657 67.1569 67.1993
2658 67.1569 67.3654
2659 67.1569 67.2454
2660 67.1569 67.3279
2661 67.1569 67.2283
2662 67.1569 67.3164
2663 67.1569 67.3267
2664 67.1569 67.3306
2665 67.1569 67.3221
2666 67.1569 67.1736
2667 67.1569 67.2199
2668 67.1569 67.207
2669 67.1569 67.1569
2670 67.1569 67.2117
2671 67.1569 67.1796
2672 67.1569 67.1569
2673 67.1569 67.1569
2674 67.1569 67.2098
2675 67.1569 67.2268
2676 67.1569 67.1569
2677 67.1569 67.1871
2678 67.1569 67.1569
2679 67.1569 67.1569
2680 67.1569 67.1569
2681 67.1569 67.1569
2682 67.1569 67.2874
2683 67.1569 67.2069
2684 67.1569 67.2291
2685 67.1569 67.3552
2686 67.1569 67.3592
2687 67.1569 67.3654
2688 67.1569 67.5229
2689 67.1569 67.3283
2690 67.1569 67.3251
2691 67.1569 67.3886
2692 67.1569 67.1968
2693 67.1569 67.159
2694 67.1569 67.2885
2695 67.1569 67.2629
2696 67.1569 67.2399
2697 67.1569 67.3266
2698 67.1569 67.1752
2699 67.1569 67.2781
2700 67.1569 67.6192
2701 67.1569 67.557
2702 67.1569 67.3824
2703 67.1569 67.3286
2704 67.1569 67.2474
2705 67.1569 67.1948
2706 67.1569 67.1634
2707 67.1569 67.2076
2708 67.1569 67.2059
2709 67.1569 67.1569
2710 67.1569 67.1994
2711 67.1569 67.1688
2712 67.1569 67.213
2713 67.1569 67.1715
2714 67.1569 67.1569
2715 67.1569 67.2552
2716 67.1569 67.1777
2717 67.1569 67.1905
2718 67.1569 67.3039
2719 67.1569 67.338
2720 67.1569 67.2756
2721 67.1569 67.2019
2722 67.1569 67.2173
2723 67.1569 67.2704
2724 67.1569 67.1569
2725 67.1569 67.1631
2726 67.1569 67.1589
2727 67.1569 67.1664
2728 67.1569 67.2106
2729 67.1569 67.3825
2730 67.1569 67.274
2731 67.1569 67.2644
2732 67.1569 67.1746
2733 67.1569 67.1581
2734 67.1569 67.1569
2735 67.1569 67.1569
2736 67.1569 67.1614
2737 67.1569 67.2835
2738 67.1569 67.1773
2739 67.1569 67.1854
2740 67.1569 67.5531
2741 67.1569 67.2631
2742 67.1569 67.2119
2743 67.1569 67.2305
2744 67.1569 67.1569
2745 67.1569 67.2174
2746 67.1569 67.1834
2747 67.1569 67.1623
2748 67.1569 67.2151
2749 67.1569 67.1569
2750 67.1569 67.1569
2751 67.1569 67.1701
2752 67.1569 67.1738
2753 67.1569 67.1646
2754 67.1569 67.2235
2755 67.1569 67.1948
2756 67.1569 67.1581
2757 67.1569 67.1569
2758 67.1569 67.1639
2759 67.1569 67.3823
2760 67.1569 67.1716
2761 67.1569 67.191
2762 67.1569 67.3092
2763 67.1569 67.4477
2764 67.1569 67.3716
2765 67.1569 67.384
2766 67.1569 67.2629
2767 67.1569 67.2239
2768 67.1569 67.2066
2769 67.1569 67.2332
2770 67.1569 67.4572
2771 67.1569 67.1577
2772 67.1569 67.2125
2773 67.1569 67.1719
2774 67.1569 67.1569
2775 67.1569 67.1569
2776 67.1569 67.1569
2777 67.1569 67.3451
2778 67.1569 67.1569
2779 67.1569 67.1789
2780 67.1569 67.1569
2781 67.1569 67.1932
2782 67.1569 67.2974
2783 67.1569 67.5247
2784 67.1569 67.2762
2785 67.1569 67.1569
2786 67.1569 67.1569
2787 67.1569 67.1803
2788 67.1569 67.1569
2789 67.1569 67.1638
2790 67.1569 67.1716
2791 67.1569 67.2417
2792 67.1569 67.2357
2793 67.1569 67.3486
2794 67.1569 67.4839
2795 67.1569 67.3258
2796 67.1569 67.4489
2797 67.1569 67.2272
2798 67.1569 67.1569
2799 67.1569 67.3076
2800 67.1569 67.1978
2801 67.1569 67.167
2802 67.1569 67.2819
2803 67.1569 67.2548
2804 67.1569 67.2132
2805 67.1569 67.1642
2806 67.1569 67.2015
2807 67.1569 67.2107
2808 67.1569 67.1586
2809 67.1569 67.3054
2810 67.1569 67.2238
2811 67.1569 67.1579
2812 67.1569 67.1569
2813 67.1569 67.1571
2814 67.1569 67.1911
2815 67.1569 67.2474
2816 67.1569 67.1831
2817 67.1569 67.3009
2818 67.1569 67.1569
2819 67.1569 67.1569
2820 67.1569 67.1569
2821 67.1569 67.1623
2822 67.1569 67.186
2823 67.1569 67.1569
2824 67.1569 67.1613
2825 67.1569 67.1569
2826 67.1569 67.1569
2827 67.1569 67.1569
2828 67.1569 67.1581
2829 67.1569 67.1957
2830 67.1569 67.1636
2831 67.1569 67.2351
2832 67.1569 67.2855
2833 67.1569 67.1673
2834 67.1569 67.1569
2835 67.1569 67.2557
2836 67.1569 67.1569
2837 67.1569 67.1985
2838 67.1569 67.2592
2839 67.1569 67.2325
2840 67.1569 67.2558
2841 67.1569 67.1701
2842 67.1569 67.3086
2843 67.1569 67.2382
2844 67.1569 67.1864
2845 67.1569 67.3055
2846 67.1569 67.1569
2847 67.1569 67.1569
2848 67.1569 67.1569
2849 67.1569 67.1569
2850 67.1569 67.171
2851 67.1569 67.1569
2852 67.1569 67.2228
2853 67.1569 67.1816
2854 67.1569 67.2265
2855 67.1569 67.2106
2856 67.1569 67.2216
2857 67.1569 67.216
2858 67.1569 67.2668
2859 67.1569 67.2011
2860 67.1569 67.2274
2861 67.1569 67.1569
2862 67.1569 67.1592
2863 67.1569 67.2258
2864 67.1569 67.1923
2865 67.1569 67.2618
2866 67.1569 67.2729
2867 67.1569 67.1874
2868 67.1569 67.1581
2869 67.1569 67.1569
2870 67.1569 67.1569
2871 67.1569 67.1913
2872 67.1569 67.3877
2873 67.1569 67.2277
2874 67.1569 67.1569
2875 67.1569 67.1637
2876 67.1569 67.171
2877 67.1569 67.1598
2878 67.1569 67.2588
2879 67.1569 67.1569
2880 67.1569 67.1623
2881 67.1569 67.1816
2882 67.1569 67.3503
2883 67.1569 67.207
2884 67.1569 67.1787
2885 67.1569 67.2554
2886 67.1569 67.1569
2887 67.1569 67.1569
2888 67.1569 67.1569
2889 67.1569 67.1569
2890 67.1569 67.1569
2891 67.1569 67.1652
2892 67.1569 67.1627
2893 67.1569 67.2276
2894 67.1569 67.5463
2895 67.1569 67.3246
2896 67.1569 67.3354
2897 67.1569 67.28
2898 67.1569 67.1569
2899 67.1569 67.2373
2900 67.1569 67.168
2901 67.1569 67.1569
2902 67.1569 67.159
2903 67.1569 67.1569
2904 67.1569 67.1569
2905 67.1569 67.3224
2906 67.1569 67.1569
2907 67.1569 67.2176
2908 67.1569 67.2244
2909 67.1569 67.2522
2910 67.1569 67.2007
2911 67.1569 67.2748
2912 67.1569 67.2608
2913 67.1569 67.1885
2914 67.1569 67.4875
2915 67.1569 67.1737
2916 67.1569 67.1569
2917 67.1569 67.1569
2918 67.1569 67.1569
2919 67.1569 67.245
2920 67.1569 67.1698
2921 67.1569 67.1569
2922 67.1569 67.1666
2923 67.1569 67.1617
2924 67.1569 67.218
2925 67.1569 67.2048
2926 67.1569 67.1576
2927 67.1569 67.1755
2928 67.1569 67.1569
2929 67.1569 67.1608
2930 67.1569 67.3173
2931 67.1569 67.1819
2932 67.1569 67.1593
2933 67.1569 67.1685
2934 67.1569 67.1768
2935 67.1569 67.2171
2936 67.1569 67.1569
2937 67.1569 67.1618
2938 67.1569 67.2718
2939 67.1569 67.303
2940 67.1569 67.1915
2941 67.1569 67.1598
2942 67.1569 67.2921
2943 67.1569 67.1589
2944 67.1569 67.4567
2945 67.1569 67.384
2946 67.1569 67.3376
2947 67.1569 67.3626
2948 67.1569 67.53
2949 67.1569 67.4134
2950 67.1569 67.2104
2951 67.1569 67.191
2952 67.1569 67.1569
2953 67.1569 67.2084
2954 67.1569 67.3049
2955 67.1569 67.302
2956 67.1569 67.1835
2957 67.1569 67.1569
2958 67.1569 67.1578
2959 67.1569 67.1569
2960 67.1569 67.1569
2961 67.1569 67.1854
2962 67.1569 67.1586
2963 67.1569 67.1791
2964 67.1569 67.2838
2965 67.1569 67.1624
2966 67.1569 67.1569
2967 67.1569 67.1635
2968 67.1569 67.1569
2969 67.1569 67.1569
2970 67.1569 67.1785
2971 67.1569 67.3464
2972 67.1569 67.4568
2973 67.1569 67.2508
2974 67.1569 67.2809
2975 67.1569 67.175
2976 67.1569 67.1579
2977 67.1569 67.2567
2978 67.1569 67.1914
2979 67.1569 67.1798
2980 67.1569 67.2995
2981 67.1569 67.4101
2982 67.1569 67.1939
2983 67.1569 67.1778
2984 67.1569 67.1749
2985 67.1569 67.1569
2986 67.1569 67.1569
2987 67.1569 67.1597
2988 67.1569 67.2545
2989 67.1569 67.1569
2990 67.1569 67.1915
2991 67.1569 67.1569
2992 67.1569 67.1581
2993 67.1569 67.1638
2994 67.1569 67.1589
2995 67.1569 67.1569
2996 67.1569 67.2626
2997 67.1569 67.204
2998 67.1569 67.2296
2999 67.1569 67.1569
3000 67.1569 67.2711
3001 67.1569 67.1569
3002 67.1569 67.1859
3003 67.1569 67.1777
3004 67.1569 67.1714
3005 67.1569 67.1569
3006 67.1569 67.1759
3007 67.1569 67.2872
3008 67.1569 67.2257
3009 67.1569 67.3258
3010 67.1569 67.1608
3011 67.1569 67.1569
3012 67.1569 67.1777
3013 67.1569 67.2507
3014 67.1569 67.2224
3015 67.1569 67.2267
3016 67.1569 67.4657
3017 67.1569 67.2332
3018 67.1569 67.1883
3019 67.1569 67.1773
3020 67.1569 67.1789
3021 67.1569 67.7477
3022 67.1569 67.3047
3023 67.1569 67.1879
3024 67.1569 67.1866
3025 67.1569 67.1769
3026 67.1569 67.2262
3027 67.1569 67.1569
3028 67.1569 67.169
3029 67.1569 67.247
3030 67.1569 67.3231
3031 67.1569 67.3632
3032 67.1569 67.3288
3033 67.1569 67.1821
3034 67.1569 67.1569
3035 67.1569 67.1702
3036 67.1569 67.1569
3037 67.1569 67.1569
3038 67.1569 67.3046
3039 67.1569 67.3808
3040 67.1569 67.2115
3041 67.1569 67.1569
3042 67.1569 67.2427
3043 67.1569 67.3584
3044 67.1569 67.4935
3045 67.1569 67.2531
3046 67.1569 67.2826
3047 67.1569 67.2858
3048 67.1569 67.1583
3049 67.1569 67.3407
3050 67.1569 67.3068
3051 67.1569 67.2512
3052 67.1569 67.3023
3053 67.1569 67.3048
3054 67.1569 67.2449
3055 67.1569 67.181
3056 67.1569 67.2085
3057 67.1569 67.2755
3058 67.1569 67.4065
3059 67.1569 67.1838
3060 67.1569 67.1976
3061 67.1569 67.1686
3062 67.1569 67.159
3063 67.1569 67.17
3064 67.1569 67.3694
3065 67.1569 67.2936
3066 67.1569 67.4027
3067 67.1569 67.1604
3068 67.1569 67.176
3069 67.1569 67.1716
3070 67.1569 67.1569
3071 67.1569 67.1569
3072 67.1569 67.2576
3073 67.1569 67.1694
3074 67.1569 67.239
3075 67.1569 67.1578
3076 67.1569 67.1609
3077 67.1569 67.1889
3078 67.1569 67.1894
3079 67.1569 67.3144
3080 67.1569 67.3115
3081 67.1569 67.1569
3082 67.1569 67.1958
3083 67.1569 67.1802
3084 67.1569 67.2527
3085 67.1569 67.3463
3086 67.1569 67.1579
3087 67.1569 67.1708
3088 67.1569 67.1569
3089 67.1569 67.1675
3090 67.1569 67.1979
3091 67.1569 67.2081
3092 67.1569 67.1916
3093 67.1569 67.2013
3094 67.1569 67.1718
3095 67.1569 67.1569
3096 67.1569 67.1699
3097 67.1569 67.244
3098 67.1569 67.244
3099 67.1569 67.2912
3100 67.1569 67.224
3101 67.1569 67.1569
3102 67.1569 67.1569
3103 67.1569 67.1961
3104 67.1569 67.1871
3105 67.1569 67.2257
3106 67.1569 67.2866
3107 67.1569 67.1569
3108 67.1569 67.1569
3109 67.1569 67.1569
3110 67.1569 67.1989
3111 67.1569 67.2274
3112 67.1569 67.1745
3113 67.1569 67.3039
3114 67.1569 67.2151
3115 67.1569 67.161
3116 67.1569 67.2089
3117 67.1569 67.464
3118 67.1569 67.4212
3119 67.1569 67.1805
3120 67.1569 67.5396
3121 67.1569 67.279
3122 67.1569 67.4164
3123 67.1569 67.2875
3124 67.1569 67.2071
3125 67.1569 67.3497
3126 67.1569 67.1569
3127 67.1569 67.1569
3128 67.1569 67.1569
3129 67.1569 67.2867
3130 67.1569 67.2469
3131 67.1569 67.379
3132 67.1569 67.4061
3133 67.1569 67.3604
3134 67.1569 67.3762
3135 67.1569 67.2616
3136 67.1569 67.1575
3137 67.1569 67.219
3138 67.1569 67.2576
3139 67.1569 67.1637
3140 67.1569 67.1569
3141 67.1569 67.1569
3142 67.1569 67.2323
3143 67.1569 67.2271
3144 67.1569 67.2245
3145 67.1569 67.1842
3146 67.1569 67.163
3147 67.1569 67.1835
3148 67.1569 67.3197
3149 67.1569 67.1569
3150 67.1569 67.1592
3151 67.1569 67.2185
3152 67.1569 67.1569
3153 67.1569 67.1569
3154 67.1569 67.1569
3155 67.1569 67.1569
3156 67.1569 67.3874
3157 67.1569 67.2471
3158 67.1569 67.1731
3159 67.1569 67.1747
3160 67.1569 67.1569
3161 67.1569 67.2858
3162 67.1569 67.1569
3163 67.1569 67.2222
3164 67.1569 67.2365
3165 67.1569 67.3037
3166 67.1569 67.1722
3167 67.1569 67.1569
3168 67.1569 67.1569
3169 67.1569 67.1569
3170 67.1569 67.2443
3171 67.1569 67.189
3172 67.1569 67.1569
3173 67.1569 67.1965
3174 67.1569 67.1969
3175 67.1569 67.3531
3176 67.1569 67.3321
3177 67.1569 67.2827
3178 67.1569 67.2263
3179 67.1569 67.2332
3180 67.1569 67.297
3181 67.1569 67.1571
3182 67.1569 67.3333
3183 67.1569 67.2056
3184 67.1569 67.1569
3185 67.1569 67.1569
3186 67.1569 67.1569
3187 67.1569 67.1569
3188 67.1569 67.1569
3189 67.1569 67.1601
3190 67.1569 67.2153
3191 67.1569 67.2728
3192 67.1569 67.1569
3193 67.1569 67.1786
3194 67.1569 67.2416
3195 67.1569 67.2887
3196 67.1569 67.237
3197 67.1569 67.3759
3198 67.1569 67.7628
3199 67.1569 67.2322
3200 67.1569 67.1569
3201 67.1569 67.3822
3202 67.1569 67.1943
3203 67.1569 67.1569
3204 67.1569 67.1689
3205 67.1569 67.3733
3206 67.1569 67.5736
3207 67.1569 67.3228
3208 67.1569 67.3899
3209 67.1569 67.1833
3210 67.1569 67.1569
3211 67.1569 67.1569
3212 67.1569 67.18
3213 67.1569 67.2611
3214 67.1569 67.3007
3215 67.1569 67.3782
3216 67.1569 67.2715
3217 67.1569 67.3354
3218 67.1569 67.1765
3219 67.1569 67.1578
3220 67.1569 67.1569
3221 67.1569 67.1569
3222 67.1569 67.2923
3223 67.1569 67.1762
3224 67.1569 67.2232
3225 67.1569 67.2048
3226 67.1569 67.1569
3227 67.1569 67.1706
3228 67.1569 67.1577
3229 67.1569 67.1644
3230 67.1569 67.1816
3231 67.1569 67.2325
3232 67.1569 67.1569
3233 67.1569 67.1804
3234 67.1569 67.3459
3235 67.1569 67.2403
3236 67.1569 67.1994
3237 67.1569 67.1924
3238 67.1569 67.2396
3239 67.1569 67.2071
3240 67.1569 67.3381
3241 67.1569 67.1882
3242 67.1569 67.3619
3243 67.1569 67.3011
3244 67.1569 67.3048
3245 67.1569 67.2534
3246 67.1569 67.1767
3247 67.1569 67.1569
3248 67.1569 67.2966
3249 67.1569 67.1569
3250 67.1569 67.1569
3251 67.1569 67.1584
3252 67.1569 67.1569
3253 67.1569 67.2006
3254 67.1569 67.423
3255 67.1569 67.278
3256 67.1569 67.3565
3257 67.1569 67.1684
3258 67.1569 67.3031
3259 67.1569 67.3698
3260 67.1569 67.2029
3261 67.1569 67.2007
3262 67.1569 67.2109
3263 67.1569 67.157
3264 67.1569 67.1834
3265 67.1569 67.2146
3266 67.1569 67.1845
3267 67.1569 67.1569
3268 67.1569 67.1736
3269 67.1569 67.4014
3270 67.1569 67.1873
3271 67.1569 67.1602
3272 67.1569 67.2519
3273 67.1569 67.1931
3274 67.1569 67.2822
3275 67.1569 67.3052
3276 67.1569 67.2223
3277 67.1569 67.1609
3278 67.1569 67.1878
3279 67.1569 67.1747
3280 67.1569 67.2966
3281 67.1569 67.1964
3282 67.1569 67.2193
3283 67.1569 67.1831
3284 67.1569 67.1814
3285 67.1569 67.19
3286 67.1569 67.1677
3287 67.1569 67.1772
3288 67.1569 67.2483
3289 67.1569 67.1714
3290 67.1569 67.1942
3291 67.1569 67.3529
3292 67.1569 67.7227
3293 67.1569 67.3479
3294 67.1569 67.1821
3295 67.1569 67.2173
3296 67.1569 67.2405
3297 67.1569 67.2895
3298 67.1569 67.1791
3299 67.1569 67.2682
3300 67.1569 67.2805
3301 67.1569 67.1951
3302 67.1569 67.2823
3303 67.1569 67.3815
3304 67.1569 67.4624
3305 67.1569 67.2058
3306 67.1569 67.1569
3307 67.1569 67.1836
3308 67.1569 67.2655
3309 67.1569 67.1579
3310 67.1569 67.2485
3311 67.1569 67.2793
3312 67.1569 67.199
3313 67.1569 67.2283
3314 67.1569 67.2015
3315 67.1569 67.1569
3316 67.1569 67.1569
3317 67.1569 67.1896
3318 67.1569 67.2081
3319 67.1569 67.2044
3320 67.1569 67.3508
3321 67.1569 67.1713
3322 67.1569 67.1588
3323 67.1569 67.4528
3324 67.1569 67.3781
3325 67.1569 67.3603
3326 67.1569 67.5046
3327 67.1569 67.3045
3328 67.1569 67.159
3329 67.1569 67.1569
3330 67.1569 67.1569
3331 67.1569 67.1569
3332 67.1569 67.1993
3333 67.1569 67.1569
3334 67.1569 67.2441
3335 67.1569 67.1858
3336 67.1569 67.2956
3337 67.1569 67.2671
3338 67.1569 67.2252
3339 67.1569 67.5728
3340 67.1569 67.3063
3341 67.1569 67.1777
3342 67.1569 67.1569
3343 67.1569 67.2614
3344 67.1569 67.1575
3345 67.1569 67.1569
3346 67.1569 67.1569
3347 67.1569 67.1569
3348 67.1569 67.1753
3349 67.1569 67.1985
3350 67.1569 67.2983
3351 67.1569 67.2129
3352 67.1569 67.2038
3353 67.1569 67.2057
3354 67.1569 67.1755
3355 67.1569 67.1633
3356 67.1569 67.1569
3357 67.1569 67.1569
3358 67.1569 67.1805
3359 67.1569 67.2684
3360 67.1569 67.1926
3361 67.1569 67.3165
3362 67.1569 67.3946
3363 67.1569 67.2355
3364 67.1569 67.3572
3365 67.1569 67.3394
3366 67.1569 67.1589
3367 67.1569 67.1569
3368 67.1569 67.3314
3369 67.1569 67.248
3370 67.1569 67.3246
3371 67.1569 67.352
3372 67.1569 67.1593
3373 67.1569 67.1651
3374 67.1569 67.2575
3375 67.1569 67.2988
3376 67.1569 67.202
3377 67.1569 67.1641
3378 67.1569 67.3785
3379 67.1569 67.1652
3380 67.1569 67.2956
3381 67.1569 67.1632
3382 67.1569 67.2348
3383 67.1569 67.2277
3384 67.1569 67.1569
3385 67.1569 67.1898
3386 67.1569 67.1865
3387 67.1569 67.1585
3388 67.1569 67.1569
3389 67.1569 67.1569
3390 67.1569 67.1569
3391 67.1569 67.1597
3392 67.1569 67.1569
3393 67.1569 67.175
3394 67.1569 67.1592
3395 67.1569 67.2138
3396 67.1569 67.2574
3397 67.1569 67.2036
3398 67.1569 67.3441
3399 67.1569 67.2231
3400 67.1569 67.1977
3401 67.1569 67.1752
3402 67.1569 67.16
3403 67.1569 67.2619
3404 67.1569 67.2066
3405 67.1569 67.1718
3406 67.1569 67.2232
3407 67.1569 67.2031
3408 67.1569 67.1569
3409 67.1569 67.2688
3410 67.1569 67.2468
3411 67.1569 67.2506
3412 67.1569 67.1872
3413 67.1569 67.1815
3414 67.1569 67.2369
3415 67.1569 67.1597
3416 67.1569 67.2049
3417 67.1569 67.3592
3418 67.1569 67.2038
3419 67.1569 67.1589
3420 67.1569 67.293
3421 67.1569 67.1627
3422 67.1569 67.1947
3423 67.1569 67.2693
3424 67.1569 67.1569
3425 67.1569 67.2189
3426 67.1569 67.2282
3427 67.1569 67.5988
3428 67.1569 67.2409
3429 67.1569 67.2371
3430 67.1569 67.1772
3431 67.1569 67.2152
3432 67.1569 67.2177
3433 67.1569 67.1588
3434 67.1569 67.1569
3435 67.1569 67.1778
3436 67.1569 67.1929
3437 67.1569 67.1699
3438 67.1569 67.217
3439 67.1569 67.1569
3440 67.1569 67.1569
3441 67.1569 67.1569
3442 67.1569 67.2938
3443 67.1569 67.2336
3444 67.1569 67.1569
3445 67.1569 67.2483
3446 67.1569 67.4031
3447 67.1569 67.6731
3448 67.1569 67.1569
3449 67.1569 67.1569
3450 67.1569 67.1607
3451 67.1569 67.2784
3452 67.1569 67.2761
3453 67.1569 67.1645
3454 67.1569 67.4097
3455 67.1569 67.184
3456 67.1569 67.2799
3457 67.1569 67.4038
3458 67.1569 67.1978
3459 67.1569 67.2317
3460 67.1569 67.1591
3461 67.1569 67.1972
3462 67.1569 67.6315
3463 67.1569 67.1797
3464 67.1569 67.175
3465 67.1569 67.2157
3466 67.1569 67.1615
3467 67.1569 67.1587
3468 67.1569 67.1633
3469 67.1569 67.1999
3470 67.1569 67.2175
3471 67.1569 67.1569
3472 67.1569 67.1569
3473 67.1569 67.2043
3474 67.1569 67.2257
3475 67.1569 67.2586
3476 67.1569 67.179
3477 67.1569 67.2268
3478 67.1569 67.1777
3479 67.1569 67.3032
3480 67.1569 67.3837
3481 67.1569 67.3336
3482 67.1569 67.1946
3483 67.1569 67.2319
3484 67.1569 67.1579
3485 67.1569 67.1754
3486 67.1569 67.1912
3487 67.1569 67.1584
3488 67.1569 67.1644
3489 67.1569 67.1584
3490 67.1569 67.1569
3491 67.1569 67.194
3492 67.1569 67.1873
3493 67.1569 67.1569
3494 67.1569 67.1777
3495 67.1569 67.3359
3496 67.1569 67.5689
3497 67.1569 67.1569
3498 67.1569 67.2252
3499 67.1569 67.1569
3500 67.1569 67.157
3501 67.1569 67.1569
3502 67.1569 67.1869
3503 67.1569 67.1591
3504 67.1569 67.1569
3505 67.1569 67.3146
3506 67.1569 67.1588
3507 67.1569 67.2864
3508 67.1569 67.166
3509 67.1569 67.1569
3510 67.1569 67.1569
3511 67.1569 67.1569
3512 67.1569 67.1912
3513 67.1569 67.1569
3514 67.1569 67.1626
3515 67.1569 67.2574
3516 67.1569 67.1569
3517 67.1569 67.1569
3518 67.1569 67.1605
3519 67.1569 67.1613
3520 67.1569 67.2046
3521 67.1569 67.1946
3522 67.1569 67.157
3523 67.1569 67.3017
3524 67.1569 67.2102
3525 67.1569 67.2619
3526 67.1569 67.1639
3527 67.1569 67.2796
3528 67.1569 67.1897
3529 67.1569 67.1569
3530 67.1569 67.1595
3531 67.1569 67.1765
3532 67.1569 67.3259
3533 67.1569 67.3924
3534 67.1569 67.3013
3535 67.1569 67.319
3536 67.1569 67.2413
3537 67.1569 67.186
3538 67.1569 67.157
3539 67.1569 67.2367
3540 67.1569 67.376
3541 67.1569 67.2489
3542 67.1569 67.459
3543 67.1569 67.5172
3544 67.1569 67.4207
3545 67.1569 67.1844
3546 67.1569 67.1681
3547 67.1569 67.2102
3548 67.1569 67.1569
3549 67.1569 67.1569
3550 67.1569 67.1569
3551 67.1569 67.1782
3552 67.1569 67.1826
3553 67.1569 67.2761
3554 67.1569 67.191
3555 67.1569 67.2316
3556 67.1569 67.3917
3557 67.1569 67.312
3558 67.1569 67.197
3559 67.1569 67.1594
3560 67.1569 67.215
3561 67.1569 67.1569
3562 67.1569 67.2053
3563 67.1569 67.1984
3564 67.1569 67.2018
3565 67.1569 67.2337
3566 67.1569 67.1634
3567 67.1569 67.1569
3568 67.1569 67.1569
3569 67.1569 67.203
3570 67.1569 67.2036
3571 67.1569 67.215
3572 67.1569 67.283
3573 67.1569 67.8443
3574 67.1569 67.6401
3575 67.1569 67.3507
3576 67.1569 67.4198
3577 67.1569 67.2076
3578 67.1569 67.2392
3579 67.1569 67.3287
3580 67.1569 67.5443
3581 67.1569 67.1645
3582 67.1569 67.1939
3583 67.1569 67.1692
3584 67.1569 67.283
3585 67.1569 67.2077
3586 67.1569 67.2511
3587 67.1569 67.1807
3588 67.1569 67.1664
3589 67.1569 67.1678
3590 67.1569 67.182
3591 67.1569 67.3309
3592 67.1569 67.17
3593 67.1569 67.1569
3594 67.1569 67.1569
3595 67.1569 67.1955
3596 67.1569 67.2426
3597 67.1569 67.2384
3598 67.1569 67.1846
3599 67.1569 67.2851
3600 67.1569 67.1569
3601 67.1569 67.1739
3602 67.1569 67.3334
3603 67.1569 67.4057
3604 67.1569 67.2843
3605 67.1569 67.2952
3606 67.1569 67.2741
3607 67.1569 67.1608
3608 67.1569 67.1569
3609 67.1569 67.1569
3610 67.1569 67.1569
3611 67.1569 67.2447
3612 67.1569 67.1569
3613 67.1569 67.1662
3614 67.1569 67.1569
3615 67.1569 67.2416
3616 67.1569 67.4704
3617 67.1569 67.3364
3618 67.1569 67.1955
3619 67.1569 67.1569
3620 67.1569 67.1569
3621 67.1569 67.1727
3622 67.1569 67.2277
3623 67.1569 67.1581
3624 67.1569 67.2265
3625 67.1569 67.1665
3626 67.1569 67.1569
3627 67.1569 67.1695
3628 67.1569 67.1704
3629 67.1569 67.1569
3630 67.1569 67.1569
3631 67.1569 67.1569
3632 67.1569 67.2446
3633 67.1569 67.3245
3634 67.1569 67.2145
3635 67.1569 67.1763
3636 67.1569 67.1579
3637 67.1569 67.3161
3638 67.1569 67.281
3639 67.1569 67.2278
3640 67.1569 67.2556
3641 67.1569 67.263
3642 67.1569 67.2679
3643 67.1569 67.1569
3644 67.1569 67.1569
3645 67.1569 67.1569
3646 67.1569 67.3317
3647 67.1569 67.4061
3648 67.1569 67.3615
3649 67.1569 67.1856
3650 67.1569 67.2003
3651 67.1569 67.3432
3652 67.1569 67.1569
3653 67.1569 67.1684
3654 67.1569 67.2082
3655 67.1569 67.1993
3656 67.1569 67.1569
3657 67.1569 67.1583
3658 67.1569 67.1569
3659 67.1569 67.1601
3660 67.1569 67.1607
3661 67.1569 67.3803
3662 67.1569 67.2336
3663 67.1569 67.3194
3664 67.1569 67.2029
3665 67.1569 67.287
3666 67.1569 67.2774
3667 67.1569 67.1637
3668 67.1569 67.4157
3669 67.1569 67.2104
3670 67.1569 67.205
3671 67.1569 67.1846
3672 67.1569 67.4242
3673 67.1569 67.3734
3674 67.1569 67.6023
3675 67.1569 67.3328
3676 67.1569 67.1679
3677 67.1569 67.1598
3678 67.1569 67.1569
3679 67.1569 67.1569
3680 67.1569 67.2275
3681 67.1569 67.1935
3682 67.1569 67.2117
3683 67.1569 67.2771
3684 67.1569 67.2975
3685 67.1569 67.301
3686 67.1569 67.3028
3687 67.1569 67.348
3688 67.1569 67.3904
3689 67.1569 67.2574
3690 67.1569 67.2344
3691 67.1569 67.1713
3692 67.1569 67.1753
3693 67.1569 67.2218
3694 67.1569 67.1569
3695 67.1569 67.3346
3696 67.1569 67.3264
3697 67.1569 67.2824
3698 67.1569 67.1569
3699 67.1569 67.3512
3700 67.1569 67.2576
3701 67.1569 67.1569
3702 67.1569 67.2148
3703 67.1569 67.1734
3704 67.1569 67.2558
3705 67.1569 67.157
3706 67.1569 67.3606
3707 67.1569 67.1699
3708 67.1569 67.182
3709 67.1569 67.3008
3710 67.1569 67.2534
3711 67.1569 67.1705
3712 67.1569 67.1619
3713 67.1569 67.1919
3714 67.1569 67.343
3715 67.1569 67.1764
3716 67.1569 67.2521
3717 67.1569 67.2501
3718 67.1569 67.2744
3719 67.1569 67.2408
3720 67.1569 67.2017
3721 67.1569 67.3641
3722 67.1569 67.3298
3723 67.1569 67.1569
3724 67.1569 67.2087
3725 67.1569 67.174
3726 67.1569 67.1569
3727 67.1569 67.2386
3728 67.1569 67.1569
3729 67.1569 67.1569
3730 67.1569 67.1616
3731 67.1569 67.1881
3732 67.1569 67.1708
3733 67.1569 67.1682
3734 67.1569 67.4614
3735 67.1569 67.1955
3736 67.1569 67.3838
3737 67.1569 67.2501
3738 67.1569 67.1986
3739 67.1569 67.2405
3740 67.1569 67.1725
3741 67.1569 67.2251
3742 67.1569 67.4207
3743 67.1569 67.402
3744 67.1569 67.3717
3745 67.1569 67.4859
3746 67.1569 67.279
3747 67.1569 67.1843
3748 67.1569 67.2793
3749 67.1569 67.1569
3750 67.1569 67.1684
3751 67.1569 67.1575
3752 67.1569 67.3458
3753 67.1569 67.288
3754 67.1569 67.5686
3755 67.1569 67.3881
3756 67.1569 67.3769
3757 67.1569 67.3839
3758 67.1569 67.3137
3759 67.1569 67.2055
3760 67.1569 67.3581
3761 67.1569 67.2681
3762 67.1569 67.1688
3763 67.1569 67.1818
3764 67.1569 67.2975
3765 67.1569 67.3547
3766 67.1569 67.442
3767 67.1569 67.2818
3768 67.1569 67.2195
3769 67.1569 67.1983
3770 67.1569 67.2196
3771 67.1569 67.1792
3772 67.1569 67.2574
3773 67.1569 67.39
3774 67.1569 67.31
3775 67.1569 67.2201
3776 67.1569 67.1735
3777 67.1569 67.2475
3778 67.1569 67.2139
3779 67.1569 67.1569
3780 67.1569 67.1906
3781 67.1569 67.1706
3782 67.1569 67.1569
3783 67.1569 67.1569
3784 67.1569 67.1808
3785 67.1569 67.3654
3786 67.1569 67.2735
3787 67.1569 67.1584
3788 67.1569 67.2764
3789 67.1569 67.3929
3790 67.1569 67.1758
3791 67.1569 67.2082
3792 67.1569 67.2342
3793 67.1569 67.196
3794 67.1569 67.1569
3795 67.1569 67.2352
3796 67.1569 67.3424
3797 67.1569 67.2113
3798 67.1569 67.2687
3799 67.1569 67.2575
3800 67.1569 67.1569
3801 67.1569 67.1569
3802 67.1569 67.1614
3803 67.1569 67.1692
3804 67.1569 67.3518
3805 67.1569 67.1569
3806 67.1569 67.1771
3807 67.1569 67.203
3808 67.1569 67.1954
3809 67.1569 67.2461
3810 67.1569 67.1934
3811 67.1569 67.3138
3812 67.1569 67.2406
3813 67.1569 67.5665
3814 67.1569 67.2699
3815 67.1569 67.2714
3816 67.1569 67.4187
3817 67.1569 67.268
3818 67.1569 67.1569
3819 67.1569 67.1923
3820 67.1569 67.1962
3821 67.1569 67.1569
3822 67.1569 67.2428
3823 67.1569 67.3218
3824 67.1569 67.1836
3825 67.1569 67.3154
3826 67.1569 67.2246
3827 67.1569 67.1649
3828 67.1569 67.1569
3829 67.1569 67.1726
3830 67.1569 67.2477
3831 67.1569 67.2729
3832 67.1569 67.2061
3833 67.1569 67.1694
3834 67.1569 67.1591
3835 67.1569 67.238
3836 67.1569 67.1671
3837 67.1569 67.1655
3838 67.1569 67.5323
3839 67.1569 67.499
3840 67.1569 67.4346
3841 67.1569 67.2061
3842 67.1569 67.1619
3843 67.1569 67.1569
3844 67.1569 67.2298
3845 67.1569 67.2507
3846 67.1569 67.1585
3847 67.1569 67.1569
3848 67.1569 67.1576
3849 67.1569 67.2157
3850 67.1569 67.1628
3851 67.1569 67.1863
3852 67.1569 67.1569
3853 67.1569 67.1569
3854 67.1569 67.2108
3855 67.1569 67.3249
3856 67.1569 67.1829
3857 67.1569 67.2419
3858 67.1569 67.36
3859 67.1569 67.2738
3860 67.1569 67.2747
3861 67.1569 67.3741
3862 67.1569 67.1575
3863 67.1569 67.3312
3864 67.1569 67.1618
3865 67.1569 67.1583
3866 67.1569 67.2076
3867 67.1569 67.1574
3868 67.1569 67.1569
3869 67.1569 67.1569
3870 67.1569 67.1597
3871 67.1569 67.1569
3872 67.1569 67.1569
3873 67.1569 67.1868
3874 67.1569 67.2661
3875 67.1569 67.1569
3876 67.1569 67.2274
3877 67.1569 67.2776
3878 67.1569 67.1638
3879 67.1569 67.1569
3880 67.1569 67.1671
3881 67.1569 67.1592
3882 67.1569 67.1569
3883 67.1569 67.1688
3884 67.1569 67.1569
3885 67.1569 67.1569
3886 67.1569 67.2339
3887 67.1569 67.3166
3888 67.1569 67.1569
3889 67.1569 67.1724
3890 67.1569 67.1655
3891 67.1569 67.1791
3892 67.1569 67.1569
3893 67.1569 67.1569
3894 67.1569 67.1729
3895 67.1569 67.1912
3896 67.1569 67.2396
3897 67.1569 67.2007
3898 67.1569 67.1569
3899 67.1569 67.1922
3900 67.1569 67.2472
3901 67.1569 67.1752
3902 67.1569 67.2468
3903 67.1569 67.2441
3904 67.1569 67.1866
3905 67.1569 67.2088
3906 67.1569 67.1569
3907 67.1569 67.1569
3908 67.1569 67.1577
3909 67.1569 67.229
3910 67.1569 67.1667
3911 67.1569 67.1569
3912 67.1569 67.1569
3913 67.1569 67.1569
3914 67.1569 67.1601
3915 67.1569 67.1575
3916 67.1569 67.318
3917 67.1569 67.2412
3918 67.1569 67.1686
3919 67.1569 67.1569
3920 67.1569 67.1569
3921 67.1569 67.1972
3922 67.1569 67.4522
3923 67.1569 67.3843
3924 67.1569 67.3633
3925 67.1569 67.1845
3926 67.1569 67.2225
3927 67.1569 67.2334
3928 67.1569 67.1896
3929 67.1569 67.3272
3930 67.1569 67.2858
3931 67.1569 67.1651
3932 67.1569 67.2081
3933 67.1569 67.1822
3934 67.1569 67.4043
3935 67.1569 67.6895
3936 67.1569 67.4925
3937 67.1569 67.3195
3938 67.1569 67.1617
3939 67.1569 67.2253
3940 67.1569 67.214
3941 67.1569 67.1593
3942 67.1569 67.209
3943 67.1569 67.1569
3944 67.1569 67.1569
3945 67.1569 67.1598
3946 67.1569 67.2113
3947 67.1569 67.1707
3948 67.1569 67.162
3949 67.1569 67.1706
3950 67.1569 67.4387
3951 67.1569 67.3836
3952 67.1569 67.3518
3953 67.1569 67.3613
3954 67.1569 67.3769
3955 67.1569 67.4439
3956 67.1569 67.1634
3957 67.1569 67.1755
3958 67.1569 67.2822
3959 67.1569 67.2637
3960 67.1569 67.3025
3961 67.1569 67.208
3962 67.1569 67.3495
3963 67.1569 67.3393
3964 67.1569 67.2282
3965 67.1569 67.6174
3966 67.1569 67.6072
3967 67.1569 67.1704
3968 67.1569 67.2664
3969 67.1569 67.1954
3970 67.1569 67.1569
3971 67.1569 67.1569
3972 67.1569 67.1599
3973 67.1569 67.1569
3974 67.1569 67.1569
3975 67.1569 67.1774
3976 67.1569 67.5907
3977 67.1569 67.4064
3978 67.1569 67.1782
3979 67.1569 67.1688
3980 67.1569 67.1569
3981 67.1569 67.1592
3982 67.1569 67.1569
3983 67.1569 67.1569
3984 67.1569 67.1569
3985 67.1569 67.1736
3986 67.1569 67.2245
3987 67.1569 67.2903
3988 67.1569 67.3689
3989 67.1569 67.4527
3990 67.1569 67.2419
3991 67.1569 67.1973
3992 67.1569 67.2231
3993 67.1569 67.6733
3994 67.1569 67.262
3995 67.1569 67.4009
3996 67.1569 67.2947
3997 67.1569 67.2172
3998 67.1569 67.237
3999 67.1569 67.23
