0 418.247 466.327
1 409.177 444.045
2 400.097 423.802
3 391.828 409.685
4 385.826 400.258
5 377.191 392.321
6 369.996 384.77
7 356.458 376.652
8 349.092 367.907
9 337.733 358.68
10 333.816 349.368
11 324.483 341.124
12 312.439 334.204
13 306.338 325.893
14 296.042 317.245
15 287.481 307.941
16 284.056 298.353
17 282.644 290.821
18 278.774 286.61
19 275.79 284.056
20 272.132 281.524
21 264.309 278.022
22 261.392 272.712
23 258.244 267.642
24 253.568 264.328
25 253.077 260.828
26 248.401 257.509
27 243.492 253.511
28 242.541 249.607
29 237.383 247.659
30 234.486 244.02
31 231.928 240.097
32 229.17 237.064
33 226.542 234.497
34 223.682 231.675
35 221.113 230.102
36 219.322 226.992
37 217.129 224.52
38 215.394 222.221
39 214.663 219.356
40 209.103 218.131
41 203.632 216.537
42 201.146 213.627
43 201.146 209.435
44 198.149 205.467
45 195.734 202.106
46 193.486 200.149
47 191.07 197.213
48 188.589 195.001
49 184.598 192.897
50 181.733 189.999
51 180.615 187.289
52 180.089 184.398
53 177.524 182.656
54 175.795 180.656
55 173.33 178.732
56 171.114 177.304
57 169.027 174.961
58 167.563 172.86
59 163.99 170.913
60 163.99 168.412
61 161.14 166.07
62 160.523 164.369
63 159.088 162.52
64 155.621 161.267
65 154.487 159.557
66 154.487 157.853
67 152.266 156.615
68 151.649 156.315
69 150.36 155.7
70 150.36 154.459
71 147.129 152.869
72 145.583 151.096
73 145.387 149.344
74 143.555 147.373
75 141.898 146.256
76 141.302 144.686
77 140.132 143.259
78 139.816 142.38
79 138.258 141.393
80 137.339 140.071
81 137.339 139.01
82 136.416 139.043
83 135.874 139.082
84 135.027 139.45
85 134.883 138.871
86 133.416 138.604
87 130.735 137.94
88 130.161 136.781
89 130.161 134.794
90 129.681 132.086
91 129.159 131.692
92 128.343 129.974
93 127.514 129.526
94 126.951 129.169
95 125.055 128.199
96 125.055 127.158
97 124.403 126.018
98 124.403 125.923
99 123.687 127.807
100 123.66 128.243
101 123.412 127.774
102 123.412 126.118
103 122.833 124.935
104 122.432 124.899
105 122.432 126.353
106 121.742 126.538
107 120.391 126.514
108 119.991 124.561
109 119.183 121.939
110 119.183 120.838
111 118.896 120.263
112 117.967 119.592
113 116.169 118.96
114 114.976 118.264
115 114.792 116.927
116 113.983 115.977
117 113.688 115.272
118 112.447 114.769
119 110.885 114.062
120 110.489 112.938
121 110.489 112.215
122 110.34 111.702
123 109.527 110.911
124 109.527 110.585
125 108.857 110.043
126 108.795 109.582
127 108.51 109.261
128 108.51 108.914
129 108.51 108.738
130 107.422 108.581
131 107.422 108.362
132 107.422 108.338
133 107.422 107.839
134 107.056 107.614
135 106.252 107.512
136 105.886 107.301
137 105.886 106.666
138 105.215 106.245
139 105.215 106.118
140 104.826 105.603
141 102.072 105.54
142 102.072 105.335
143 102.072 104.982
144 102.072 104.246
145 101.888 102.943
146 101.317 103.423
147 101.317 104.376
148 100.827 104.789
149 100.827 103.397
150 100.827 103.402
151 99.9202 103.482
152 99.1017 101.876
153 99.1017 100.936
154 99.1017 101.085
155 98.7269 100.637
156 98.7269 100.801
157 98.7029 99.936
158 98.7029 99.4407
159 98.0192 99.2604
160 98.0192 99.2871
161 97.5948 98.5186
162 97.5049 98.0975
163 96.8623 97.9585
164 96.1203 97.8217
165 94.9634 97.6754
166 94.9634 96.6997
167 94.9634 96.1443
168 94.9634 95.4412
169 94.873 95.0686
170 94.873 94.9826
171 94.873 94.9169
172 94.873 94.9665
173 94.6908 95.074
174 94.6908 94.9077
175 94.6908 94.9134
176 94.6727 94.9328
177 94.0789 94.843
178 94.0607 94.5754
179 93.8304 94.3715
180 93.5549 94.2312
181 93.5488 94.2852
182 93.1756 93.8908
183 93.1756 93.8837
184 93.1756 93.5986
185 93.1756 93.3113
186 92.8617 93.1938
187 92.8617 93.1637
188 92.823 93.082
189 91.8117 92.9502
190 91.773 92.8239
191 91.773 93.0954
192 91.773 92.7562
193 91.773 92.3238
194 91.3407 92.1572
195 91.3407 91.7221
196 91.3407 91.5605
197 91.2496 91.4331
198 89.5938 91.3622
199 89.2749 91.151
200 89.2749 90.4664
201 89.2749 90.1508
202 89.2749 89.5238
203 89.2749 89.3375
204 88.4967 89.2863
205 88.4967 89.1475
206 88.1425 88.8664
207 88.1425 88.6696
208 86.7122 88.5357
209 86.7122 88.4832
210 85.9689 88.3923
211 85.9373 87.6776
212 85.9373 87.4042
213 85.8968 86.8972
214 85.8968 86.5165
215 85.8968 86.3254
216 85.5536 85.9096
217 85.4081 85.9433
218 85.4081 85.895
219 85.4081 85.8799
220 85.4081 85.702
221 85.4081 85.6525
222 85.4081 85.6048
223 85.4081 85.5701
224 85.4081 85.4392
225 84.8474 85.5361
226 84.8474 85.3513
227 84.8474 85.4628
228 84.6418 85.1935
229 84.4949 84.9271
230 84.4949 84.9612
231 84.4949 85.0935
232 84.4949 84.7726
233 84.1859 84.7282
234 84.1859 84.5883
235 84.1859 84.5432
236 84.1501 84.3584
237 84.1286 84.4511
238 84.1286 84.5331
239 84.0927 84.6958
240 84.0927 84.6258
241 84.0927 84.2881
242 84.0927 84.2646
243 84.0927 84.1381
244 84.0927 84.1712
245 83.8871 84.1274
246 83.8871 84.1311
247 83.8871 84.1227
248 83.8871 83.9997
249 83.7028 83.9332
250 83.7028 83.8912
251 83.7028 83.8099
252 83.6699 83.7884
253 83.2923 83.8156
254 83.2594 83.8035
255 83.1942 83.9734
256 83.1435 84.323
257 83.0454 84.43
258 82.6719 84.4239
259 82.6719 83.7055
260 82.6719 83.382
261 82.6719 83.25
262 82.6719 82.997
263 82.6719 82.7126
264 82.6719 82.7592
265 82.6719 82.6719
266 82.6719 82.7671
267 82.6719 82.7483
268 82.6719 82.6719
269 82.6388 82.6718
270 82.6388 82.6664
271 82.5482 82.6557
272 82.5482 82.6635
273 82.5482 82.7037
274 82.5482 82.6451
275 81.7424 82.5491
276 81.6519 82.5109
277 81.6519 82.1905
278 81.6514 81.8605
279 81.5537 81.8919
280 81.5537 81.7133
281 81.5537 81.7448
282 81.5537 81.6022
283 81.5537 81.5728
284 81.5537 81.5781
285 81.1625 81.6109
286 81.1625 81.7124
287 81.1625 81.408
288 81.1625 81.2866
289 81.1625 81.2149
290 81.1625 81.2762
291 80.9039 81.1617
292 80.9039 81.1651
293 80.9039 81.0391
294 80.9039 81.107
295 80.9039 81.2147
296 80.9039 80.9857
297 80.9039 80.912
298 80.9039 80.9197
299 80.9039 80.9552
300 80.9039 80.9039
301 80.9039 80.9039
302 80.3559 80.9023
303 80.3559 80.8555
304 80.3559 80.6482
305 80.3559 80.6139
306 80.3559 80.4141
307 80.3559 80.3639
308 80.3559 80.4218
309 80.2987 80.3629
310 80.2987 80.4968
311 80.2987 80.3923
312 80.2987 80.3098
313 80.2987 80.3008
314 80.2987 80.3
315 80.2987 80.3372
316 79.9188 80.3055
317 79.9188 80.2542
318 79.9188 80.104
319 79.9188 80.1804
320 79.9188 79.9753
321 79.9188 80.0069
322 79.7042 79.9361
323 79.7042 79.9108
324 79.7042 80.099
325 79.7042 80.1044
326 79.7042 80.21
327 79.1102 79.7025
328 79.1102 79.6542
329 79.1102 79.7166
330 79.1102 79.4942
331 79.1102 79.4969
332 79.1102 79.3095
333 79.1102 79.1163
334 79.1102 79.2288
335 79.1102 79.2713
336 79.1102 79.1534
337 79.1102 79.596
338 79.1102 79.1867
339 79.1102 79.2895
340 79.1102 79.2488
341 79.1102 79.1153
342 79.1102 79.1225
343 79.1102 79.1102
344 79.1102 79.1102
345 79.1102 79.3087
346 79.1102 79.1455
347 79.1102 79.1102
348 79.1102 79.1102
349 79.1102 79.1102
350 79.1102 79.1241
351 79.1102 79.3163
352 79.1102 79.1407
353 79.1102 79.1102
354 79.1102 79.3348
355 79.1102 79.1483
356 79.0442 79.112
357 79.0442 79.1855
358 79.0442 79.4025
359 79.0442 79.2491
360 79.0442 79.1189
361 79.0442 79.1628
362 79.0442 79.1423
363 79.0442 79.0738
364 79.0442 79.0568
365 79.0442 79.0447
366 78.9076 79.204
367 78.9076 79.4267
368 77.6705 79.0235
369 77.6705 78.7835
370 77.6705 78.5286
371 77.6705 78.1598
372 77.6705 77.785
373 77.6705 77.7312
374 77.6705 77.6705
375 77.6705 77.7832
376 77.6705 77.6851
377 77.6705 77.7147
378 77.6705 77.7957
379 77.6705 77.6938
380 77.6705 77.6842
381 77.6705 77.7348
382 77.5534 77.7778
383 77.5534 77.6888
384 76.9857 77.6476
385 76.9857 77.6027
386 76.9857 77.4143
387 76.9857 77.3916
388 76.9857 77.037
389 76.4079 77.0216
390 76.4079 76.9335
391 76.4079 76.7252
392 76.4079 76.51
393 76.3724 76.4078
394 76.3724 76.4978
395 76.3724 76.9354
396 76.3724 76.9177
397 76.1699 76.5317
398 76.1699 76.3796
399 76.1699 76.3702
400 76.1699 76.2442
401 76.1699 76.1998
402 76.1699 76.1841
403 76.1699 76.2983
404 76.1699 76.1885
405 76.1699 76.2073
406 76.1699 76.2586
407 76.1699 76.1976
408 76.1699 76.1699
409 76.1699 76.2167
410 76.1699 76.181
411 76.1699 76.2326
412 76.1699 76.2142
413 76.1699 76.294
414 76.1699 76.2539
415 76.1699 76.3924
416 76.1699 76.1699
417 76.1699 76.1699
418 76.1699 76.1743
419 76.1699 76.1878
420 76.1699 76.1835
421 76.1699 76.4672
422 76.1699 76.2792
423 76.1699 76.1699
424 76.1699 76.1886
425 76.1699 76.1825
426 76.1699 76.2677
427 76.1699 76.2042
428 76.1699 76.1699
429 76.1699 76.1699
430 76.1699 76.1838
431 76.1699 76.1699
432 76.1699 76.1747
433 76.1699 76.1699
434 76.1699 76.1829
435 76.1699 76.3446
436 76.1699 76.1699
437 76.1699 76.1921
438 76.1699 76.1699
439 76.1699 76.2351
440 76.1699 76.1899
441 76.048 76.1696
442 76.048 76.1549
443 76.048 76.2089
444 76.048 76.1326
445 76.048 76.0674
446 75.9035 76.0962
447 75.9035 76.0606
448 75.9035 75.9783
449 75.9035 75.9486
450 75.9035 75.9523
451 75.9035 75.9516
452 75.9035 75.9274
453 75.9035 75.9035
454 75.9035 75.9102
455 75.9035 75.9035
456 75.9035 75.9061
457 75.9035 75.9836
458 75.9035 76.0747
459 75.9035 75.9035
460 75.9035 75.9234
461 75.9035 76.5162
462 75.9035 76.0577
463 75.9035 76.1771
464 75.9035 76.0317
465 75.9035 76.0912
466 75.9035 75.9035
467 75.9035 75.9035
468 75.9035 75.942
469 75.9035 75.9336
470 75.9035 76.0602
471 75.8931 75.9271
472 75.8931 75.9401
473 75.8931 75.9338
474 75.8931 76.0656
475 75.8931 75.9046
476 75.8931 75.9595
477 75.8931 75.9581
478 75.6241 75.9014
479 75.6241 75.86
480 75.571 75.7588
481 75.571 75.7204
482 75.571 75.6058
483 75.571 75.5958
484 75.571 75.632
485 75.571 75.5765
486 75.571 75.6092
487 75.571 75.614
488 75.571 75.6691
489 75.571 75.715
490 75.571 75.7903
491 75.571 75.726
492 75.571 75.6451
493 75.571 75.632
494 75.571 75.571
495 75.571 75.6934
496 75.571 75.7234
497 75.571 75.6648
498 75.571 75.7857
499 75.571 75.5978
500 75.571 75.638
501 75.571 75.7322
502 75.571 75.633
503 75.571 75.685
504 75.571 75.5826
505 75.571 75.699
506 75.571 75.7439
507 75.571 75.9758
508 75.571 75.7722
509 75.571 75.6548
510 75.571 75.7008
511 75.571 75.7593
512 75.571 75.6889
513 75.571 75.6522
514 75.571 75.658
515 75.571 75.588
516 75.571 75.571
517 75.571 75.5731
518 75.571 75.796
519 75.571 75.5833
520 75.571 75.571
521 75.571 75.5839
522 75.571 75.571
523 75.571 75.571
524 75.571 75.5752
525 74.9248 75.5802
526 73.7921 75.4513
527 73.6321 75.1004
528 73.6321 74.812
529 72.3764 74.0666
530 72.3764 73.6656
531 72.3764 73.249
532 72.3764 72.8835
533 71.9625 72.564
534 71.9625 72.3289
535 71.8965 72.3131
536 71.8965 72.1825
537 71.8965 72.0025
538 71.8965 72.0749
539 71.8965 72.1556
540 71.67 72.143
541 71.67 71.8976
542 71.67 71.7935
543 71.67 71.9496
544 71.67 71.7239
545 71.67 71.8972
546 71.67 71.6708
547 71.67 71.67
548 71.67 71.692
549 71.67 71.9052
550 71.67 71.9061
551 71.67 71.67
552 71.67 71.6824
553 71.67 71.67
554 71.67 71.8429
555 71.67 71.8001
556 71.67 71.792
557 71.67 71.6784
558 71.67 71.67
559 71.67 71.6955
560 71.6062 71.6698
561 71.6062 71.6683
562 71.6062 71.7504
563 71.6062 71.7031
564 71.6062 71.6388
565 71.6062 71.823
566 71.6062 71.6097
567 71.6062 71.6062
568 71.6062 71.626
569 71.6062 71.6385
570 71.6062 71.6903
571 71.6062 71.7662
572 71.6062 71.6762
573 71.6062 71.6108
574 71.6062 71.6725
575 71.6062 71.6894
576 71.6062 71.6115
577 71.6062 71.6438
578 71.6062 71.6077
579 71.6062 71.7729
580 71.6062 71.7511
581 71.6062 71.6303
582 71.6062 71.6102
583 71.6062 71.6126
584 71.6062 71.7225
585 71.6062 71.649
586 71.6062 71.7223
587 71.6062 71.6076
588 71.6062 71.6224
589 71.6062 71.6062
590 71.6062 71.6404
591 71.6062 71.6074
592 71.6062 71.6062
593 71.6062 71.6179
594 71.6062 71.6323
595 71.6062 71.67
596 71.6062 71.6124
597 71.6062 71.7004
598 71.6062 71.7172
599 71.6062 71.6864
600 71.6062 71.7809
601 71.6062 71.6079
602 71.6062 71.6081
603 71.6062 71.7256
604 71.6062 71.6176
605 71.6062 71.6393
606 71.6062 71.6493
607 71.6062 71.67
608 71.6062 71.6771
609 71.6062 71.7501
610 71.6062 71.6062
611 71.6062 71.6062
612 71.6062 71.712
613 71.6062 71.6553
614 71.6062 71.6464
615 71.6062 71.6062
616 71.6062 71.6391
617 71.6062 71.6062
618 71.6062 71.6062
619 71.6062 71.6062
620 71.6062 71.6063
621 71.6062 71.7968
622 71.6062 71.8599
623 71.6062 71.7876
624 71.6062 71.6062
625 71.6062 71.6384
626 71.6062 71.6112
627 71.6062 71.6335
628 71.6062 71.6848
629 71.6062 71.6291
630 71.6062 71.6419
631 71.6062 71.7758
632 71.6062 71.6282
633 71.6062 71.6062
634 71.6062 71.6062
635 71.6062 71.7776
636 71.6062 71.643
637 71.6062 71.6062
638 71.6062 71.6062
639 71.6062 71.6062
640 71.6062 71.7114
641 71.6062 71.6062
642 71.6062 71.6062
643 71.6062 71.6062
644 71.6062 71.6062
645 71.6062 71.6552
646 71.6062 71.6318
647 71.6062 71.6062
648 71.6062 71.6079
649 71.6062 71.6185
650 71.6062 71.6194
651 71.6062 71.663
652 71.6062 71.7474
653 71.6062 71.8683
654 71.6062 72.2695
655 71.6062 72.0138
656 71.6062 71.7398
657 71.6062 71.6062
658 71.6062 71.6062
659 71.6062 71.6171
660 71.6062 71.6606
661 71.6062 71.6466
662 71.6062 71.689
663 71.6062 71.8548
664 71.6062 71.8142
665 71.6062 72.1971
666 71.6062 71.8534
667 71.6062 71.8546
668 71.6062 71.6963
669 71.6062 71.6168
670 71.6062 71.666
671 71.6062 71.6473
672 71.6062 71.946
673 71.6062 71.6334
674 71.6062 71.6062
675 71.6062 71.6235
676 71.6062 71.6328
677 71.6062 71.6116
678 71.6062 71.6162
679 71.6062 71.6062
680 71.6062 71.6798
681 71.6062 71.7057
682 71.6062 71.7777
683 71.6062 71.6163
684 71.6062 71.7526
685 71.6062 71.6062
686 71.6062 71.6248
687 71.6062 71.6517
688 71.6062 71.6683
689 71.6062 71.6864
690 71.6062 71.65
691 71.6062 71.6089
692 71.6062 71.9355
693 71.6062 71.6488
694 71.6062 71.6633
695 71.6062 71.7485
696 71.6062 71.6601
697 71.6062 71.6438
698 71.6062 71.8138
699 71.6062 71.7289
700 71.6062 71.6062
701 71.6062 71.6141
702 71.6062 71.6131
703 71.6062 71.6112
704 71.6062 71.7155
705 71.6062 71.6334
706 71.6062 71.7059
707 71.6062 71.7089
708 71.6062 71.6473
709 71.6062 71.6944
710 71.6062 71.6062
711 71.6062 71.7457
712 71.6062 71.6431
713 71.6062 71.6808
714 71.6062 71.7814
715 71.6062 71.6172
716 71.6062 71.6159
717 71.6062 71.6493
718 71.6062 71.6848
719 71.6062 71.7204
720 71.6062 71.6858
721 71.6062 71.667
722 71.6062 71.8223
723 71.6062 71.6389
724 71.6062 71.6103
725 71.6062 71.6062
726 71.6062 71.6062
727 71.6062 71.649
728 71.6062 71.6276
729 71.6062 71.7169
730 71.6062 71.6062
731 71.6062 71.6491
732 71.6062 71.6555
733 71.6062 71.6413
734 71.6062 71.6069
735 71.6062 71.619
736 71.6062 71.6516
737 71.6062 71.6608
738 71.6062 71.6443
739 71.6062 71.6334
740 71.6062 71.6062
741 71.6062 71.6812
742 71.6062 71.7803
743 71.6062 71.6599
744 71.6062 71.6483
745 71.6062 71.6062
746 71.6062 71.6258
747 71.6062 71.6062
748 71.6062 71.6137
749 71.6062 71.6757
750 71.6062 71.7247
751 71.6062 71.6565
752 71.6062 71.7822
753 71.6062 71.6062
754 71.6062 71.6062
755 71.6062 71.6062
756 70.8445 71.6866
757 70.8445 71.515
758 70.8445 71.3019
759 70.8445 71.0095
760 70.8445 70.9406
761 70.8445 70.8978
762 70.8445 70.8445
763 70.8445 70.8445
764 70.8445 70.9219
765 70.8445 70.8812
766 70.8445 70.8691
767 70.8445 70.9046
768 70.8445 70.8476
769 70.8445 70.8445
770 70.8445 70.8445
771 70.8445 70.8445
772 70.8445 70.8445
773 70.8445 70.8445
774 70.8445 70.882
775 70.8445 70.906
776 70.8445 70.8774
777 70.4658 70.8435
778 70.4658 70.7962
779 70.4658 70.6723
780 70.4658 70.5578
781 70.4658 70.4907
782 70.4658 70.4786
783 70.4658 70.4907
784 70.4658 70.5193
785 70.4658 70.4926
786 70.4658 70.518
787 70.4658 70.5387
788 70.4658 70.6999
789 70.4658 70.6007
790 70.4658 70.4918
791 70.4658 70.4664
792 70.3785 70.4655
793 70.3785 70.497
794 70.3785 70.4247
795 70.3785 70.4115
796 70.3785 70.4094
797 70.3785 70.4782
798 70.3785 70.3785
799 70.3785 70.5335
800 70.3785 70.5152
801 70.3785 70.398
802 70.3785 70.3785
803 70.3785 70.5123
804 70.3785 70.5382
805 70.3785 70.3975
806 70.3785 70.3785
807 70.3785 70.4725
808 70.3785 70.3785
809 70.3785 70.3916
810 70.2932 70.4364
811 70.2932 70.3692
812 70.2932 70.5946
813 70.2932 70.4454
814 70.2932 70.4512
815 70.2932 70.3933
816 70.2932 70.3045
817 70.2932 70.4794
818 70.2932 70.4206
819 70.2932 70.2952
820 70.2932 70.2994
821 70.2932 70.3046
822 70.2932 70.3188
823 70.2932 70.359
824 70.2932 70.2965
825 70.2932 70.3012
826 70.2932 70.3985
827 70.2932 70.2932
828 70.2932 70.2932
829 70.2932 70.324
830 70.2932 70.3086
831 70.2932 70.3239
832 70.2932 70.33
833 70.2932 70.395
834 70.2932 70.2932
835 70.2932 70.3012
836 70.2932 70.3626
837 70.2932 70.2948
838 70.2932 70.4791
839 70.2932 70.471
840 70.2932 70.3474
841 70.2932 70.5033
842 70.2932 70.3245
843 70.2932 70.3561
844 70.2932 70.3039
845 70.2932 70.4258
846 70.2932 70.4511
847 70.2932 70.8189
848 70.2932 70.3173
849 70.2932 70.5131
850 70.2932 70.5825
851 70.1133 70.2926
852 70.1133 70.3703
853 70.1133 70.4712
854 70.1133 70.3909
855 70.1133 70.3328
856 70.1133 70.2565
857 70.1133 70.2568
858 70.1133 70.1133
859 70.1133 70.1133
860 70.1133 70.1133
861 70.1133 70.1133
862 70.1133 70.1133
863 70.1133 70.115
864 70.1133 70.1636
865 70.1133 70.1508
866 70.1133 70.1301
867 70.1133 70.1961
868 70.1133 70.4092
869 70.1133 70.5484
870 70.1133 70.4414
871 70.1133 70.6208
872 70.1133 70.2178
873 70.1133 70.1246
874 70.1133 70.1991
875 70.1133 70.1881
876 70.1133 70.1463
877 70.1133 70.1802
878 70.1133 70.1133
879 70.1133 70.1526
880 70.1133 70.4264
881 70.1133 70.6167
882 70.1133 70.7423
883 70.1133 70.5665
884 70.1133 70.3847
885 70.1133 70.2231
886 70.1133 70.2501
887 70.1133 70.1641
888 69.8218 70.1945
889 69.8218 70.247
890 69.8218 69.9667
891 69.8218 69.8876
892 69.8218 69.8353
893 69.8218 69.8218
894 69.8218 69.8323
895 69.8218 69.8786
896 69.8218 69.9447
897 69.8218 69.8346
898 69.8218 69.8709
899 69.8218 69.8218
900 69.8218 69.8218
901 69.8218 69.8218
902 69.8218 69.8218
903 69.8218 69.8571
904 69.8218 69.83
905 69.8218 70.0895
906 69.8218 70.3067
907 69.8218 70.2121
908 69.8218 69.8854
909 69.8218 70.1249
910 69.8218 70.03
911 69.8218 70.3992
912 69.8218 69.8315
913 69.8218 69.8218
914 69.8218 70.0641
915 69.8218 69.8218
916 69.8218 69.8218
917 69.8218 69.8218
918 69.8218 69.8218
919 69.8218 69.8244
920 69.8218 70.1268
921 69.8218 69.8955
922 69.8218 69.8218
923 69.8218 69.8866
924 69.8218 69.8218
925 69.8218 69.8657
926 69.8218 70.0328
927 69.8218 69.8229
928 69.8218 69.8742
929 69.8218 70.0568
930 69.8218 69.9028
931 69.8218 69.9016
932 69.8218 69.9132
933 69.8218 69.8638
934 69.8218 70.0471
935 69.8218 69.9313
936 69.8218 69.9147
937 69.8218 69.8255
938 69.8218 69.8799
939 69.8218 69.8436
940 69.8218 69.824
941 69.8218 69.8218
942 69.8218 69.9354
943 69.8218 69.9074
944 69.8218 69.975
945 69.8218 69.8218
946 69.8218 69.8218
947 69.8218 69.8218
948 69.8218 69.8303
949 69.8218 69.8785
950 69.8218 69.8761
951 69.8218 69.9689
952 69.8218 69.8218
953 69.8218 69.8218
954 69.8218 69.8218
955 69.8218 69.8218
956 69.8218 70.2286
957 69.8218 69.9883
958 69.8218 69.8618
959 69.8218 69.9342
960 69.8218 69.8508
961 69.8218 69.8218
962 69.8218 69.8247
963 69.8218 69.823
964 69.8218 69.8386
965 69.8218 69.8218
966 69.8218 69.8254
967 69.8218 69.8266
968 69.8218 69.8457
969 69.8218 69.9066
970 69.8218 69.9549
971 69.8218 69.8785
972 69.8218 69.905
973 69.8218 69.874
974 69.8218 70.0136
975 69.8218 69.9733
976 69.8218 69.8368
977 69.8218 69.8267
978 69.8218 69.8218
979 69.8218 69.8435
980 69.8218 69.8218
981 69.8218 69.889
982 69.8218 69.9463
983 69.8218 69.8997
984 69.8218 69.9251
985 69.3922 69.8831
986 69.3922 69.7676
987 69.3922 69.6665
988 69.3922 69.4704
989 69.3922 69.4444
990 69.3922 69.5091
991 69.3922 69.5364
992 69.3922 69.4648
993 69.3922 69.5706
994 69.3922 69.4387
995 69.3922 69.4673
996 69.3922 69.4249
997 69.3922 69.3922
998 69.3922 69.3922
999 69.3922 69.4024
1000 69.3922 69.4361
1001 69.3922 69.3931
1002 69.3922 69.4529
1003 69.3922 69.4051
1004 69.3922 69.4257
1005 69.3922 69.3991
1006 69.2031 69.3978
1007 69.2031 69.5475
1008 69.2031 69.3195
1009 69.2031 69.2716
1010 69.2031 69.3024
1011 69.2031 69.222
1012 69.2031 69.2031
1013 69.2031 69.2351
1014 69.2031 69.4988
1015 69.2031 69.2578
1016 69.2031 69.2111
1017 69.2031 69.2031
1018 69.2031 69.3279
1019 69.2031 69.2031
1020 69.2031 69.2031
1021 69.2031 69.2088
1022 69.2031 69.2031
1023 69.2031 69.2099
1024 69.2031 69.2066
1025 69.2031 69.2031
1026 69.2031 69.2031
1027 69.2031 69.2031
1028 69.2031 69.205
1029 69.2031 69.2031
1030 69.2031 69.2031
1031 69.2031 69.3463
1032 69.2031 69.2031
1033 69.2031 69.2031
1034 69.2031 69.2055
1035 69.2031 69.2166
1036 69.2031 69.3216
1037 69.2031 69.4626
1038 69.2031 69.731
1039 69.2031 69.2447
1040 69.2031 69.2675
1041 69.2031 69.2067
1042 69.2031 69.4009
1043 69.2031 69.6086
1044 69.2031 69.4155
1045 69.2031 69.3608
1046 69.2031 69.3128
1047 69.2031 69.3894
1048 69.2031 69.3389
1049 69.2031 69.2841
1050 69.2031 69.2105
1051 69.2031 69.2089
1052 69.2031 69.2174
1053 69.2031 69.3361
1054 69.2031 69.3063
1055 69.2031 69.3851
1056 69.2031 69.2257
1057 69.2031 69.2661
1058 69.2031 69.2031
1059 69.2031 69.2031
1060 69.2031 69.285
1061 69.2031 69.3306
1062 69.2031 69.4952
1063 69.2031 69.2097
1064 69.2031 69.207
1065 69.2031 69.2031
1066 69.2031 69.3182
1067 69.2031 69.4435
1068 69.2031 69.3559
1069 69.2031 69.3175
1070 69.2031 69.2187
1071 69.2031 69.2031
1072 69.2031 69.2768
1073 69.2031 69.3442
1074 69.2031 69.3074
1075 69.2031 69.2874
1076 69.2031 69.2232
1077 69.2031 69.2721
1078 69.2031 69.2962
1079 69.2031 69.2082
1080 69.2031 69.451
1081 69.2031 69.2571
1082 69.2031 69.2329
1083 69.2031 69.2265
1084 69.2031 69.248
1085 69.2031 69.3218
1086 69.2031 69.9228
1087 69.2031 69.4425
1088 69.2031 69.3049
1089 69.2031 69.2288
1090 69.2031 69.2763
1091 69.2031 69.2353
1092 69.2031 69.3592
1093 69.2031 69.217
1094 69.2031 69.2031
1095 69.2031 69.2031
1096 69.2031 69.2031
1097 69.2031 69.3055
1098 69.2031 69.4927
1099 69.2031 69.3649
1100 69.2031 69.2578
1101 69.2031 69.2981
1102 69.2031 69.3172
1103 69.2031 69.3215
1104 69.2031 69.2441
1105 69.2031 69.2031
1106 69.2031 69.2961
1107 69.2031 69.2134
1108 69.2031 69.2109
1109 69.2031 69.2031
1110 69.2031 69.3127
1111 69.2031 69.2367
1112 69.2031 69.377
1113 69.2031 69.7489
1114 69.2031 69.2215
1115 69.2031 69.3229
1116 69.2031 69.2836
1117 69.2031 69.2753
1118 69.2031 69.2031
1119 69.2031 69.2121
1120 69.2031 69.2508
1121 69.2031 69.2031
1122 69.2031 69.2031
1123 69.2031 69.2211
1124 69.2031 69.229
1125 69.2031 69.2534
1126 69.2031 69.2559
1127 69.2031 69.2094
1128 69.2031 69.2545
1129 69.2031 69.2118
1130 69.2031 69.2031
1131 69.2031 69.3113
1132 69.2031 69.2959
1133 69.2031 69.2393
1134 69.2031 69.4251
1135 69.2031 69.2155
1136 69.2031 69.2086
1137 69.2031 69.2031
1138 69.2031 69.2077
1139 69.2031 69.2031
1140 69.2031 69.2507
1141 69.2031 69.2909
1142 69.2031 69.308
1143 69.2031 69.3526
1144 69.2031 69.3125
1145 69.2031 69.4073
1146 69.2031 69.2899
1147 69.2031 69.2609
1148 69.2031 69.2173
1149 69.2031 69.2091
1150 69.2031 69.2031
1151 69.2031 69.2275
1152 69.2031 69.2031
1153 69.2031 69.2031
1154 69.2031 69.2036
1155 69.2031 69.2786
1156 69.2031 69.2812
1157 69.2031 69.2501
1158 69.2031 69.3801
1159 69.2031 69.2657
1160 69.2031 69.2127
1161 69.2031 69.208
1162 69.2031 69.2101
1163 69.2031 69.2092
1164 69.2031 69.2728
1165 69.2031 69.6359
1166 69.2031 69.253
1167 69.2031 69.2031
1168 69.2031 69.2098
1169 69.2031 69.2031
1170 69.2031 69.2031
1171 69.2031 69.2614
1172 69.2031 69.2197
1173 69.2031 69.2031
1174 69.2031 69.2096
1175 69.2031 69.2644
1176 69.2031 69.2481
1177 69.2031 69.2196
1178 69.2031 69.348
1179 69.2031 69.2174
1180 69.2031 69.2267
1181 69.2031 69.2935
1182 69.2031 69.5807
1183 69.2031 69.5817
1184 69.2031 69.2525
1185 69.2031 69.2106
1186 69.2031 69.2449
1187 69.2031 69.2031
1188 69.2031 69.218
1189 69.2031 69.3094
1190 69.2031 69.3075
1191 69.2031 69.2031
1192 69.2031 69.2031
1193 69.2031 69.2427
1194 69.2031 69.2486
1195 69.2031 69.2045
1196 69.2031 69.2388
1197 69.2031 69.2543
1198 69.2031 69.2338
1199 69.2031 69.2031
1200 69.2031 69.2031
1201 69.2031 69.2031
1202 69.2031 69.2031
1203 69.2031 69.3183
1204 69.2031 69.2647
1205 69.2031 69.4035
1206 69.2031 69.3585
1207 69.2031 69.5198
1208 69.2031 69.2825
1209 69.2031 69.2064
1210 69.2031 69.2154
1211 69.2031 69.3248
1212 69.2031 69.3252
1213 69.2031 69.4607
1214 69.2031 69.2539
1215 69.2031 69.3089
1216 69.2031 69.371
1217 69.2031 69.3468
1218 69.2031 69.3776
1219 69.2031 69.2164
1220 69.2031 69.2135
1221 69.2031 69.3363
1222 69.2031 69.2623
1223 69.2031 69.3937
1224 69.2031 69.204
1225 69.2031 69.4043
1226 69.2031 69.4056
1227 69.2031 69.2274
1228 69.2031 69.2582
1229 69.2031 69.2822
1230 69.2031 69.3297
1231 69.2031 69.2804
1232 69.2031 69.2031
1233 69.2031 69.2031
1234 69.2031 69.2031
1235 69.2031 69.2031
1236 69.2031 69.2042
1237 68.9632 69.2024
1238 68.9632 69.1773
1239 68.9632 69.0797
1240 68.9632 69.0607
1241 68.9632 68.9797
1242 68.9632 68.9714
1243 68.9632 69.0632
1244 68.9632 68.9676
1245 68.9632 68.9632
1246 68.9632 69.0433
1247 68.9632 69.2096
1248 68.9632 68.9656
1249 68.9632 68.986
1250 68.9632 69.0709
1251 68.9632 69.0069
1252 68.9632 69.0219
1253 68.9632 69.1434
1254 68.9632 68.987
1255 68.9632 69.0507
1256 68.9632 69.1593
1257 68.9632 69.0817
1258 68.9632 69.029
1259 68.9632 68.9676
1260 68.9632 68.9878
1261 68.9632 68.9922
1262 68.9632 68.9729
1263 68.9632 68.9632
1264 68.9632 68.9632
1265 68.9632 68.9707
1266 68.9632 68.9632
1267 68.9632 69.0354
1268 68.9632 69.0518
1269 68.9632 69.0889
1270 68.9632 69.0466
1271 68.9632 68.984
1272 68.9632 68.9641
1273 68.9632 69.1196
1274 68.9632 69.067
1275 68.9632 68.9738
1276 68.9632 68.9632
1277 68.9632 68.9632
1278 68.9632 68.9632
1279 68.9632 68.9632
1280 68.9632 69.0448
1281 68.9632 68.9634
1282 68.9632 69.0522
1283 68.9632 69.0006
1284 68.9632 68.9724
1285 68.9632 69.104
1286 68.9632 69.0129
1287 68.9632 69.0986
1288 68.9632 68.9688
1289 68.9632 68.9632
1290 68.9632 68.9778
1291 68.9632 69.0054
1292 68.9632 69.0243
1293 68.9632 69.1149
1294 68.9632 69.2202
1295 68.9632 69.1066
1296 68.9632 69.037
1297 68.9632 69.0429
1298 68.9632 69.0262
1299 68.9632 69.1653
1300 68.9632 69.2188
1301 68.9632 69.2908
1302 68.9632 69.0004
1303 68.9632 68.9632
1304 68.9632 68.9632
1305 68.9632 69.0362
1306 68.9632 69.0296
1307 68.9632 69.0045
1308 68.9632 69.0072
1309 68.9632 69.0017
1310 68.9632 69.1065
1311 68.9632 68.9632
1312 68.9632 68.969
1313 68.9632 69.012
1314 68.9632 69.0927
1315 68.9632 69.1787
1316 68.9632 69.1514
1317 68.9632 69.0267
1318 68.9632 69.3006
1319 68.9632 69.2234
1320 68.9632 69.0574
1321 68.9632 69.2345
1322 68.9632 68.9746
1323 68.9632 68.9632
1324 68.9632 68.9632
1325 68.9632 68.9632
1326 68.9632 68.9632
1327 68.9632 69.0092
1328 68.9632 69.2809
1329 68.9632 69.2132
1330 68.9632 68.9679
1331 68.9632 68.9632
1332 68.9632 68.9679
1333 68.9632 68.9722
1334 68.9632 68.9965
1335 68.9632 68.9665
1336 68.9632 68.9632
1337 68.9632 69.0156
1338 68.9632 68.9632
1339 68.9632 68.9632
1340 68.9632 68.9845
1341 68.9632 68.9891
1342 68.9632 68.9632
1343 68.9632 69.0121
1344 68.9632 69.046
1345 68.9632 69.0473
1346 68.9632 69.0569
1347 68.9632 68.9936
1348 68.9632 69.1345
1349 68.9632 69.1672
1350 68.9632 69.0144
1351 68.9632 68.9965
1352 68.9632 69.1291
1353 68.9632 69.0178
1354 68.9632 69.1433
1355 68.9632 68.9816
1356 68.9632 68.9632
1357 68.9632 69.0057
1358 68.9632 69.0026
1359 68.9632 69.0079
1360 68.9632 69.2177
1361 68.9632 69.0726
1362 68.9632 69.0751
1363 68.9632 69.1188
1364 68.9632 69.1754
1365 68.9632 69.0703
1366 68.9632 69.0665
1367 68.9632 69.076
1368 68.9632 69.0724
1369 68.9632 69.0909
1370 68.9632 69.0488
1371 68.9632 69.2056
1372 68.9632 69.1371
1373 68.9632 68.9949
1374 68.9632 68.9685
1375 68.9632 68.9861
1376 68.9632 68.9632
1377 68.9632 68.9632
1378 68.9632 68.9632
1379 68.9632 68.989
1380 68.9632 69.0576
1381 68.9632 68.9873
1382 68.9632 69.0016
1383 68.9632 69.1057
1384 68.9632 69.1664
1385 68.9632 68.9777
1386 68.9632 68.9632
1387 68.9632 69.0159
1388 68.9632 69.0006
1389 68.9632 68.9632
1390 68.9632 68.9632
1391 68.9632 68.9632
1392 68.9632 68.9632
1393 68.9632 68.9632
1394 68.9632 68.9632
1395 68.9632 68.9632
1396 68.9632 68.9734
1397 68.9632 69.0507
1398 68.9632 68.9632
1399 68.9632 68.9658
1400 68.9632 69.0635
1401 68.9632 69.1822
1402 68.9632 69.0603
1403 68.9632 68.992
1404 68.9632 68.9899
1405 68.9632 68.9785
1406 68.9632 68.9956
1407 68.9632 68.9632
1408 68.9632 68.9632
1409 68.9632 68.9632
1410 68.9632 68.9632
1411 68.9632 68.9632
1412 68.9632 68.976
1413 68.9632 69.0193
1414 68.9632 69.0267
1415 68.9632 69.1337
1416 68.9632 68.9882
1417 68.9632 69.0003
1418 68.9632 69.0902
1419 68.9632 69.1869
1420 68.9632 69.1031
1421 68.9632 69.1438
1422 68.9632 69.1099
1423 68.9632 69.0114
1424 68.9632 68.9839
1425 68.9632 69.1108
1426 68.9632 69.0816
1427 68.9632 69.0234
1428 68.9632 68.9632
1429 68.9632 69.0616
1430 68.9632 69.0979
1431 68.9632 69.1652
1432 68.9632 68.9693
1433 68.9632 68.9632
1434 68.9632 68.996
1435 68.9632 69.2385
1436 68.9632 69.2332
1437 68.9632 68.9926
1438 68.9632 69.1243
1439 68.9632 69.0279
1440 68.9632 68.969
1441 68.9632 69.2242
1442 68.9632 69.1271
1443 68.9632 68.9671
1444 68.9632 68.9632
1445 68.9632 68.9871
1446 68.9632 68.9656
1447 68.9632 68.9632
1448 68.9632 68.9725
1449 68.9632 69.0004
1450 68.9632 69.0815
1451 68.9632 69.3329
1452 68.9632 69.3496
1453 68.9632 69.0644
1454 68.9632 69.1792
1455 68.9632 69.1044
1456 68.9632 69.0221
1457 68.9632 68.9753
1458 68.9632 68.9632
1459 68.9632 69.0917
1460 68.9632 68.9673
1461 68.9632 68.9632
1462 68.9632 68.9632
1463 68.9632 68.9861
1464 68.9632 68.9677
1465 68.9632 68.9977
1466 68.9632 68.9632
1467 68.9632 68.9632
1468 68.9632 69.0374
1469 68.9632 69.155
1470 68.9632 69.1143
1471 68.9632 69.0307
1472 68.9632 69.0086
1473 68.9632 69.0096
1474 68.9632 69.0054
1475 68.9632 68.9632
1476 68.9632 68.9877
1477 68.9632 69.075
1478 68.9632 69.1356
1479 68.9632 69.0895
1480 68.9632 69.0014
1481 68.9632 69.1814
1482 68.9632 69.0732
1483 68.9632 69.1242
1484 68.9632 69.0213
1485 68.9632 69.0335
1486 68.9632 69.1353
1487 68.9632 68.9986
1488 68.9632 68.9663
1489 68.9632 69.0173
1490 68.9632 69.0923
1491 68.9632 69.0124
1492 68.9632 68.9632
1493 68.9632 68.9632
1494 68.9632 68.9632
1495 68.9632 68.9632
1496 68.9632 68.9667
1497 68.9632 68.9632
1498 68.9632 69.0016
1499 68.9632 69.0337
1500 68.9632 68.9952
1501 68.9632 69.0328
1502 68.9632 68.9855
1503 68.9632 69.0463
1504 68.9632 69.0176
1505 68.9632 69.2118
1506 68.9632 69.0021
1507 68.9632 68.9813
1508 68.9632 68.9632
1509 68.9632 68.9826
1510 68.9632 69.0715
1511 68.9632 69.2299
1512 68.9632 68.9793
1513 68.9632 68.9632
1514 68.9632 68.9632
1515 68.9632 68.9654
1516 68.9632 68.9632
1517 68.9632 68.9732
1518 68.9632 69.0714
1519 68.9632 69.0907
1520 68.9632 69.0759
1521 68.9632 68.9927
1522 68.9632 68.9642
1523 68.9632 68.9788
1524 68.9632 68.9643
1525 68.9632 68.9633
1526 68.9632 69.0011
1527 68.9632 68.9829
1528 68.9632 68.9812
1529 68.9632 68.9687
1530 68.9632 68.9807
1531 68.9632 69.1175
1532 68.9632 69.1314
1533 68.9632 69.269
1534 68.9632 69.1553
1535 68.9632 69.1981
1536 68.9632 68.9911
1537 68.9632 68.9755
1538 68.9632 69.2705
1539 68.9632 69.0534
1540 68.9632 69.0191
1541 68.9632 69.1089
1542 68.9632 68.9918
1543 68.9632 69.0558
1544 68.9632 69.0162
1545 68.9632 68.9656
1546 68.9632 68.9632
1547 68.9632 68.9632
1548 68.9632 68.9757
1549 68.9632 68.9825
1550 68.9632 68.9632
1551 68.9632 68.9632
1552 68.9632 69.0244
1553 68.9632 69.0348
1554 68.9632 69.0771
1555 68.9632 69.0173
1556 68.9632 69.0462
1557 68.9632 69.0999
1558 68.9632 69.0167
1559 68.9632 68.9632
1560 68.9632 68.9632
1561 68.9632 69.1123
1562 68.9632 68.9747
1563 68.9632 68.964
1564 68.9632 68.9632
1565 68.9632 68.981
1566 68.9632 68.9661
1567 68.9632 68.9985
1568 68.9632 69.1289
1569 68.9632 69.0016
1570 68.9632 69.0053
1571 68.9632 69.0818
1572 68.9632 68.9721
1573 68.9632 68.9632
1574 68.9632 68.9632
1575 68.9632 68.9632
1576 68.9632 69.0452
1577 68.9632 68.9632
1578 68.9632 68.9658
1579 68.9632 69.0473
1580 68.9632 69.007
1581 68.9632 69.084
1582 68.9632 69.087
1583 68.9632 68.9632
1584 68.9632 68.9698
1585 68.9632 69.0135
1586 68.9632 69.1449
1587 68.9632 69.2164
1588 68.9632 69.0768
1589 68.9632 68.9918
1590 68.9632 68.9676
1591 68.9632 68.998
1592 68.9632 68.9863
1593 68.9632 69.0216
1594 68.9632 69.0341
1595 68.9632 69.0222
1596 68.9632 68.9632
1597 68.9632 69.0668
1598 68.9632 68.9724
1599 68.9632 69.1049
1600 68.9632 69.1059
1601 68.9632 68.9793
1602 68.9632 69.0475
1603 68.9632 69.0139
1604 68.9632 68.99
1605 68.9632 69.1116
1606 68.9632 69.0389
1607 68.9632 68.9766
1608 68.9632 69.0512
1609 68.9632 68.9779
1610 68.9632 68.9828
1611 68.9632 68.971
1612 68.9632 68.9634
1613 68.9632 68.9964
1614 68.9632 69.044
1615 68.9632 69.036
1616 68.9632 68.9955
1617 68.9632 68.9702
1618 68.9632 69.0892
1619 68.9632 69.0029
1620 68.9632 69.3762
1621 68.9632 69.2118
1622 68.9632 69.1335
1623 68.9632 68.9983
1624 68.9632 69.0827
1625 68.9632 69.1193
1626 68.9632 69.3853
1627 68.9632 69.1618
1628 68.9632 69.1229
1629 68.9632 69.0226
1630 68.9632 69.1344
1631 68.9632 69.0277
1632 68.9632 69.0255
1633 68.9632 68.9632
1634 68.9632 68.965
1635 68.9632 68.9922
1636 68.9632 68.9791
1637 68.9632 69.0446
1638 68.9632 68.9632
1639 68.9632 69.1241
1640 68.9632 69.0815
1641 68.9632 69.1037
1642 68.9632 68.9766
1643 68.9632 69.0021
1644 68.9632 68.9657
1645 68.9632 68.9956
1646 68.9632 69.0526
1647 68.9632 69.1134
1648 68.9632 69.0685
1649 68.9632 69.0142
1650 68.9632 69.0029
1651 68.9632 68.9632
1652 68.9632 68.9687
1653 68.9632 68.9632
1654 68.9632 68.9745
1655 68.9632 68.9632
1656 68.9632 68.9632
1657 68.9632 68.9632
1658 68.9632 69.075
1659 68.9632 69.1441
1660 68.9632 68.9632
1661 68.9632 68.964
1662 68.9632 69.0666
1663 68.9632 69.2654
1664 68.9632 69.1933
1665 68.9632 69.1823
1666 68.9632 69.0834
1667 68.9632 69.1479
1668 68.9632 69.094
1669 68.9632 69.0445
1670 68.9632 69.0081
1671 68.9632 68.9855
1672 68.9632 68.9811
1673 68.9632 68.9632
1674 68.9632 68.9632
1675 68.9632 69.1005
1676 68.9632 69.0149
1677 68.9632 68.9772
1678 68.9632 68.9749
1679 68.9632 68.9632
1680 68.9632 69.1908
1681 68.9632 69.0457
1682 68.9632 68.9933
1683 68.9632 69.1699
1684 68.9632 69.0117
1685 68.9632 69.0735
1686 68.9632 69.1104
1687 68.9632 68.9768
1688 68.9632 69.0682
1689 68.9632 69.01
1690 68.9632 68.9792
1691 68.9632 68.9756
1692 68.9632 69.014
1693 68.9632 68.9632
1694 68.9632 68.9632
1695 68.9632 68.9632
1696 68.9632 68.9742
1697 68.9632 68.9844
1698 68.9632 68.9855
1699 68.9632 68.966
1700 68.9632 69.0585
1701 68.9632 69.0465
1702 68.9632 68.9632
1703 68.9632 68.988
1704 68.9632 68.9632
1705 68.9632 69.1704
1706 68.9632 68.97
1707 68.9632 68.9646
1708 68.9632 68.9756
1709 68.9632 68.9632
1710 68.9632 68.9632
1711 68.9632 68.9632
1712 68.9632 68.9848
1713 68.9632 68.9632
1714 68.9632 68.9792
1715 68.9632 68.9643
1716 68.9632 68.9978
1717 68.9632 68.9714
1718 68.9632 69.0529
1719 68.9632 69.0584
1720 68.9632 69.0726
1721 68.9632 68.9632
1722 68.9632 68.9632
1723 68.9632 68.9632
1724 68.9632 68.9718
1725 68.9632 68.9632
1726 68.9632 68.9648
1727 68.9632 68.9632
1728 68.9632 68.9632
1729 68.9632 68.9966
1730 68.9632 68.9632
1731 68.9632 68.9632
1732 68.9632 68.9944
1733 68.9632 69.0429
1734 68.9632 69.0363
1735 68.9632 69.0552
1736 68.9632 69.1156
1737 68.9632 68.9632
1738 68.9632 68.9639
1739 68.9632 69.0056
1740 68.9632 69.0078
1741 68.9632 69.2021
1742 68.9632 68.9653
1743 68.9632 68.9647
1744 68.9632 68.9632
1745 68.9632 68.9984
1746 68.9632 69.0419
1747 68.9632 68.9796
1748 68.9632 68.9778
1749 68.9632 69.0219
1750 68.9632 68.9632
1751 68.9632 68.9632
1752 68.9632 68.9632
1753 68.9632 68.9632
1754 68.9632 69.0993
1755 68.9632 69.0352
1756 68.9632 69.0581
1757 68.9632 69.217
1758 68.9632 69.2169
1759 68.9632 69.2782
1760 68.9632 69.0683
1761 68.9632 69.1105
1762 68.9632 68.9954
1763 68.9632 68.9977
1764 68.9632 68.9945
1765 68.9632 69.0655
1766 68.9632 69.039
1767 68.9632 69.0224
1768 68.9632 69.0038
1769 68.9632 68.9632
1770 68.9632 69.0215
1771 68.9632 69.0638
1772 68.9632 69.0149
1773 68.9632 69.18
1774 68.9632 69.0149
1775 68.9632 69.017
1776 68.9632 69.0596
1777 68.9632 68.9753
1778 68.9632 68.9632
1779 68.9632 68.9632
1780 68.9632 69.0662
1781 68.9632 69.0758
1782 68.9632 68.9976
1783 68.9632 69.0378
1784 68.9632 68.9632
1785 68.9632 68.9644
1786 68.9632 69.0689
1787 68.9632 69.1095
1788 68.9632 68.9804
1789 68.9632 68.9632
1790 68.9632 68.9974
1791 68.9632 69.0156
1792 68.9632 68.9641
1793 68.9632 68.9756
1794 68.9632 68.9632
1795 68.9632 69.0058
1796 68.9632 68.9652
1797 68.9632 69.0379
1798 68.9632 69.1943
1799 68.9632 68.9694
1800 68.9632 69.0888
1801 68.9632 68.9946
1802 68.9632 68.9911
1803 68.9632 69.0397
1804 68.9632 69.2315
1805 68.9632 68.9954
1806 68.9632 68.9781
1807 68.9632 69.009
1808 68.9632 68.967
1809 68.9632 69.0005
1810 68.9632 69.1498
1811 68.9632 68.9806
1812 68.9632 69.017
1813 68.9632 69.0786
1814 68.9632 68.9701
1815 68.9632 69.0255
1816 68.9632 68.9643
1817 68.9632 69.0512
1818 68.9632 69.1329
1819 68.9632 68.9952
1820 68.9632 68.9632
1821 68.9632 68.9632
1822 68.9632 68.9632
1823 68.9632 68.9632
1824 68.9632 68.9632
1825 68.9632 68.9695
1826 68.9632 69.0766
1827 68.9632 68.9632
1828 68.9632 69.0196
1829 68.9632 69.1972
1830 68.9632 69.3043
1831 68.9632 69.412
1832 68.9632 69.0915
1833 68.9632 68.9865
1834 68.9632 69.0319
1835 68.9632 68.9696
1836 68.9632 68.9632
1837 68.9632 68.9638
1838 68.9632 69.0787
1839 68.9632 69.2117
1840 68.9632 69.1422
1841 68.9632 69.17
1842 68.9632 69.1014
1843 68.9632 68.9883
1844 68.9632 69.149
1845 68.9632 68.9632
1846 68.9632 68.9716
1847 68.9632 69.0945
1848 68.9632 69.0106
1849 68.9632 69.0136
1850 68.9632 69.138
1851 68.9632 68.9764
1852 68.9632 68.9663
1853 68.9632 68.9945
1854 68.9632 68.9632
1855 68.9632 68.992
1856 68.9632 69.0566
1857 68.9632 68.9632
1858 68.9632 68.9805
1859 68.9632 68.9795
1860 68.9632 69.0409
1861 68.9632 68.976
1862 68.9632 68.9644
1863 68.9632 68.9632
1864 68.9632 68.9632
1865 68.9632 68.9632
1866 68.9632 68.965
1867 68.9632 69.002
1868 68.9632 68.9632
1869 68.9488 69.1365
1870 68.9488 68.9763
1871 68.9488 69.0907
1872 68.9152 69.0443
1873 68.9152 69.0922
1874 68.9152 68.982
1875 68.9152 69.1252
1876 68.9152 68.9423
1877 68.9152 68.9549
1878 68.8008 69.0087
1879 68.8008 68.9162
1880 68.8008 68.8953
1881 68.8008 68.8224
1882 68.8008 68.8106
1883 68.8008 69.0752
1884 68.8008 68.8567
1885 68.8008 68.8431
1886 68.8008 68.8008
1887 68.8008 68.927
1888 68.8008 68.8008
1889 68.8008 68.8023
1890 68.8008 68.8223
1891 68.8008 68.8152
1892 68.8008 68.8684
1893 68.8008 68.8203
1894 68.8008 68.8008
1895 68.8008 68.8008
1896 68.8008 68.8008
1897 68.8008 69.0233
1898 68.8008 68.9858
1899 68.8008 68.9024
1900 68.8008 68.9509
1901 68.8008 69.0416
1902 68.8008 68.9244
1903 68.8008 68.8008
1904 68.8008 68.8045
1905 68.8008 68.8047
1906 68.8008 68.8198
1907 68.8008 68.8008
1908 68.8008 68.8008
1909 68.8008 68.8357
1910 68.8008 68.8308
1911 68.8008 68.8008
1912 68.8008 68.8008
1913 68.8008 68.8184
1914 68.8008 68.8106
1915 68.3131 68.9219
1916 68.3131 68.8508
1917 68.3131 68.5335
1918 68.3131 68.4617
1919 68.3131 68.8267
1920 68.3131 68.5285
1921 68.3131 68.7484
1922 68.3131 68.4389
1923 68.3131 68.3603
1924 68.3131 68.3382
1925 68.3131 68.3304
1926 68.3131 68.5204
1927 68.3131 68.7361
1928 68.3131 68.51
1929 68.3131 68.4881
1930 68.3131 68.3484
1931 68.3131 68.4412
1932 68.3131 68.3131
1933 68.3131 68.3484
1934 68.3131 68.3206
1935 68.3131 68.39
1936 68.3131 68.5307
1937 68.3131 68.4222
1938 68.3131 68.3177
1939 68.3131 68.3131
1940 68.3131 68.3867
1941 68.3131 68.416
1942 68.3131 68.4174
1943 68.3131 68.3131
1944 68.3131 68.4743
1945 68.3131 68.4308
1946 68.3131 68.3434
1947 68.1095 68.3209
1948 68.1095 68.3933
1949 68.1095 68.2178
1950 68.1095 68.1505
1951 68.1095 68.1175
1952 68.1095 68.1095
1953 68.1095 68.1972
1954 68.1095 68.1284
1955 68.1095 68.3146
1956 68.1095 68.2414
1957 68.1095 68.1105
1958 68.1095 68.1647
1959 68.1095 68.1785
1960 68.1095 68.1524
1961 68.1095 68.2066
1962 68.1095 68.1807
1963 68.1095 68.1538
1964 68.1095 68.1107
1965 68.1095 68.1806
1966 68.1095 68.1173
1967 68.1095 68.1114
1968 68.1095 68.1095
1969 68.1095 68.1095
1970 68.1095 68.2044
1971 68.1095 68.1169
1972 68.1095 68.165
1973 68.1095 68.2886
1974 68.1095 68.2059
1975 68.1095 68.1135
1976 68.1095 68.1095
1977 68.1095 68.1095
1978 68.1095 68.2921
1979 68.1095 68.1552
1980 68.1095 68.1237
1981 68.1095 68.2162
1982 68.1095 68.1736
1983 68.1095 68.1446
1984 68.1095 68.1718
1985 68.1095 68.1721
1986 68.1095 68.1476
1987 68.1095 68.1146
1988 68.1095 68.119
1989 68.1095 68.1095
1990 68.1095 68.1435
1991 68.1095 68.2885
1992 68.1095 68.1114
1993 68.1095 68.2377
1994 68.1095 68.1986
1995 68.1095 68.329
1996 68.1095 68.2446
1997 68.1095 68.3676
1998 68.1095 68.2476
1999 68.1095 68.1095
2000 68.1095 68.1115
2001 68.1095 68.1095
2002 68.1095 68.1095
2003 68.1095 68.117
2004 68.1095 68.1502
2005 68.1095 68.3474
2006 68.1095 68.3799
2007 68.1095 68.3123
2008 68.1095 68.1322
2009 68.1095 68.3148
2010 68.1095 68.1095
2011 68.1095 68.2287
2012 68.1095 68.1553
2013 68.1095 68.1122
2014 68.1095 68.6251
2015 68.1095 68.2173
2016 68.1095 68.1095
2017 68.1095 68.1129
2018 68.1095 68.1965
2019 68.1095 68.1182
2020 68.1095 68.1628
2021 68.1095 68.1542
2022 68.1095 68.3497
2023 68.1095 68.2389
2024 68.1095 68.1938
2025 68.1095 68.2057
2026 68.1095 68.2559
2027 68.1095 68.1095
2028 68.1095 68.1209
2029 68.1095 68.1743
2030 68.1095 68.1095
2031 68.1095 68.1274
2032 68.1095 68.1095
2033 68.1095 68.1445
2034 68.1095 68.1369
2035 68.1095 68.1147
2036 68.1095 68.1761
2037 68.1095 68.1095
2038 68.1095 68.2406
2039 68.1095 68.1472
2040 68.1095 68.1123
2041 68.1095 68.1465
2042 68.1095 68.2275
2043 68.1095 68.1607
2044 68.1095 68.1554
2045 68.1095 68.1702
2046 68.1095 68.1583
2047 68.1095 68.1706
2048 68.1095 68.3243
2049 68.1095 68.1294
2050 68.1095 68.1229
2051 68.1095 68.1383
2052 68.1095 68.1691
2053 68.1095 68.1612
2054 68.1095 68.1808
2055 68.1095 68.1801
2056 68.1095 68.1241
2057 68.1095 68.232
2058 68.1095 68.1309
2059 68.1095 68.1477
2060 68.1095 68.1123
2061 68.1095 68.1095
2062 68.1095 68.1496
2063 68.1095 68.1337
2064 68.1095 68.1101
2065 68.1095 68.1095
2066 68.1095 68.1095
2067 68.1095 68.1095
2068 68.1095 68.1567
2069 68.1095 68.1095
2070 68.1095 68.1095
2071 68.1095 68.1178
2072 68.1095 68.1114
2073 68.1095 68.1419
2074 68.1095 68.1916
2075 68.1095 68.4065
2076 68.1095 68.1269
2077 68.1095 68.1095
2078 68.1095 68.1451
2079 68.1095 68.1144
2080 68.1095 68.1095
2081 68.1095 68.1095
2082 68.1095 68.1603
2083 68.1095 68.1625
2084 68.1095 68.309
2085 68.1095 68.1566
2086 68.1095 68.2421
2087 68.1095 68.247
2088 68.1095 68.1211
2089 68.1095 68.299
2090 68.1095 68.1095
2091 68.1095 68.1095
2092 68.1095 68.1136
2093 68.1095 68.1095
2094 68.1095 68.1095
2095 68.1095 68.1181
2096 68.1095 68.1801
2097 68.1095 68.2607
2098 68.1095 68.1467
2099 68.1095 68.1511
2100 68.1095 68.1095
2101 68.1095 68.1095
2102 68.1095 68.1536
2103 68.1095 68.1095
2104 68.1095 68.1109
2105 68.1095 68.1186
2106 68.1095 68.123
2107 68.1095 68.1634
2108 68.1095 68.1521
2109 68.1095 68.4071
2110 68.1095 68.1396
2111 68.1095 68.1345
2112 68.1095 68.1095
2113 68.1095 68.1367
2114 68.1095 68.1561
2115 68.1095 68.1095
2116 68.1095 68.1773
2117 68.1095 68.1102
2118 68.1095 68.1132
2119 68.1095 68.1101
2120 68.1095 68.1095
2121 68.1095 68.1115
2122 68.1095 68.1095
2123 68.1095 68.1249
2124 68.1095 68.2958
2125 68.1095 68.5406
2126 68.1095 68.2611
2127 68.1095 68.1345
2128 68.1095 68.1095
2129 68.1095 68.1267
2130 68.1095 68.2838
2131 68.1095 68.1623
2132 68.1095 68.2075
2133 68.1095 68.2394
2134 68.1095 68.1095
2135 68.1095 68.2943
2136 68.1095 68.1835
2137 68.1095 68.2118
2138 68.1095 68.369
2139 68.1095 68.1095
2140 68.1095 68.1663
2141 68.1095 68.1095
2142 68.1095 68.1145
2143 68.1095 68.1644
2144 68.1095 68.1117
2145 68.1095 68.1443
2146 68.1095 68.1838
2147 68.1095 68.112
2148 68.1095 68.1201
2149 68.1095 68.1525
2150 68.1095 68.1095
2151 68.1095 68.1095
2152 68.1095 68.1095
2153 68.1095 68.1107
2154 68.1095 68.12
2155 68.1095 68.1385
2156 68.1095 68.184
2157 68.1095 68.1195
2158 68.1095 68.1899
2159 68.1095 68.1168
2160 68.1095 68.1095
2161 68.1095 68.1095
2162 68.1095 68.141
2163 68.1095 68.1549
2164 68.1095 68.2117
2165 68.1095 68.3512
2166 68.1095 68.3029
2167 68.1095 68.3291
2168 68.1095 68.1742
2169 68.1095 68.1095
2170 68.1095 68.1834
2171 68.1095 68.1552
2172 68.1095 68.1149
2173 68.1095 68.2027
2174 68.1095 68.1288
2175 68.1095 68.1095
2176 68.1095 68.169
2177 68.1095 68.1551
2178 68.1095 68.1573
2179 68.1095 68.2508
2180 68.1095 68.2245
2181 68.1095 68.2214
2182 68.1095 68.1607
2183 68.1095 68.1319
2184 68.1095 68.2862
2185 68.1095 68.2881
2186 68.1095 68.2567
2187 68.1095 68.1095
2188 68.1095 68.2092
2189 68.1095 68.197
2190 68.1095 68.1172
2191 68.1095 68.1095
2192 68.1095 68.1095
2193 68.1095 68.1095
2194 68.1095 68.1095
2195 68.1095 68.1192
2196 68.1095 68.1472
2197 68.1095 68.2192
2198 68.1095 68.1181
2199 68.1095 68.1095
2200 68.1095 68.1367
2201 68.1095 68.1813
2202 68.1095 68.196
2203 68.1095 68.1198
2204 68.1095 68.1621
2205 68.1095 68.1095
2206 68.1095 68.1095
2207 68.1095 68.1788
2208 68.1095 68.125
2209 68.1095 68.1144
2210 68.1095 68.1363
2211 68.1095 68.1197
2212 68.1095 68.1277
2213 68.1095 68.1157
2214 68.1095 68.1881
2215 68.1095 68.171
2216 68.1095 68.1104
2217 68.1095 68.122
2218 68.1095 68.1409
2219 68.1095 68.2789
2220 68.1095 68.2346
2221 68.1095 68.2508
2222 68.1095 68.1136
2223 68.1095 68.1749
2224 68.1095 68.2112
2225 68.1095 68.1727
2226 68.1095 68.1327
2227 68.1095 68.2059
2228 68.1095 68.1565
2229 68.1095 68.3318
2230 68.1095 68.297
2231 68.1095 68.1511
2232 68.1095 68.1114
2233 68.1095 68.1166
2234 68.1095 68.1637
2235 68.1095 68.149
2236 68.1095 68.1327
2237 68.1095 68.2419
2238 68.1095 68.1438
2239 68.1095 68.1757
2240 68.1095 68.2621
2241 68.1095 68.1621
2242 68.1095 68.3181
2243 68.1095 68.5587
2244 68.1095 68.3751
2245 68.1095 68.1521
2246 68.1095 68.1151
2247 68.1095 68.1095
2248 68.1095 68.1105
2249 68.1095 68.1095
2250 68.1095 68.1801
2251 68.1095 68.2156
2252 68.1095 68.1779
2253 68.1095 68.1162
2254 68.1095 68.1323
2255 68.1095 68.1095
2256 68.1095 68.1102
2257 68.1095 68.1318
2258 68.1095 68.1366
2259 68.1095 68.1095
2260 68.1095 68.1632
2261 68.1095 68.1632
2262 68.1095 68.1102
2263 68.1095 68.1095
2264 68.1095 68.1753
2265 68.1095 68.1095
2266 68.1095 68.2284
2267 68.1095 68.1118
2268 68.1095 68.1799
2269 68.1095 68.171
2270 68.1095 68.1445
2271 68.1095 68.308
2272 68.1095 68.1368
2273 68.1095 68.2223
2274 68.1095 68.1444
2275 68.1095 68.1095
2276 68.1095 68.1095
2277 68.1095 68.1834
2278 68.1095 68.1095
2279 68.1095 68.1095
2280 68.1095 68.1143
2281 68.1095 68.1315
2282 68.1095 68.1878
2283 68.1095 68.1196
2284 68.1095 68.1185
2285 68.1095 68.1777
2286 68.1095 68.297
2287 68.1095 68.1616
2288 68.1095 68.1549
2289 68.1095 68.1966
2290 68.1095 68.1382
2291 68.1095 68.4139
2292 68.1095 68.4899
2293 68.1095 68.2712
2294 68.1095 68.1878
2295 68.1095 68.1653
2296 68.1095 68.2661
2297 68.1095 68.3304
2298 68.1095 68.1883
2299 68.1095 68.1433
2300 68.1095 68.1137
2301 68.1095 68.1753
2302 68.1095 68.188
2303 68.1095 68.1784
2304 68.1095 68.1249
2305 68.1095 68.1723
2306 68.1095 68.1323
2307 68.1095 68.2918
2308 68.1095 68.2347
2309 68.1095 68.1095
2310 68.1095 68.1111
2311 68.1095 68.1664
2312 68.1095 68.1446
2313 68.1095 68.1543
2314 68.1095 68.1198
2315 68.1095 68.1136
2316 68.1095 68.1512
2317 68.1095 68.1475
2318 68.1095 68.1095
2319 68.1095 68.1095
2320 68.1095 68.1095
2321 68.1095 68.1095
2322 68.1095 68.1095
2323 68.1095 68.1095
2324 68.1095 68.1455
2325 68.1095 68.1128
2326 68.1095 68.1504
2327 68.1095 68.1229
2328 68.1095 68.4718
2329 68.1095 68.1503
2330 68.1095 68.1095
2331 68.1095 68.1428
2332 68.1095 68.2029
2333 68.1095 68.1897
2334 68.1095 68.1845
2335 68.1095 68.1095
2336 68.1095 68.1193
2337 68.1095 68.1927
2338 68.1095 68.2511
2339 68.1095 68.1268
2340 68.1095 68.1121
2341 68.1095 68.1146
2342 68.1095 68.1678
2343 68.1095 68.154
2344 68.1095 68.2376
2345 68.1095 68.2237
2346 68.1095 68.1988
2347 68.1095 68.164
2348 68.1095 68.2278
2349 68.1095 68.2097
2350 68.1095 68.1331
2351 68.1095 68.1283
2352 68.1095 68.2079
2353 68.1095 68.4987
2354 68.1095 68.1186
2355 68.1095 68.132
2356 68.1095 68.1127
2357 68.1095 68.1931
2358 68.1095 68.1095
2359 68.1095 68.1291
2360 68.1095 68.1595
2361 68.1095 68.1259
2362 68.1095 68.1095
2363 68.1095 68.1095
2364 68.1095 68.1514
2365 68.1095 68.2145
2366 68.1095 68.174
2367 68.1095 68.1413
2368 68.1095 68.1095
2369 68.1095 68.1095
2370 68.1095 68.1095
2371 68.1095 68.2826
2372 68.1095 68.1913
2373 68.1095 68.3008
2374 68.1095 68.3632
2375 68.1095 68.1095
2376 68.1095 68.1095
2377 68.1095 68.1095
2378 68.1095 68.1213
2379 68.1095 68.3251
2380 68.1095 68.2263
2381 68.1095 68.2075
2382 68.1095 68.1095
2383 68.1095 68.1095
2384 68.1095 68.1095
2385 68.1095 68.1095
2386 68.1095 68.1433
2387 68.1095 68.1159
2388 68.1095 68.1911
2389 68.1095 68.2018
2390 68.1095 68.1452
2391 68.1095 68.114
2392 68.1095 68.1513
2393 68.1095 68.126
2394 68.1095 68.1095
2395 68.1095 68.1095
2396 68.1095 68.1095
2397 68.1095 68.1207
2398 68.1095 68.1666
2399 68.1095 68.1879
2400 68.1095 68.1366
2401 68.1095 68.1147
2402 68.1095 68.2228
2403 68.1095 68.1512
2404 68.1095 68.1095
2405 68.1095 68.1688
2406 68.1095 68.2148
2407 68.1095 68.243
2408 68.1095 68.5131
2409 68.1095 68.1106
2410 68.1095 68.121
2411 68.1095 68.1824
2412 68.1095 68.205
2413 68.1095 68.2063
2414 68.1095 68.2668
2415 68.1095 68.3086
2416 68.1095 68.4217
2417 68.1095 68.2982
2418 68.1095 68.1198
2419 68.1095 68.1095
2420 68.1095 68.1147
2421 68.1095 68.124
2422 68.1095 68.1626
2423 68.1095 68.1389
2424 68.1095 68.2305
2425 68.1095 68.1773
2426 68.1095 68.1792
2427 68.1095 68.247
2428 68.1095 68.1696
2429 68.1095 68.1095
2430 68.1095 68.1095
2431 68.1095 68.1095
2432 68.1095 68.1095
2433 68.1095 68.233
2434 68.1095 68.1161
2435 68.1095 68.1624
2436 68.1095 68.1841
2437 68.1095 68.1225
2438 68.1095 68.2642
2439 68.1095 68.3329
2440 68.1095 68.2362
2441 68.1095 68.2073
2442 68.1095 68.1151
2443 68.1095 68.1095
2444 68.1095 68.1095
2445 68.1095 68.1121
2446 68.1095 68.119
2447 68.1095 68.1095
2448 68.1095 68.1095
2449 68.1095 68.2006
2450 68.1095 68.1389
2451 68.1095 68.1494
2452 68.1095 68.1334
2453 68.1095 68.1427
2454 68.1095 68.1357
2455 68.1095 68.1414
2456 68.1095 68.1095
2457 68.1095 68.1095
2458 68.1095 68.1095
2459 68.1095 68.1095
2460 68.1095 68.1095
2461 68.1095 68.137
2462 68.1095 68.1487
2463 68.1095 68.1461
2464 68.1095 68.1124
2465 68.1095 68.2062
2466 68.1095 68.2206
2467 68.1095 68.114
2468 68.1095 68.1331
2469 68.1095 68.2093
2470 68.1095 68.1901
2471 68.1095 68.1865
2472 68.1095 68.1095
2473 68.1095 68.2082
2474 68.1095 68.1773
2475 68.1095 68.1398
2476 68.1095 68.1095
2477 68.1095 68.1367
2478 68.1095 68.1095
2479 68.1095 68.1178
2480 68.1095 68.1353
2481 68.1095 68.1914
2482 68.1095 68.1424
2483 68.1095 68.1245
2484 68.1095 68.1601
2485 68.1095 68.1656
2486 68.1095 68.1932
2487 68.1095 68.1753
2488 68.1095 68.1473
2489 68.1095 68.1186
2490 68.1095 68.1095
2491 68.1095 68.499
2492 68.1095 68.2756
2493 68.1095 68.2098
2494 68.1095 68.2744
2495 68.1095 68.2081
2496 68.1095 68.1095
2497 68.1095 68.1433
2498 68.1095 68.1503
2499 68.1095 68.2308
2500 68.1095 68.1966
2501 68.1095 68.1384
2502 68.1095 68.1095
2503 68.1095 68.1514
2504 68.1095 68.3007
2505 68.1095 68.1729
2506 68.1095 68.23
2507 68.1095 68.2129
2508 68.1095 68.113
2509 68.1095 68.1095
2510 68.1095 68.1937
2511 68.1095 68.2069
2512 68.1095 68.147
2513 68.1095 68.1572
2514 68.1095 68.2553
2515 68.1095 68.1095
2516 68.1095 68.1095
2517 68.1095 68.1095
2518 68.1095 68.15
2519 68.1095 68.1795
2520 68.1095 68.2484
2521 68.1095 68.4568
2522 68.1095 68.317
2523 68.1095 68.1375
2524 68.1095 68.4117
2525 68.1095 68.2714
2526 68.1095 68.2968
2527 68.1095 68.3668
2528 68.1095 68.3422
2529 68.1095 68.1819
2530 68.1095 68.1702
2531 68.1095 68.1793
2532 68.1095 68.1114
2533 68.1095 68.1678
2534 68.1095 68.1663
2535 68.1095 68.1686
2536 68.1095 68.1095
2537 68.1095 68.4971
2538 68.1095 68.3473
2539 68.1095 68.1298
2540 68.1095 68.4072
2541 68.1095 68.2292
2542 68.1095 68.2342
2543 68.1095 68.1942
2544 68.1095 68.1334
2545 68.1095 68.1095
2546 68.1095 68.1296
2547 68.1095 68.1095
2548 68.1095 68.1095
2549 68.1095 68.1095
2550 68.1095 68.2737
2551 68.1095 68.1338
2552 68.1095 68.2797
2553 68.1095 68.4405
2554 68.1095 68.4693
2555 68.1095 68.1434
2556 68.1095 68.2378
2557 68.1095 68.2007
2558 68.1095 68.1291
2559 68.1095 68.1474
2560 68.1095 68.129
2561 68.1095 68.114
2562 68.1095 68.1095
2563 68.1095 68.1095
2564 68.1095 68.1095
2565 68.1095 68.134
2566 68.1095 68.3253
2567 68.1095 68.1532
2568 68.1095 68.1366
2569 68.1095 68.1095
2570 68.1095 68.1095
2571 68.1095 68.1672
2572 68.1095 68.1095
2573 68.1095 68.1325
2574 68.1095 68.2
2575 68.1095 68.1095
2576 68.1095 68.1832
2577 68.1095 68.1095
2578 68.1095 68.1095
2579 68.1095 68.1308
2580 68.1095 68.1745
2581 68.1095 68.1334
2582 68.1095 68.1095
2583 68.1095 68.1095
2584 68.1095 68.1177
2585 68.1095 68.2104
2586 68.1095 68.1095
2587 68.1095 68.1248
2588 68.1095 68.1095
2589 68.1095 68.1095
2590 68.1095 68.2343
2591 68.1095 68.1426
2592 68.1095 68.1185
2593 68.1095 68.1121
2594 68.1095 68.1273
2595 68.1095 68.1095
2596 68.1095 68.1095
2597 68.1095 68.1106
2598 68.1095 68.2434
2599 68.1095 68.1763
2600 68.1095 68.152
2601 68.1095 68.1452
2602 68.1095 68.4428
2603 68.1095 68.3166
2604 68.1095 68.1536
2605 68.1095 68.1175
2606 68.1095 68.247
2607 68.1095 68.1543
2608 68.1095 68.1112
2609 68.1095 68.1115
2610 68.1095 68.1537
2611 68.1095 68.1604
2612 68.1095 68.2564
2613 68.1095 68.1741
2614 68.1095 68.1976
2615 68.1095 68.1183
2616 68.1095 68.1983
2617 68.1095 68.2672
2618 68.1095 68.1979
2619 68.1095 68.1095
2620 68.1095 68.1111
2621 68.1095 68.1468
2622 68.1095 68.1095
2623 68.1095 68.1095
2624 68.1095 68.1095
2625 68.1095 68.1148
2626 68.1095 68.1816
2627 68.1095 68.2478
2628 68.1095 68.1701
2629 68.1095 68.1814
2630 68.1095 68.1246
2631 68.1095 68.1095
2632 68.1095 68.1095
2633 68.1095 68.2188
2634 68.1095 68.1916
2635 68.1095 68.1095
2636 68.1095 68.1095
2637 68.1095 68.1098
2638 68.1095 68.1095
2639 68.1095 68.1095
2640 68.1095 68.1095
2641 68.1095 68.1508
2642 68.1095 68.1095
2643 68.1095 68.1095
2644 68.1095 68.2262
2645 68.1095 68.2465
2646 68.1095 68.3139
2647 68.1095 68.167
2648 68.1095 68.2196
2649 68.1095 68.2201
2650 68.1095 68.1225
2651 68.1095 68.1661
2652 68.1095 68.2189
2653 68.1095 68.2076
2654 68.1095 68.3016
2655 68.1095 68.1126
2656 68.1095 68.1655
2657 68.1095 68.1341
2658 68.1095 68.1699
2659 68.1095 68.1095
2660 68.1095 68.3823
2661 68.1095 68.1335
2662 68.1095 68.1874
2663 68.1095 68.1308
2664 68.1095 68.1095
2665 68.1095 68.1462
2666 68.1095 68.1095
2667 68.1095 68.1568
2668 68.1095 68.1215
2669 68.1095 68.1095
2670 68.1095 68.1095
2671 68.1095 68.1275
2672 68.1095 68.2412
2673 68.1095 68.1673
2674 68.1095 68.2144
2675 68.1095 68.1095
2676 68.1095 68.1277
2677 68.1095 68.2126
2678 68.1095 68.1358
2679 68.1095 68.2871
2680 68.1095 68.3254
2681 68.1095 68.2368
2682 68.1095 68.1549
2683 68.1095 68.138
2684 68.1095 68.1498
2685 68.1095 68.4647
2686 68.1095 68.132
2687 68.1095 68.2656
2688 68.1095 68.29
2689 68.1095 68.2414
2690 68.1095 68.1521
2691 68.1095 68.3096
2692 68.1095 68.159
2693 68.1095 68.1095
2694 68.1095 68.2226
2695 68.1095 68.1095
2696 68.1095 68.1397
2697 68.1095 68.1095
2698 68.1095 68.1509
2699 68.1095 68.1095
2700 68.1095 68.1518
2701 68.1095 68.1476
2702 68.1095 68.1951
2703 68.1095 68.3038
2704 68.1095 68.1273
2705 68.1095 68.1141
2706 68.1095 68.1853
2707 68.1095 68.312
2708 68.1095 68.1717
2709 68.1095 68.1269
2710 68.1095 68.1099
2711 68.1095 68.1734
2712 68.1095 68.1278
2713 68.1095 68.1095
2714 68.1095 68.1969
2715 68.1095 68.1095
2716 68.1095 68.1693
2717 68.1095 68.1635
2718 68.1095 68.3578
2719 68.1095 68.176
2720 68.1095 68.3345
2721 68.1095 68.1851
2722 68.1095 68.1684
2723 68.1095 68.3402
2724 68.1095 68.4644
2725 68.1095 68.1689
2726 68.1095 68.2023
2727 68.1095 68.1127
2728 68.1095 68.18
2729 68.1095 68.1265
2730 68.1095 68.1229
2731 68.1095 68.122
2732 68.1095 68.1228
2733 68.1095 68.2106
2734 68.1095 68.118
2735 68.1095 68.1205
2736 68.1095 68.177
2737 68.1095 68.2098
2738 68.1095 68.2401
2739 68.1095 68.1728
2740 68.1095 68.1353
2741 68.1095 68.1344
2742 68.1095 68.1095
2743 68.1095 68.1095
2744 68.1095 68.1095
2745 68.1095 68.1248
2746 68.1095 68.252
2747 68.1095 68.1095
2748 68.1095 68.1416
2749 68.1095 68.1581
2750 68.1095 68.1095
2751 68.1095 68.1095
2752 68.1095 68.1336
2753 68.1095 68.1302
2754 68.1095 68.1811
2755 68.1095 68.1803
2756 68.1095 68.1095
2757 68.1095 68.1095
2758 68.1095 68.1095
2759 68.1095 68.1095
2760 68.1095 68.1114
2761 68.1095 68.1172
2762 68.1095 68.1368
2763 68.1095 68.133
2764 68.1095 68.1618
2765 68.1095 68.2389
2766 68.1095 68.3722
2767 68.1095 68.4896
2768 68.1095 68.3385
2769 68.1095 68.2447
2770 68.1095 68.5139
2771 68.1095 68.6511
2772 68.1095 68.5823
2773 68.1095 68.2547
2774 68.1095 68.4374
2775 68.1095 68.3946
2776 68.1095 68.3622
2777 68.1095 68.1662
2778 68.1095 68.2307
2779 68.1095 68.2026
2780 68.1095 68.1566
2781 68.1095 68.1435
2782 68.1095 68.1336
2783 68.1095 68.308
2784 68.1095 68.1743
2785 68.1095 68.1123
2786 68.1095 68.1095
2787 68.1095 68.1095
2788 68.1095 68.1095
2789 68.1095 68.1095
2790 68.1095 68.1675
2791 68.1095 68.1199
2792 68.1095 68.4003
2793 68.1095 68.1095
2794 68.1095 68.2257
2795 68.1095 68.2141
2796 68.1095 68.1095
2797 68.1095 68.1315
2798 68.1095 68.1095
2799 68.1095 68.1693
2800 68.1095 68.1285
2801 68.1095 68.1348
2802 68.1095 68.1095
2803 68.1095 68.1095
2804 68.1095 68.1376
2805 68.1095 68.1389
2806 68.1095 68.1178
2807 68.1095 68.1402
2808 68.1095 68.2976
2809 68.1095 68.1198
2810 68.1095 68.1276
2811 68.1095 68.1095
2812 68.1095 68.1132
2813 68.1095 68.1484
2814 68.1095 68.1163
2815 68.1095 68.1095
2816 68.1095 68.1405
2817 68.1095 68.1118
2818 68.1095 68.2351
2819 68.1095 68.216
2820 68.1095 68.2501
2821 68.1095 68.4035
2822 68.1095 68.6387
2823 68.1095 68.3284
2824 68.1095 68.147
2825 68.1095 68.2694
2826 68.1095 68.1392
2827 68.1095 68.1398
2828 68.1095 68.1321
2829 68.1095 68.2206
2830 68.1095 68.5068
2831 68.1095 68.1951
2832 68.1095 68.1245
2833 68.1095 68.1215
2834 68.1095 68.1104
2835 68.1095 68.1095
2836 68.1095 68.1095
2837 68.1095 68.1095
2838 68.1095 68.1976
2839 68.1095 68.1299
2840 68.1095 68.2429
2841 68.1095 68.2057
2842 68.1095 68.2482
2843 68.1095 68.2889
2844 68.1095 68.2371
2845 68.1095 68.1651
2846 68.1095 68.1136
2847 68.1095 68.1095
2848 68.1095 68.1095
2849 68.1095 68.1253
2850 68.1095 68.4236
2851 68.1095 68.3254
2852 68.1095 68.3606
2853 68.1095 68.1144
2854 68.1095 68.1473
2855 68.1095 68.1138
2856 68.1095 68.1287
2857 68.1095 68.1644
2858 68.1095 68.1095
2859 68.1095 68.1095
2860 68.1095 68.1095
2861 68.1095 68.1904
2862 68.1095 68.4137
2863 68.1095 68.2152
2864 68.1095 68.1239
2865 68.1095 68.1564
2866 68.1095 68.167
2867 68.1095 68.2239
2868 68.1095 68.6146
2869 68.1095 68.3059
2870 68.1095 68.1095
2871 68.1095 68.1095
2872 68.1095 68.1104
2873 68.1095 68.1326
2874 68.1095 68.1095
2875 68.1095 68.1641
2876 68.1095 68.125
2877 68.1095 68.1543
2878 68.1095 68.1573
2879 67.7809 68.1301
2880 67.7809 68.1281
2881 67.7809 68.1815
2882 67.7809 67.8857
2883 67.7809 67.869
2884 67.7809 67.8746
2885 67.7809 67.9905
2886 67.7809 67.8589
2887 67.7809 67.7836
2888 67.7809 67.7809
2889 67.7809 67.8345
2890 67.7809 67.7809
2891 67.7809 67.8436
2892 67.7809 67.7809
2893 67.7809 67.7809
2894 67.7809 67.7809
2895 67.7809 67.7809
2896 67.7809 67.7828
2897 67.7809 67.7809
2898 67.7809 67.8351
2899 67.7809 67.7809
2900 67.7809 67.8264
2901 67.7809 68.0609
2902 67.7809 67.8276
2903 67.7809 67.8351
2904 67.7809 67.8303
2905 67.7809 67.9151
2906 67.7809 67.9515
2907 67.7809 67.8729
2908 67.7809 68.0997
2909 67.7809 67.9061
2910 67.7809 67.9997
2911 67.7809 68.0204
2912 67.7809 67.967
2913 67.7809 68.0751
2914 67.7809 67.7819
2915 67.7809 67.7809
2916 67.7809 67.7809
2917 67.7809 67.8755
2918 67.7809 67.7809
2919 67.7809 67.7809
2920 67.7809 67.7809
2921 67.7809 67.7876
2922 67.7809 67.8314
2923 67.7809 67.7809
2924 67.7809 67.7809
2925 67.7809 67.7809
2926 67.7809 67.825
2927 67.7809 67.7809
2928 67.7809 67.7809
2929 67.7809 67.7966
2930 67.7809 67.7809
2931 67.7809 67.7891
2932 67.7809 67.7886
2933 67.7809 67.8592
2934 67.7809 67.8196
2935 67.7809 67.8013
2936 67.7809 67.7873
2937 67.7809 67.7809
2938 67.7809 67.7809
2939 67.7809 67.7809
2940 67.7809 67.7819
2941 67.7809 67.8227
2942 67.7809 67.9015
2943 67.7809 68.2128
2944 67.7809 68.3427
2945 67.7809 68.0661
2946 67.7809 67.8317
2947 67.7809 67.7809
2948 67.7809 67.7809
2949 67.7809 67.8019
2950 67.7809 67.9769
2951 67.7809 67.9856
2952 67.7809 67.8236
2953 67.7809 67.8623
2954 67.7809 67.8933
2955 67.7809 67.8276
2956 67.7809 67.844
2957 67.7809 67.9062
2958 67.7809 67.7811
2959 67.7809 67.8507
2960 67.7809 67.7828
2961 67.7809 67.8426
2962 67.7809 67.7973
2963 67.7809 67.7848
2964 67.7809 67.7809
2965 67.7809 67.7809
2966 67.7809 67.7811
2967 67.7809 67.8427
2968 67.7809 67.9115
2969 67.7809 67.9461
2970 67.7809 68.1225
2971 67.7809 67.8437
2972 67.7809 67.8716
2973 67.7809 67.8808
2974 67.7809 67.9648
2975 67.7809 67.9452
2976 67.7809 67.8581
2977 67.7809 67.7975
2978 67.7809 67.7809
2979 67.7809 67.7809
2980 67.7809 67.8119
2981 67.7809 67.8131
2982 67.7809 67.7866
2983 67.7809 67.7809
2984 67.7809 67.7809
2985 67.7809 67.7878
2986 67.7809 67.7809
2987 67.7809 67.7912
2988 67.7809 67.7994
2989 67.7809 67.9285
2990 67.7809 67.7809
2991 67.7809 67.7889
2992 67.7809 67.7809
2993 67.7809 67.8589
2994 67.7809 67.9117
2995 67.7809 67.8364
2996 67.7809 67.8661
2997 67.7809 67.8991
2998 67.7809 67.9485
2999 67.7809 67.9112
3000 67.7809 67.977
3001 67.7809 67.9689
3002 67.7809 67.8149
3003 67.7809 67.9302
3004 67.7809 67.8155
3005 67.7809 67.9017
3006 67.7809 67.7809
3007 67.7809 67.8649
3008 67.7809 67.7879
3009 67.7809 67.7939
3010 67.7809 67.8638
3011 67.7809 67.9585
3012 67.7809 67.8065
3013 67.7809 67.8268
3014 67.7809 67.8032
3015 67.7809 67.9465
3016 67.7809 67.8308
3017 67.7809 67.785
3018 67.7809 67.7882
3019 67.7809 67.7944
3020 67.7809 67.8094
3021 67.7809 67.903
3022 67.7809 67.7892
3023 67.7809 67.8945
3024 67.7809 67.8019
3025 67.7809 67.7819
3026 67.7809 67.812
3027 67.7809 67.7809
3028 67.7809 67.7809
3029 67.7809 67.7809
3030 67.7809 67.816
3031 67.7809 68.0386
3032 67.7809 67.7809
3033 67.7809 67.7868
3034 67.7809 67.7809
3035 67.7809 67.7809
3036 67.7809 67.7809
3037 67.7809 67.7809
3038 67.7809 67.7809
3039 67.7809 67.9595
3040 67.7809 67.8038
3041 67.7809 67.7809
3042 67.7809 67.7998
3043 67.7809 67.7915
3044 67.7809 67.7904
3045 67.7809 67.7809
3046 67.7809 67.7809
3047 67.7809 67.7809
3048 67.7809 67.8115
3049 67.7809 67.9081
3050 67.7809 67.9528
3051 67.7809 67.8299
3052 67.7809 67.7964
3053 67.7809 67.9357
3054 67.7809 68.0001
3055 67.7809 67.784
3056 67.7809 67.8061
3057 67.7809 67.8407
3058 67.7809 67.7809
3059 67.7809 67.7809
3060 67.7809 67.9554
3061 67.7809 67.9437
3062 67.7809 67.9225
3063 67.7809 67.9408
3064 67.7809 67.9129
3065 67.7809 67.7897
3066 67.7809 67.7895
3067 67.7809 67.7809
3068 67.7809 67.7905
3069 67.7809 67.9564
3070 67.7809 67.7854
3071 67.7809 68.0446
3072 67.7809 67.8692
3073 67.7809 67.844
3074 67.7809 67.801
3075 67.7809 67.8061
3076 67.7809 67.8249
3077 67.7809 67.8014
3078 67.7809 67.8601
3079 67.7809 67.8391
3080 67.7809 67.968
3081 67.7809 68.0814
3082 67.7809 68.0427
3083 67.7809 67.7903
3084 67.7809 67.7809
3085 67.7809 67.8484
3086 67.7809 67.7961
3087 67.7809 67.8367
3088 67.7809 67.7809
3089 67.7809 67.8015
3090 67.7809 67.7979
3091 67.7809 67.8048
3092 67.7809 67.8201
3093 67.7809 67.7809
3094 67.7809 67.8539
3095 67.7809 67.8226
3096 67.7809 67.8009
3097 67.7809 67.8553
3098 67.7809 67.9066
3099 67.7809 68.2853
3100 67.7809 67.8603
3101 67.7809 67.7969
3102 67.7809 67.8034
3103 67.7809 67.7809
3104 67.7809 67.8347
3105 67.7809 67.938
3106 67.7809 67.8603
3107 67.7809 67.7829
3108 67.7809 67.7809
3109 67.7809 67.7809
3110 67.7809 67.7959
3111 67.7809 67.7809
3112 67.7809 67.7809
3113 67.7809 67.8581
3114 67.7809 67.9314
3115 67.7809 67.7922
3116 67.7809 67.7809
3117 67.7809 67.8021
3118 67.7809 67.7833
3119 67.7809 67.7809
3120 67.7809 68.0192
3121 67.7809 68.1633
3122 67.7809 68.0103
3123 67.7809 68.2028
3124 67.7809 68.0631
3125 67.7809 68.0033
3126 67.7809 67.9812
3127 67.7809 67.9983
3128 67.7809 67.8887
3129 67.7809 67.8752
3130 67.7809 67.8658
3131 67.7809 67.896
3132 67.7809 67.7979
3133 67.7809 67.7809
3134 67.7809 67.7824
3135 67.7809 67.8477
3136 67.7809 67.8335
3137 67.7809 67.7809
3138 67.7809 67.812
3139 67.7809 67.8879
3140 67.7809 67.8827
3141 67.7809 67.8039
3142 67.7809 67.9443
3143 67.7809 67.8619
3144 67.7809 67.8101
3145 67.7809 67.7998
3146 67.7809 67.8235
3147 67.7809 67.7833
3148 67.7809 67.7809
3149 67.7809 67.8952
3150 67.7809 67.8562
3151 67.7809 67.8806
3152 67.7809 67.8222
3153 67.7809 67.8026
3154 67.7809 67.8005
3155 67.7809 67.7969
3156 67.7809 67.7932
3157 67.7809 67.7809
3158 67.7809 67.7847
3159 67.7809 67.7809
3160 67.7809 67.7809
3161 67.7809 67.7809
3162 67.7809 67.7809
3163 67.7809 67.8208
3164 67.7809 67.7809
3165 67.7809 67.8196
3166 67.7809 67.9135
3167 67.7809 68.2396
3168 67.7809 67.805
3169 67.7809 67.823
3170 67.7809 67.9988
3171 67.7809 67.8043
3172 67.7809 67.8429
3173 67.7809 67.7818
3174 67.7809 67.9834
3175 67.7809 67.9021
3176 67.7809 67.9577
3177 67.7809 67.7809
3178 67.7809 67.7854
3179 67.7809 67.8228
3180 67.7809 67.8344
3181 67.7809 67.8765
3182 67.7809 68.1278
3183 67.7809 67.8102
3184 67.7809 67.7809
3185 67.7809 67.7809
3186 67.7809 67.7809
3187 67.7809 67.861
3188 67.7809 67.8219
3189 67.7809 67.7809
3190 67.7809 67.7809
3191 67.7809 67.7918
3192 67.7809 67.8498
3193 67.7809 67.8386
3194 67.7809 67.9043
3195 67.7809 67.9715
3196 67.7809 67.7911
3197 67.7809 67.7809
3198 67.7809 67.7955
3199 67.7809 67.7936
3200 67.7809 67.8446
3201 67.7809 67.8882
3202 67.7809 67.7809
3203 67.7809 67.7809
3204 67.7809 67.7809
3205 67.7809 67.8164
3206 67.7809 67.9562
3207 67.7809 67.8045
3208 67.7809 67.7809
3209 67.7809 67.8027
3210 67.7809 67.7809
3211 67.7809 67.7809
3212 67.7809 67.879
3213 67.7809 67.8401
3214 67.7809 68.0024
3215 67.7809 67.9326
3216 67.7809 67.8187
3217 67.7809 67.7809
3218 67.7809 67.8077
3219 67.7809 67.857
3220 67.7809 67.9115
3221 67.7809 67.9005
3222 67.7809 67.8856
3223 67.7809 67.959
3224 67.7809 67.8555
3225 67.7809 67.7917
3226 67.7809 67.7809
3227 67.7809 67.8029
3228 67.7809 67.7951
3229 67.7809 67.834
3230 67.7809 67.8305
3231 67.7809 67.7842
3232 67.7809 67.8255
3233 67.7809 67.7809
3234 67.7809 67.8078
3235 67.7809 67.7809
3236 67.7809 67.8059
3237 67.7809 67.7809
3238 67.7809 67.7809
3239 67.7809 67.7809
3240 67.7809 67.7873
3241 67.7809 67.7809
3242 67.7809 67.7852
3243 67.7809 67.7852
3244 67.7809 67.8076
3245 67.7809 67.8583
3246 67.7809 67.8346
3247 67.7809 67.9385
3248 67.7809 67.892
3249 67.7809 67.8284
3250 67.7809 67.814
3251 67.7809 67.9128
3252 67.7809 67.8931
3253 67.7809 67.9296
3254 67.7809 67.8653
3255 67.7809 67.7809
3256 67.7809 67.8164
3257 67.7809 67.7866
3258 67.7809 67.7809
3259 67.7809 67.7874
3260 67.7809 67.8298
3261 67.7809 67.7809
3262 67.7809 67.7809
3263 67.7809 67.8166
3264 67.7809 67.848
3265 67.7809 67.955
3266 67.7809 67.8577
3267 67.7809 67.7913
3268 67.7809 68.0005
3269 67.7809 67.8242
3270 67.7809 67.8836
3271 67.7809 68.1648
3272 67.7809 67.7918
3273 67.7809 67.8087
3274 67.7809 67.8259
3275 67.7809 67.7979
3276 67.7809 67.8372
3277 67.7809 67.9144
3278 67.7809 67.9042
3279 67.7809 67.9968
3280 67.7809 67.9922
3281 67.7809 67.8094
3282 67.7809 67.8445
3283 67.7809 68.0742
3284 67.7809 67.8963
3285 67.7809 67.798
3286 67.7809 67.7809
3287 67.7809 67.8029
3288 67.7809 67.82
3289 67.7809 67.7809
3290 67.7809 67.7809
3291 67.7809 67.797
3292 67.7809 67.8169
3293 67.7809 67.8132
3294 67.7809 67.8961
3295 67.7809 67.7837
3296 67.7809 67.9467
3297 67.7809 67.8166
3298 67.7809 67.8627
3299 67.7809 67.8787
3300 67.7809 67.8522
3301 67.7809 67.8394
3302 67.7809 68.0091
3303 67.7809 67.7809
3304 67.7809 67.8106
3305 67.7809 67.883
3306 67.7809 67.7809
3307 67.7809 67.7809
3308 67.7809 67.8708
3309 67.7809 67.9462
3310 67.7809 67.9086
3311 67.7809 67.7902
3312 67.7809 67.9017
3313 67.7809 67.8429
3314 67.7809 67.7809
3315 67.7809 67.7883
3316 67.7809 67.8328
3317 67.7809 67.8665
3318 67.7809 67.967
3319 67.7809 67.9358
3320 67.7809 67.9498
3321 67.7809 68.2008
3322 67.7809 67.8953
3323 67.7809 67.8813
3324 67.7809 67.7972
3325 67.7809 67.8796
3326 67.7809 67.7809
3327 67.7809 67.7956
3328 67.7809 67.7809
3329 67.7809 67.7895
3330 67.7809 67.8618
3331 67.7809 67.8319
3332 67.7809 67.7809
3333 67.7809 67.7809
3334 67.7809 67.8115
3335 67.7809 67.7809
3336 67.7809 67.7809
3337 67.7809 67.7809
3338 67.7809 67.7809
3339 67.7809 67.7896
3340 67.7809 67.7842
3341 67.7809 67.7809
3342 67.7809 67.7809
3343 67.7809 67.7819
3344 67.7809 67.7809
3345 67.7809 67.8208
3346 67.7809 67.7976
3347 67.7809 67.785
3348 67.7809 67.7985
3349 67.7809 67.7809
3350 67.7809 67.7809
3351 67.7809 67.8765
3352 67.7809 67.8034
3353 67.7809 67.7809
3354 67.7809 67.7809
3355 67.7809 67.8251
3356 67.7809 67.7809
3357 67.7809 67.8481
3358 67.7809 67.7924
3359 67.7809 67.7809
3360 67.7809 67.7885
3361 67.7809 67.8122
3362 67.7809 67.7869
3363 67.7809 67.8028
3364 67.7809 67.791
3365 67.7809 67.8106
3366 67.7809 67.8518
3367 67.7809 67.7809
3368 67.7809 67.7809
3369 67.7809 67.7809
3370 67.7809 67.7809
3371 67.7809 67.7809
3372 67.7809 67.7809
3373 67.7809 67.7897
3374 67.7809 67.7809
3375 67.7809 67.7809
3376 67.7809 67.8623
3377 67.7809 67.8804
3378 67.7809 67.8044
3379 67.7809 67.7809
3380 67.7809 67.7809
3381 67.7809 67.7809
3382 67.7809 67.7921
3383 67.7809 67.9305
3384 67.7809 67.8336
3385 67.7809 67.7809
3386 67.7809 67.83
3387 67.7809 67.7863
3388 67.7809 67.7809
3389 67.7809 67.8828
3390 67.7809 67.7862
3391 67.7809 67.7809
3392 67.7809 67.7809
3393 67.7809 67.815
3394 67.7809 67.7809
3395 67.7809 67.8529
3396 67.7809 67.8858
3397 67.7809 67.86
3398 67.7809 67.8465
3399 67.7809 67.9768
3400 67.7809 67.904
3401 67.7809 67.7834
3402 67.7809 68.0195
3403 67.7809 68.1064
3404 67.7809 67.7859
3405 67.7809 67.9654
3406 67.7809 67.7809
3407 67.7809 67.7809
3408 67.7809 67.7809
3409 67.7809 67.9653
3410 67.7809 67.9666
3411 67.7809 67.8491
3412 67.7809 67.797
3413 67.7809 67.8175
3414 67.7809 67.949
3415 67.7809 67.8114
3416 67.7809 67.8513
3417 67.7809 67.8502
3418 67.7809 67.8553
3419 67.7809 67.8887
3420 67.7809 67.8583
3421 67.7809 67.9059
3422 67.7809 67.7809
3423 67.7809 67.815
3424 67.7809 67.8328
3425 67.7809 67.8967
3426 67.7809 67.7829
3427 67.7809 67.7861
3428 67.7809 67.836
3429 67.7809 67.8099
3430 67.7809 67.8078
3431 67.7809 67.8667
3432 67.7809 67.9342
3433 67.7809 67.7982
3434 67.7809 67.7844
3435 67.7809 67.9017
3436 67.7809 68.0542
3437 67.7809 67.9368
3438 67.7809 67.8466
3439 67.7809 67.9608
3440 67.7809 67.893
3441 67.7809 67.8585
3442 67.7809 67.799
3443 67.7809 67.8275
3444 67.7809 67.8029
3445 67.7809 67.8466
3446 67.7809 67.8081
3447 67.7809 67.7809
3448 67.7809 67.797
3449 67.7809 67.7849
3450 67.7809 67.8475
3451 67.7809 67.8943
3452 67.7809 67.8035
3453 67.7809 67.8656
3454 67.7809 67.7817
3455 67.7809 67.8444
3456 67.7809 67.8029
3457 67.7809 67.8012
3458 67.7809 67.7809
3459 67.7809 67.8355
3460 67.7809 67.98
3461 67.7809 67.9127
3462 67.7809 67.801
3463 67.7809 68.098
3464 67.7809 68.1053
3465 67.7809 68.2672
3466 67.7809 67.9509
3467 67.7809 67.7809
3468 67.7809 67.7809
3469 67.7809 67.7935
3470 67.7809 67.823
3471 67.7809 67.8234
3472 67.7809 67.8741
3473 67.7809 67.9093
3474 67.7809 67.8637
3475 67.7809 67.7853
3476 67.7809 67.7809
3477 67.7809 67.878
3478 67.7809 67.8636
3479 67.7809 67.8657
3480 67.7809 67.8605
3481 67.7809 67.7809
3482 67.7809 67.7841
3483 67.7809 67.9555
3484 67.7809 67.7809
3485 67.7809 67.8113
3486 67.7809 68.0115
3487 67.7809 67.9952
3488 67.7809 67.8492
3489 67.7809 67.8739
3490 67.7809 67.7917
3491 67.7809 67.7809
3492 67.7809 67.7809
3493 67.7809 67.7809
3494 67.7809 67.8179
3495 67.7809 67.7809
3496 67.7809 67.7809
3497 67.7809 67.8123
3498 67.7809 67.8298
3499 67.7809 67.8663
3500 67.7809 67.9485
3501 67.7809 67.9997
3502 67.7809 67.7809
3503 67.7809 67.8926
3504 67.7809 67.8877
3505 67.7809 67.9292
3506 67.7809 67.8562
3507 67.7809 67.8518
3508 67.7809 67.974
3509 67.7809 67.7818
3510 67.7809 67.7809
3511 67.7809 67.8438
3512 67.7809 67.7822
3513 67.7809 67.7809
3514 67.7809 67.7892
3515 67.7809 67.8967
3516 67.7809 67.919
3517 67.7809 67.8055
3518 67.7809 67.88
3519 67.7809 67.881
3520 67.7809 67.7955
3521 67.7809 67.7809
3522 67.7809 67.7809
3523 67.7809 67.7809
3524 67.7809 67.784
3525 67.7809 67.7809
3526 67.7809 67.8477
3527 67.7809 67.8566
3528 67.7809 67.7809
3529 67.7809 67.7947
3530 67.7809 67.8275
3531 67.7809 67.8426
3532 67.7809 67.7925
3533 67.7809 67.8913
3534 67.7809 67.8574
3535 67.7809 67.7941
3536 67.7809 68.3048
3537 67.7809 67.9244
3538 67.7809 67.8647
3539 67.7809 67.8712
3540 67.7809 67.8808
3541 67.7809 68.0984
3542 67.7809 68.0733
3543 67.7809 67.8123
3544 67.7809 67.8806
3545 67.7809 67.8113
3546 67.7809 67.8239
3547 67.7809 67.8871
3548 67.7809 67.8235
3549 67.7809 67.8457
3550 67.7809 67.8013
3551 67.7809 67.8333
3552 67.7809 67.7809
3553 67.7809 67.7809
3554 67.7809 67.7946
3555 67.7809 67.788
3556 67.7809 67.7809
3557 67.7809 67.7809
3558 67.7809 67.7809
3559 67.7809 67.7951
3560 67.7809 67.7811
3561 67.7809 67.8756
3562 67.7809 67.8482
3563 67.7809 67.7859
3564 67.7809 67.8915
3565 67.7809 67.7871
3566 67.7809 67.7809
3567 67.7809 67.7809
3568 67.7809 67.8101
3569 67.7809 67.9025
3570 67.7809 67.8193
3571 67.7809 67.918
3572 67.7809 67.8148
3573 67.7809 67.7809
3574 67.7809 67.8315
3575 67.7809 67.9327
3576 67.7809 67.7829
3577 67.7809 67.808
3578 67.7809 67.7909
3579 67.7809 67.8194
3580 67.7809 67.8629
3581 67.7809 68.2911
3582 67.7809 67.7822
3583 67.7809 67.79
3584 67.7809 67.8338
3585 67.7809 67.787
3586 67.7809 67.843
3587 67.7809 67.7842
3588 67.7809 67.8414
3589 67.7809 67.8341
3590 67.7809 67.7916
3591 67.7809 67.7835
3592 67.7809 67.7809
3593 67.7809 67.7809
3594 67.7809 67.7809
3595 67.7809 67.7809
3596 67.7809 67.7993
3597 67.7809 67.7809
3598 67.7809 67.827
3599 67.7809 67.8145
3600 67.7809 67.7809
3601 67.7809 67.8547
3602 67.7809 67.9246
3603 67.7809 67.9386
3604 67.7809 68.018
3605 67.7809 68.05
3606 67.7809 67.8098
3607 67.7809 68.0241
3608 67.7809 67.8923
3609 67.7809 67.8694
3610 67.7809 67.7887
3611 67.7809 67.8201
3612 67.7809 67.7809
3613 67.7809 67.7881
3614 67.7809 67.83
3615 67.7809 67.8045
3616 67.7809 67.788
3617 67.7809 67.7809
3618 67.7809 67.8309
3619 67.7809 67.8677
3620 67.7809 67.7984
3621 67.7809 67.8386
3622 67.7809 67.7848
3623 67.7809 67.8123
3624 67.7809 67.8028
3625 67.7809 67.7809
3626 67.7809 67.8952
3627 67.7809 68.0467
3628 67.7809 67.9917
3629 67.7809 67.8602
3630 67.7809 67.7828
3631 67.7809 68.0031
3632 67.7809 68.0794
3633 67.7809 67.8072
3634 67.7809 68.0906
3635 67.7809 67.8838
3636 67.7809 67.7809
3637 67.7809 67.7809
3638 67.7809 67.796
3639 67.7809 67.7809
3640 67.7809 67.8752
3641 67.7809 67.8737
3642 67.7809 67.7919
3643 67.7809 67.7809
3644 67.7809 67.7809
3645 67.7809 67.7809
3646 67.7809 67.7809
3647 67.7809 67.7809
3648 67.7809 67.7809
3649 67.7809 67.8467
3650 67.7809 67.7809
3651 67.7809 67.7809
3652 67.7809 67.7809
3653 67.7809 67.8215
3654 67.7809 67.7953
3655 67.7809 67.8118
3656 67.7809 67.8011
3657 67.7809 67.7809
3658 67.7809 67.7864
3659 67.7809 67.7809
3660 67.7809 67.7936
3661 67.7809 67.878
3662 67.7809 67.8445
3663 67.7809 67.8187
3664 67.7809 67.815
3665 67.7809 67.7809
3666 67.7809 67.7825
3667 67.7809 67.7987
3668 67.7809 67.8383
3669 67.7809 67.7809
3670 67.7809 67.8303
3671 67.7809 68.0856
3672 67.7809 67.7831
3673 67.7809 67.7809
3674 67.7809 67.7809
3675 67.7809 67.7809
3676 67.7809 67.7871
3677 67.7809 67.7836
3678 67.7809 67.7809
3679 67.7809 67.7809
3680 67.7809 67.7809
3681 67.7809 67.89
3682 67.7809 67.7887
3683 67.7809 67.8382
3684 67.7809 67.9377
3685 67.7809 68.0346
3686 67.7809 67.7883
3687 67.7809 67.8007
3688 67.7809 68.0536
3689 67.7809 67.8906
3690 67.7809 67.8167
3691 67.7809 67.8468
3692 67.7809 67.8683
3693 67.7809 67.7999
3694 67.7809 67.797
3695 67.7809 67.7809
3696 67.7809 67.8119
3697 67.7809 67.7926
3698 67.7809 67.874
3699 67.7809 67.7812
3700 67.7809 67.7948
3701 67.7809 67.7944
3702 67.7809 67.7809
3703 67.7809 67.7809
3704 67.7809 67.8034
3705 67.7809 67.7809
3706 67.7809 67.8257
3707 67.7809 67.7809
3708 67.7809 67.7918
3709 67.7809 67.8919
3710 67.7809 67.9211
3711 67.7809 68.0298
3712 67.7809 67.8227
3713 67.7809 67.7809
3714 67.7809 67.8234
3715 67.7809 67.8773
3716 67.7809 67.8914
3717 67.7809 67.8082
3718 67.7809 67.8253
3719 67.7809 67.894
3720 67.7809 67.8244
3721 67.7809 67.8364
3722 67.7809 68.2565
3723 67.7809 68.143
3724 67.7809 67.9117
3725 67.7809 67.7945
3726 67.7809 67.8086
3727 67.7809 67.7823
3728 67.7809 67.818
3729 67.7809 67.8035
3730 67.7809 67.7809
3731 67.7809 67.7809
3732 67.7809 67.9394
3733 67.7809 67.9043
3734 67.7809 67.9578
3735 67.7809 67.8618
3736 67.7809 67.8924
3737 67.7809 67.8349
3738 67.7809 67.7809
3739 67.7809 67.813
3740 67.7809 67.7936
3741 67.7809 67.8444
3742 67.7809 67.8552
3743 67.7809 67.8236
3744 67.7809 67.8908
3745 67.7809 67.9143
3746 67.7809 67.8094
3747 67.7809 67.8108
3748 67.7809 67.8818
3749 67.7809 67.9925
3750 67.7809 68.2574
3751 67.7809 67.9062
3752 67.7809 67.807
3753 67.7809 67.9209
3754 67.7809 68.0014
3755 67.7809 67.8258
3756 67.7809 67.8994
3757 67.7809 67.7809
3758 67.7809 67.7809
3759 67.7809 67.7809
3760 67.7809 67.7809
3761 67.7809 67.7809
3762 67.7809 67.7876
3763 67.7809 67.8796
3764 67.7809 67.8449
3765 67.7809 67.8707
3766 67.7809 67.909
3767 67.7809 68.074
3768 67.7809 67.7809
3769 67.7809 67.8574
3770 67.7809 67.9398
3771 67.7809 67.8964
3772 67.7809 67.8218
3773 67.7809 67.8922
3774 67.7809 67.8699
3775 67.7809 67.838
3776 67.7809 67.846
3777 67.7809 67.8711
3778 67.7809 68.0252
3779 67.7809 67.8386
3780 67.7809 67.9703
3781 67.7809 67.825
3782 67.7809 67.7809
3783 67.7809 67.8034
3784 67.7809 67.8028
3785 67.7809 67.7964
3786 67.7809 67.8817
3787 67.7809 67.828
3788 67.7809 67.9538
3789 67.7809 67.8058
3790 67.7809 68.1101
3791 67.7809 67.9174
3792 67.7809 67.9316
3793 67.7809 67.7816
3794 67.7809 67.7809
3795 67.7809 67.8104
3796 67.7809 67.8531
3797 67.7809 67.8277
3798 67.7809 68.091
3799 67.7809 67.9
3800 67.7809 67.7856
3801 67.7809 67.7906
3802 67.7809 67.7921
3803 67.7809 67.8406
3804 67.7809 67.8332
3805 67.7809 67.7879
3806 67.7809 67.9047
3807 67.7809 67.7809
3808 67.7809 67.7809
3809 67.7809 67.7809
3810 67.7809 67.8231
3811 67.7809 67.8462
3812 67.7809 67.8129
3813 67.7809 67.7809
3814 67.7809 67.8268
3815 67.7809 67.7919
3816 67.7809 67.7855
3817 67.7809 67.8958
3818 67.7809 68.266
3819 67.7809 67.8761
3820 67.7809 67.8874
3821 67.7809 67.7966
3822 67.7809 67.9656
3823 67.7809 67.8523
3824 67.7809 67.7854
3825 67.7809 67.7829
3826 67.7809 67.8558
3827 67.7809 67.9076
3828 67.7809 67.8116
3829 67.7809 67.8415
3830 67.7809 67.7809
3831 67.7809 67.7809
3832 67.7809 67.7888
3833 67.7809 67.7809
3834 67.7809 67.7809
3835 67.7809 67.7926
3836 67.7809 67.7809
3837 67.7809 67.7809
3838 67.7809 67.9503
3839 67.7809 67.7999
3840 67.7809 67.9734
3841 67.7809 67.7809
3842 67.7809 67.7891
3843 67.7809 67.8632
3844 67.7809 67.7999
3845 67.7809 67.8003
3846 67.7809 67.8134
3847 67.7809 67.8455
3848 67.7809 67.883
3849 67.7809 67.7974
3850 67.7809 67.8896
3851 67.7809 67.9234
3852 67.7809 67.9459
3853 67.7809 67.8005
3854 67.7809 67.7809
3855 67.7809 67.7809
3856 67.7809 67.7809
3857 67.7809 67.8681
3858 67.7809 67.8228
3859 67.7809 67.9189
3860 67.7809 67.8742
3861 67.7809 67.8591
3862 67.7809 67.7974
3863 67.7809 67.8222
3864 67.7809 67.8101
3865 67.7809 68.0744
3866 67.7809 67.8073
3867 67.7809 67.8103
3868 67.7809 67.8333
3869 67.7809 68.0793
3870 67.7809 67.7809
3871 67.7809 67.821
3872 67.7809 67.7817
3873 67.7809 67.7986
3874 67.7809 67.84
3875 67.7809 67.864
3876 67.7809 67.7853
3877 67.7809 67.8954
3878 67.7809 67.9661
3879 67.7809 67.7842
3880 67.7809 67.7809
3881 67.7809 67.796
3882 67.7809 67.8202
3883 67.7809 67.7809
3884 67.7809 67.7809
3885 67.7809 67.7838
3886 67.7809 67.7809
3887 67.7809 67.8136
3888 67.7809 67.895
3889 67.7809 68.0052
3890 67.7809 67.7884
3891 67.7809 67.7831
3892 67.7809 67.8498
3893 67.7809 67.7953
3894 67.7809 67.8365
3895 67.7809 67.9706
3896 67.7809 67.8763
3897 67.7809 67.8034
3898 67.7809 67.8017
3899 67.7809 67.814
3900 67.7809 67.7913
3901 67.7809 67.8591
3902 67.7809 67.8286
3903 67.7809 67.7809
3904 67.7809 67.9058
3905 67.7809 67.9167
3906 67.7809 67.7809
3907 67.7809 67.7809
3908 67.7809 67.8332
3909 67.7809 67.7944
3910 67.7809 67.7945
3911 67.7809 67.7913
3912 67.7809 67.8292
3913 67.7809 67.7809
3914 67.7809 67.8213
3915 67.7809 67.8598
3916 67.7809 67.8536
3917 67.7809 68.0838
3918 67.7809 67.8136
3919 67.7809 67.7809
3920 67.7809 67.8011
3921 67.7809 67.8062
3922 67.7809 67.8023
3923 67.7809 67.9598
3924 67.7809 67.8579
3925 67.7809 67.8499
3926 67.7809 67.9872
3927 67.7809 68.1568
3928 67.7809 68.1206
3929 67.7809 67.9227
3930 67.7809 68.0937
3931 67.7809 67.8213
3932 67.7809 67.7809
3933 67.7809 67.842
3934 67.7809 67.821
3935 67.7809 67.7809
3936 67.7809 67.7857
3937 67.7809 67.7809
3938 67.7809 67.7893
3939 67.7809 67.7809
3940 67.7809 67.7809
3941 67.7809 67.8727
3942 67.7809 67.9638
3943 67.7809 67.9879
3944 67.7809 67.8815
3945 67.7809 67.937
3946 67.7809 67.9265
3947 67.7809 67.8548
3948 67.7809 67.7989
3949 67.7809 67.8164
3950 67.7809 68.0217
3951 67.7809 67.8702
3952 67.7809 67.8632
3953 67.7809 67.842
3954 67.7809 67.9975
3955 67.7809 67.854
3956 67.7809 67.7813
3957 67.7809 67.7875
3958 67.7809 67.8888
3959 67.7809 67.819
3960 67.7809 68.053
3961 67.7809 67.8348
3962 67.7809 67.8069
3963 67.7809 67.7809
3964 67.7809 67.7983
3965 67.7809 68.0665
3966 67.7809 68.2154
3967 67.7809 67.9514
3968 67.7809 67.9195
3969 67.7809 67.7913
3970 67.7809 67.8117
3971 67.7809 67.7985
3972 67.7809 67.904
3973 67.7809 67.8807
3974 67.7809 67.943
3975 67.7809 67.9442
3976 67.7809 67.8186
3977 67.7809 67.8703
3978 67.7809 67.7917
3979 67.7809 67.7944
3980 67.7809 67.7809
3981 67.7809 67.7831
3982 67.7809 67.8431
3983 67.7809 67.9646
3984 67.7809 67.8526
3985 67.7809 67.8037
3986 67.7809 67.7809
3987 67.7809 67.8691
3988 67.7809 67.9832
3989 67.7809 67.814
3990 67.7809 67.7829
3991 67.7809 67.797
3992 67.7809 67.7809
3993 67.7809 67.7962
3994 67.7809 67.7825
3995 67.7809 67.8338
3996 67.7809 67.7897
3997 67.7809 67.8876
3998 67.7809 67.8195
3999 67.7809 67.7809
