0 421.44 466.248
1 410.041 439.135
2 391.832 423.349
3 381.939 408.9
4 374.801 395.493
5 359.641 387.169
6 339.981 375.048
7 332.606 358.576
8 329.251 343.792
9 321.167 335.803
10 315.653 330.165
11 314.799 325.306
12 306.89 319.226
13 305.052 315.215
14 301.856 310.538
15 298.636 306.355
16 293.419 302.597
17 289.947 299.409
18 283.866 295.345
19 278.737 291.174
20 275.621 286.053
21 271.587 282.295
22 268.151 278.969
23 260.295 275.903
24 254.438 271.112
25 250.166 264.464
26 243.649 258.65
27 241.931 252.736
28 238.629 247.236
29 235.586 243.047
30 232.69 240.198
31 230.607 237.666
32 228.057 235.036
33 221.792 232.261
34 217.291 228.828
35 216.349 224.154
36 214.032 220.221
37 212.239 217.552
38 210.145 215.303
39 208.912 213.269
40 206.241 211.282
41 203.846 209.017
42 200.557 207.448
43 198.788 204.67
44 197.657 202.196
45 195.365 200.291
46 192.008 198.237
47 189.791 195.973
48 187.027 193.759
49 185.591 191.337
50 184.376 188.419
51 182.961 187.199
52 179.672 185.712
53 177.019 183.699
54 175.628 180.863
55 173.329 178.476
56 170.981 176.32
57 168.658 174.382
58 166.724 171.945
59 166.347 170.097
60 164.583 168.284
61 163.928 166.984
62 161.866 165.999
63 159.393 164.564
64 159.258 162.649
65 155.812 160.79
66 155.233 159.096
67 154.901 157.453
68 152.311 155.939
69 150.859 154.982
70 150.564 153.778
71 149.195 152.344
72 147.849 151.048
73 145.996 149.798
74 143.543 148.726
75 143.543 147.108
76 142.057 145.845
77 139.875 145.218
78 138.721 143.619
79 138.721 142.036
80 138.247 140.177
81 137.562 139.337
82 134.964 138.768
83 134.001 138.223
84 132.625 137.326
85 130.693 135.703
86 128.756 133.86
87 128.026 132.375
88 128.026 130.911
89 127.61 128.998
90 126.905 128.357
91 125.728 128.002
92 125.374 127.381
93 124.854 126.732
94 124.079 126.06
95 123.524 125.267
96 122.614 124.542
97 121.116 123.888
98 120.837 123.549
99 120.723 123.057
100 120.548 122.792
101 120.435 122.813
102 120.102 123.112
103 119.525 121.853
104 117.37 120.78
105 117.37 119.967
106 116.986 118.642
107 116.409 118.057
108 116.349 117.502
109 115.519 116.984
110 115.357 116.608
111 114.794 116.183
112 114.381 115.947
113 113.343 115.498
114 112.932 114.95
115 111.794 114.312
116 111.139 113.412
117 111.139 112.396
118 111.139 111.838
119 110.106 111.445
120 110.065 111.179
121 109.416 110.767
122 109.376 110.464
123 108.342 110.108
124 108.342 109.685
125 108.204 108.962
126 107.205 108.683
127 106.937 108.327
128 106.937 107.687
129 105.907 107.331
130 104.615 106.862
131 104.492 106.244
132 104.413 105.533
133 103.334 104.999
134 103.334 104.441
135 103.004 103.966
136 103.004 103.464
137 102.858 103.26
138 102.528 103.045
139 102.305 102.901
140 100.968 102.616
141 100.572 102.272
142 100.349 101.686
143 99.4862 100.981
144 99.4862 100.431
145 99.4862 99.9839
146 99.4807 99.6975
147 99.3629 99.6688
148 99.1879 99.5664
149 98.8789 99.4069
150 98.7039 99.2535
151 98.6985 99.243
152 98.6985 99.0473
153 97.4251 98.9826
154 97.4039 98.5325
155 97.0283 98.1261
156 95.9982 97.7
157 95.6015 97.2479
158 95.5786 96.5404
159 95.0728 96.2002
160 94.7679 95.8677
161 94.745 95.3662
162 94.357 95.0819
163 94.357 94.8835
164 94.2426 94.6916
165 93.6497 94.4982
166 93.6497 94.2726
167 93.6497 93.9807
168 93.6497 93.7701
169 93.6497 93.6859
170 92.7451 93.6887
171 92.4564 93.6067
172 92.4564 93.7315
173 92.4564 94.0773
174 91.8027 93.9676
175 91.8027 93.5842
176 91.8027 92.3742
177 91.8027 92.2312
178 91.8027 92.042
179 91.8027 91.8061
180 91.8027 91.8049
181 91.718 91.8032
182 91.718 91.8932
183 91.718 92.1273
184 90.9856 92.1608
185 90.9856 91.8826
186 89.7881 91.6561
187 89.7881 91.6645
188 89.7881 92.5373
189 89.5359 92.638
190 89.5359 91.2078
191 89.4515 90.6247
192 89.1552 90.0217
193 89.1552 89.9069
194 89.1552 89.8516
195 88.9662 89.5463
196 88.9662 89.4248
197 88.4642 89.3766
198 88.4642 89.106
199 88.4642 89.0789
200 88.3532 88.7335
201 88.2932 88.5127
202 88.1822 88.4053
203 87.5974 88.3282
204 87.5974 88.334
205 87.5257 88.0727
206 87.5257 87.7403
207 87.5257 87.7134
208 87.1494 87.62
209 86.7436 87.4762
210 86.3674 87.3165
211 85.9664 86.9355
212 85.9664 86.6262
213 85.7342 86.3377
214 85.1068 86.3724
215 85.1068 86.0053
216 85.1068 85.5283
217 85.1068 85.2429
218 85.1068 85.2304
219 85.1068 85.1582
220 85.1068 85.1777
221 84.8201 85.106
222 84.8201 85.0702
223 84.8201 85.0573
224 84.8201 84.9858
225 84.3591 84.8658
226 84.3591 84.7667
227 84.3132 84.6452
228 83.9456 84.4586
229 83.4387 84.5339
230 83.1706 84.1782
231 83.1706 83.8839
232 83.1102 83.5462
233 83.1102 83.2451
234 83.1102 83.1772
235 82.7611 83.3564
236 82.4327 83.1417
237 82.4327 82.8111
238 82.4327 82.6496
239 82.4327 82.6684
240 82.4327 82.5806
241 82.4327 82.6148
242 82.4327 82.5022
243 82.2266 82.4321
244 82.2266 82.4989
245 82.2266 82.8414
246 81.8982 82.7352
247 81.8982 82.5999
248 81.2979 82.4057
249 81.2979 81.9506
250 81.2426 81.8246
251 79.8401 81.9249
252 79.5715 81.9557
253 79.5715 81.5466
254 79.5715 80.6807
255 79.3959 80.0472
256 79.3959 79.9271
257 79.3959 79.6221
258 79.3959 79.4583
259 79.3959 79.4256
260 79.3959 79.43
261 79.3959 79.6798
262 79.3959 79.6731
263 79.3959 79.4365
264 79.3959 79.3959
265 79.3959 79.4425
266 79.3959 79.4286
267 79.3959 79.4077
268 79.3959 79.5549
269 79.3959 79.4402
270 79.3959 79.4132
271 79.3959 79.523
272 79.3959 79.4214
273 79.3959 79.3972
274 79.3787 79.3958
275 79.3787 79.49
276 79.3787 79.8939
277 79.3787 79.6741
278 79.3787 79.4833
279 79.3787 79.3789
280 79.3787 79.3788
281 79.3787 79.4242
282 79.3787 79.4267
283 79.3787 79.4186
284 79.3787 79.624
285 79.3787 79.3787
286 79.3787 79.3833
287 79.3787 79.4509
288 79.3787 79.4676
289 79.3787 79.4129
290 79.3787 79.3787
291 79.3787 79.3787
292 79.3787 79.4302
293 79.3787 79.4584
294 79.3787 79.4003
295 79.3787 79.3792
296 79.3787 79.3787
297 79.3787 79.3789
298 79.2802 79.3794
299 79.2009 79.4423
300 79.2009 79.8026
301 79.2009 79.5822
302 79.2009 79.2179
303 79.1779 79.2011
304 79.1779 79.2004
305 79.1779 79.1916
306 79.1779 79.2458
307 79.0877 79.4378
308 78.6615 79.188
309 78.6615 79.0849
310 78.6615 78.9256
311 78.6615 78.8495
312 78.6615 78.8706
313 78.6615 78.7735
314 78.6615 78.6744
315 78.4221 78.6661
316 78.4221 78.6259
317 78.4221 78.5469
318 78.4221 78.4731
319 78.4221 78.4393
320 78.4221 78.4572
321 78.4221 78.4242
322 78.4221 78.4266
323 78.4221 78.4221
324 78.4221 78.4231
325 78.4221 78.7507
326 78.4221 78.5171
327 78.4221 78.4419
328 78.4221 78.7971
329 78.4221 78.4859
330 78.4221 78.442
331 78.4221 78.423
332 78.4221 78.4871
333 78.4221 78.4271
334 78.1332 78.4224
335 78.1332 78.3712
336 78.1332 78.3726
337 78.1332 78.2756
338 78.1332 78.1522
339 78.1332 78.3252
340 78.1332 78.2635
341 78.1332 78.1332
342 78.1332 78.1332
343 78.1332 78.1626
344 78.0002 78.1682
345 78.0002 78.157
346 78.0002 78.0696
347 78.0002 78.03
348 77.8535 78.0441
349 77.8535 78.3853
350 77.8535 79.7173
351 77.8535 79.618
352 77.8535 79.1225
353 77.8535 78.4715
354 77.8535 78.1897
355 77.6415 78.0872
356 77.2162 77.8947
357 77.0041 77.9328
358 77.0041 77.5069
359 77.0041 77.2224
360 77.0041 77.2045
361 77.0041 77.0494
362 77.0041 77.1674
363 77.0041 77.0951
364 77.0041 77.0915
365 77.0041 77.1799
366 77.0041 77.1084
367 77.0041 77.0041
368 77.0041 77.0509
369 76.9665 77.2098
370 76.9665 77.1865
371 76.9665 77.4741
372 76.9665 77.1423
373 76.9665 77.0116
374 76.9665 77.1907
375 76.9665 77.07
376 76.9665 77.0382
377 76.9665 77.0465
378 76.9665 77.0841
379 76.9665 77.0834
380 76.9665 76.9968
381 76.9665 77.0243
382 76.9665 77.0154
383 76.9665 77.082
384 76.9665 77.1335
385 76.9665 77.0417
386 76.9665 77.0367
387 76.9665 77.0185
388 76.9665 77.0938
389 76.9665 76.9665
390 76.9665 77.079
391 76.9665 77.0738
392 76.9665 76.9944
393 76.9665 76.9705
394 76.9665 76.9665
395 76.9665 77.1059
396 76.9665 77.0184
397 76.9665 77.1985
398 76.9665 76.9931
399 76.9665 77.032
400 76.9665 77.087
401 76.9665 76.9665
402 76.9665 76.9665
403 76.9665 76.9665
404 76.9665 76.9677
405 76.9665 76.9896
406 75.3327 77.0295
407 75.3327 76.914
408 75.3327 76.0745
409 75.3327 75.762
410 75.3327 75.4814
411 75.3327 75.4279
412 75.3327 75.4295
413 75.3327 75.3426
414 75.3327 75.5021
415 75.3327 75.523
416 75.3327 75.7702
417 75.3327 75.3487
418 75.3327 75.5779
419 75.3327 75.4295
420 75.3327 75.5145
421 75.3327 75.3411
422 75.3327 75.3796
423 75.3327 75.4672
424 75.3327 75.4645
425 75.3327 75.4422
426 75.3327 75.3327
427 75.3327 75.3348
428 75.3327 75.3771
429 75.3327 75.3327
430 75.3327 75.3327
431 75.3327 75.3594
432 75.0848 75.332
433 75.0848 75.4044
434 75.0848 75.2152
435 75.0848 75.2561
436 75.0848 75.1421
437 75.0848 75.0911
438 75.0848 75.0965
439 75.0848 75.0848
440 75.0848 75.098
441 75.0848 75.1672
442 75.0848 75.1278
443 75.0848 75.0848
444 75.0848 75.0848
445 75.0848 75.1099
446 75.0848 75.1298
447 75.0848 75.1177
448 74.8363 75.0841
449 74.8363 75.0478
450 74.8363 74.9527
451 74.8363 74.8711
452 74.8363 74.8363
453 74.8363 74.8373
454 74.8363 74.8577
455 74.8363 74.9224
456 74.8363 75.2071
457 74.8363 74.8742
458 74.8363 74.8363
459 74.8363 74.8606
460 74.8363 74.8673
461 74.8363 74.8622
462 74.8363 74.9221
463 74.8363 74.8436
464 74.8363 74.8363
465 74.8363 74.8363
466 74.8363 74.8363
467 74.8363 74.8535
468 74.8363 74.872
469 74.8363 75.0691
470 74.8363 74.8494
471 74.8363 74.9053
472 74.8363 74.9008
473 74.8363 74.8363
474 74.8363 74.8363
475 74.8042 74.8388
476 74.8042 74.8793
477 74.8042 74.8477
478 74.8042 74.8119
479 74.8042 74.8194
480 74.8042 74.8141
481 74.8042 74.8042
482 74.8042 74.8042
483 74.8042 74.8042
484 74.8042 74.8042
485 74.8042 74.8042
486 74.8042 74.8042
487 74.8042 74.8042
488 74.8042 74.8042
489 74.8042 74.8042
490 74.8042 74.9622
491 74.8042 74.8786
492 74.8042 74.8322
493 74.8042 75.1002
494 74.8042 75.2002
495 74.8042 74.962
496 74.8042 74.9093
497 74.8042 74.8742
498 74.7409 74.8684
499 74.7409 74.7993
500 74.7409 74.8437
501 74.7409 74.7525
502 74.7409 74.7561
503 74.7409 74.7689
504 74.7409 74.8693
505 74.7409 74.7762
506 74.7409 74.7723
507 74.7409 74.8924
508 74.5544 74.9868
509 74.5544 74.794
510 74.5544 75.0018
511 74.5379 74.8632
512 74.5379 74.9638
513 74.5379 74.7049
514 74.5379 74.624
515 74.5379 74.7334
516 74.5379 74.6042
517 74.5379 74.5379
518 74.5379 74.7311
519 74.5379 74.7388
520 74.5379 74.5838
521 74.5379 74.5843
522 74.5379 74.5418
523 74.5379 74.804
524 74.5379 74.7821
525 74.5379 74.6461
526 74.5379 74.5986
527 74.5379 74.74
528 74.5379 74.5881
529 74.5379 74.6919
530 74.5379 74.668
531 74.5379 75.0699
532 74.5379 74.9061
533 74.5379 74.8858
534 74.5379 74.5765
535 74.5379 74.5476
536 74.5379 74.5681
537 74.5379 74.5407
538 74.5379 74.6067
539 74.5379 74.6165
540 74.5379 74.5379
541 74.5379 74.5582
542 74.5379 74.552
543 74.5379 74.6793
544 74.5379 74.892
545 74.0193 74.7114
546 74.0193 74.4564
547 74.0193 74.264
548 74.0193 74.1331
549 74.0193 74.1847
550 74.0193 74.1477
551 74.0193 74.147
552 74.0193 74.0443
553 74.0193 74.1458
554 74.0193 74.4021
555 74.0193 74.2859
556 74.0193 74.0683
557 74.0193 74.0397
558 74.0193 74.2302
559 74.0193 74.0403
560 74.0193 74.07
561 74.0193 74.0878
562 73.9954 74.1708
563 73.9954 74.2093
564 73.9954 74.4562
565 73.9954 74.4898
566 73.9954 74.3107
567 73.9954 74.1057
568 73.9954 74.0281
569 73.9381 74.1893
570 73.9381 74.0156
571 73.9381 73.9725
572 73.9381 73.9665
573 73.9381 73.9878
574 73.9381 73.9984
575 73.9381 74.0409
576 73.9381 73.9874
577 73.9381 73.9381
578 73.9381 73.9441
579 73.9381 74.0462
580 73.9381 74.2648
581 73.9381 74.0068
582 73.9381 73.9563
583 73.9381 74.0261
584 73.9381 74.0436
585 73.9381 74.009
586 73.9381 73.9484
587 73.9381 73.9552
588 73.9381 73.9381
589 73.9381 73.9381
590 73.9381 74.0337
591 73.9381 74.1173
592 73.9381 73.991
593 73.9381 73.9716
594 73.9381 73.9394
595 73.9381 74.0893
596 73.9381 74.1068
597 73.9381 73.9381
598 73.9381 73.9552
599 73.9381 73.9964
600 73.9381 74.1192
601 73.9381 73.9381
602 73.9381 73.9446
603 73.9381 74.1192
604 73.9381 73.9381
605 73.9381 73.9876
606 73.9381 74.009
607 73.9381 74.1821
608 73.9381 74.1294
609 73.9381 73.9837
610 73.9381 73.969
611 73.9381 73.9854
612 73.9381 74.0455
613 73.9381 73.9381
614 73.9381 74.0248
615 73.9381 73.9381
616 73.9381 73.9381
617 73.9381 73.9381
618 73.9381 73.985
619 73.9381 74.1921
620 73.9381 74.0254
621 73.9381 73.9827
622 73.8133 73.9446
623 73.8133 74.0507
624 73.8133 74.2007
625 73.8133 73.9106
626 73.8133 74.1875
627 73.8133 73.9205
628 73.8133 73.8141
629 73.8133 73.8342
630 73.8133 73.9023
631 73.8133 73.819
632 73.8133 74.1041
633 73.8133 73.8717
634 73.8133 73.9361
635 73.8133 73.8714
636 73.8133 73.8133
637 73.8133 73.8133
638 73.8133 73.8133
639 73.8133 73.8133
640 73.8133 73.8133
641 73.8133 73.8145
642 73.8133 73.9942
643 73.8133 74.0499
644 73.8133 73.8133
645 73.8133 73.8549
646 73.8133 73.9596
647 73.8133 73.9562
648 73.8133 73.8484
649 73.8133 73.8295
650 73.8133 73.8133
651 73.8133 73.8133
652 73.8133 73.9022
653 73.8133 73.9123
654 73.8133 73.8894
655 73.8133 73.8815
656 73.8133 74.2888
657 73.8133 73.8886
658 73.8133 74.0111
659 73.8133 73.9445
660 73.8133 73.8133
661 73.8133 73.8134
662 73.8133 73.8525
663 73.8133 73.8133
664 73.8133 73.8189
665 73.8133 73.9567
666 73.8133 73.8651
667 73.8133 73.9027
668 73.8133 73.822
669 73.8133 73.9049
670 73.8133 73.8245
671 73.8133 73.8133
672 73.8133 73.8133
673 73.8133 73.8133
674 73.8133 73.8141
675 73.8133 73.8635
676 73.8133 73.845
677 73.8133 73.8749
678 73.8133 73.9488
679 73.8133 73.8236
680 73.8133 73.8133
681 73.8133 73.8985
682 73.8133 73.8846
683 73.8133 73.8879
684 73.8133 73.9415
685 73.8133 73.828
686 73.8133 73.8133
687 73.8133 73.821
688 73.8133 73.8405
689 73.8133 73.8837
690 73.8133 73.9033
691 73.8133 73.8791
692 73.8133 73.9734
693 73.8133 74.0273
694 73.8133 74.0347
695 73.8133 73.9505
696 73.8133 73.8133
697 73.8133 73.8373
698 73.8133 73.898
699 73.8133 73.8464
700 73.8133 73.8697
701 73.8133 74.1761
702 73.8133 74.1269
703 73.8133 73.8133
704 73.8133 73.8133
705 73.8133 73.9021
706 73.8133 73.9903
707 73.8133 73.8133
708 73.8133 73.9242
709 73.8133 73.9037
710 73.8133 73.9183
711 73.8133 73.8928
712 73.8133 73.9264
713 73.8133 73.8512
714 73.8133 73.8534
715 73.8133 73.9383
716 73.8133 73.8459
717 73.8133 73.8527
718 73.8133 73.8133
719 73.8133 73.8133
720 73.8133 73.9823
721 73.8133 73.8133
722 73.8133 73.8444
723 73.8133 73.8561
724 73.8133 73.8133
725 73.8133 73.8143
726 73.8133 73.8133
727 73.8133 73.8133
728 73.8133 73.8297
729 73.8133 73.8213
730 73.8133 73.8454
731 73.8133 73.8133
732 73.8133 73.8245
733 73.8133 73.8133
734 73.8133 73.8181
735 73.8133 74.047
736 73.8133 73.8342
737 73.8133 73.833
738 73.8133 73.8145
739 73.8133 73.9102
740 73.8133 73.8641
741 73.8133 73.9613
742 73.8133 74.0009
743 73.8133 73.8574
744 73.8133 73.8778
745 73.8133 73.817
746 73.8133 73.8133
747 73.8133 73.8133
748 73.8133 73.8197
749 73.3263 73.8622
750 73.3263 73.7515
751 73.3263 73.6469
752 73.3263 73.5689
753 73.3263 73.6566
754 73.3263 73.3588
755 73.3263 73.3562
756 73.3263 73.5403
757 73.3263 73.7429
758 73.3263 73.7084
759 73.3263 73.5319
760 73.3263 73.3764
761 73.3263 73.3336
762 73.3263 73.3263
763 73.3263 73.3263
764 73.3263 73.4824
765 73.3263 73.4019
766 73.3263 73.3676
767 73.3263 73.3263
768 73.3263 73.3263
769 73.3263 73.3472
770 73.3263 73.3647
771 73.3263 73.3263
772 73.3263 73.3588
773 73.3263 73.3899
774 73.3263 73.3263
775 73.3263 73.4189
776 73.3263 73.3995
777 73.3263 73.3263
778 73.3263 73.3263
779 73.3263 73.3779
780 73.3263 73.3555
781 73.3263 73.3263
782 73.3263 73.3263
783 73.3263 73.3263
784 73.3263 73.3722
785 73.3263 73.3771
786 73.3263 73.3599
787 73.3263 73.3298
788 73.3263 73.6966
789 73.3263 73.5622
790 73.3263 73.6976
791 73.3263 73.6032
792 73.3263 73.5515
793 73.3263 73.436
794 73.3263 73.414
795 73.3263 73.3775
796 73.3263 73.3263
797 73.3263 73.3263
798 73.3263 73.3263
799 73.3263 73.3327
800 73.3263 73.4456
801 73.3263 73.3263
802 73.3263 73.3369
803 73.3263 73.3263
804 73.3263 73.354
805 73.3263 73.3561
806 73.3263 73.3347
807 73.3263 73.3319
808 73.3263 73.4631
809 73.3263 73.4362
810 73.3263 73.4277
811 73.3263 73.4577
812 73.3263 73.4809
813 73.3263 73.3592
814 73.3263 73.33
815 73.3263 73.3263
816 73.3263 73.3263
817 73.3263 73.4893
818 73.3263 73.5224
819 73.3263 73.3734
820 73.3263 73.4822
821 73.3263 73.4169
822 73.3263 73.3528
823 73.3263 73.4167
824 73.3263 73.3649
825 73.3263 73.3781
826 73.3263 73.3469
827 73.3263 73.3871
828 73.3263 73.4118
829 73.3263 73.3691
830 73.3263 73.4469
831 73.3263 73.3804
832 73.3263 73.3263
833 73.3263 73.59
834 73.3263 73.5751
835 73.3263 73.3881
836 73.3263 73.4023
837 73.3263 73.3451
838 73.3263 73.3513
839 73.3263 73.3342
840 73.3263 73.3263
841 73.3263 73.3263
842 73.3263 73.3263
843 73.3263 73.3263
844 73.3263 73.3263
845 73.3263 73.3263
846 73.3263 73.4436
847 73.3263 73.4219
848 73.3263 73.7732
849 73.3263 73.4567
850 73.3263 73.399
851 73.3263 73.4837
852 73.3263 73.6932
853 73.3263 73.47
854 73.3263 73.4195
855 73.3263 73.4594
856 73.3263 73.3478
857 73.3263 73.6987
858 73.3263 73.3963
859 73.3263 73.5015
860 73.3263 73.4842
861 73.3263 73.3565
862 73.3263 73.5027
863 73.3263 73.3263
864 73.3263 73.3276
865 73.3263 73.3263
866 73.3263 73.5063
867 73.3263 73.3776
868 73.3263 73.3535
869 73.3263 73.4328
870 73.3263 73.3544
871 73.3263 73.4094
872 73.3263 73.3568
873 73.3263 73.4506
874 73.3263 73.3273
875 73.3263 73.3263
876 73.3263 73.3263
877 73.3263 73.3302
878 73.3263 73.3263
879 73.3263 73.5518
880 73.3263 73.6593
881 73.3263 73.5827
882 73.3263 73.3664
883 73.3263 73.4968
884 73.3263 73.4464
885 73.3263 73.5807
886 73.3263 73.8827
887 73.3263 73.6175
888 73.3263 73.4123
889 73.3263 73.5495
890 73.3263 73.514
891 73.3263 73.4897
892 73.3263 73.5161
893 73.3263 73.4972
894 73.3263 73.3919
895 73.3263 73.3436
896 73.3263 73.3971
897 73.3263 73.5019
898 73.3263 73.4245
899 73.3263 73.464
900 73.3263 73.446
901 73.3263 73.3739
902 73.3263 73.4553
903 73.3263 73.3834
904 73.3263 73.5857
905 73.3263 73.4058
906 73.3263 73.3875
907 73.3263 73.4447
908 73.3263 73.4465
909 73.3263 73.3366
910 73.3263 73.3313
911 73.3263 73.332
912 73.3263 73.3882
913 73.3263 73.362
914 73.3263 73.3382
915 73.3263 73.3263
916 73.3263 73.3574
917 73.3263 73.3341
918 73.3263 73.3263
919 73.3263 73.3263
920 73.3263 73.3263
921 73.3263 73.3263
922 73.3263 73.3263
923 73.3263 73.3356
924 73.3263 73.3798
925 73.3263 73.4425
926 73.3263 73.4044
927 73.3263 73.5944
928 73.3263 73.3648
929 73.3263 73.482
930 73.3263 73.4473
931 73.3263 73.4454
932 73.3263 73.3713
933 73.3263 73.4785
934 73.3263 73.3263
935 73.3263 73.3557
936 73.3263 73.3516
937 73.3263 73.3919
938 73.3263 73.4074
939 73.3263 73.3263
940 73.3263 73.458
941 73.3263 73.5264
942 73.3263 73.3964
943 73.3263 73.5327
944 73.3263 73.6887
945 73.3263 73.5213
946 73.3263 73.655
947 73.3263 73.7001
948 73.3263 73.5019
949 73.3263 73.3314
950 73.3263 73.3445
951 73.3263 73.3713
952 73.3263 73.3263
953 73.3263 73.3363
954 73.3263 73.4589
955 73.3263 73.672
956 73.3263 73.3263
957 73.3263 73.3263
958 73.3263 73.3263
959 73.3263 73.3494
960 73.3263 73.3263
961 73.3263 73.459
962 73.3263 73.5521
963 73.3263 73.4326
964 73.3263 73.4045
965 73.3263 73.3263
966 73.3263 73.3263
967 73.3263 73.5336
968 73.3263 73.3427
969 73.3263 73.3263
970 73.3263 73.3263
971 73.3263 73.4193
972 73.3263 73.543
973 73.3263 73.4762
974 73.3263 73.6003
975 73.3263 73.5099
976 73.3263 73.372
977 73.3263 73.5904
978 73.3263 73.3724
979 73.3263 73.3519
980 73.3263 73.3575
981 73.3263 73.3976
982 73.3263 73.4515
983 73.3263 73.3663
984 73.3263 73.5015
985 73.3263 73.3288
986 73.3263 73.3275
987 73.3263 73.3263
988 73.3263 73.3858
989 73.3263 73.4672
990 73.3263 73.3263
991 73.3263 73.3794
992 73.3263 73.4122
993 73.3263 73.469
994 73.3263 73.5132
995 73.3263 73.7066
996 73.3263 73.3386
997 73.3263 73.4855
998 73.3263 73.3584
999 73.3263 73.341
1000 73.3263 73.331
1001 73.3263 73.3307
1002 73.3263 73.3718
1003 73.3263 73.3263
1004 73.3263 73.3263
1005 73.3263 73.3559
1006 73.3263 73.3514
1007 73.3263 73.3856
1008 73.3263 73.3832
1009 73.3263 73.3689
1010 73.3263 73.4043
1011 73.3263 73.3271
1012 73.3263 73.3263
1013 73.3263 73.4386
1014 73.3263 73.3481
1015 73.3263 73.3475
1016 73.3263 73.3449
1017 73.3263 73.3979
1018 73.3263 73.6257
1019 73.3263 73.6062
1020 73.3263 73.4296
1021 73.3263 73.7908
1022 73.3263 73.3564
1023 73.3263 73.3263
1024 73.3263 73.3263
1025 73.3263 73.3276
1026 73.3263 73.3708
1027 73.3263 73.3739
1028 73.3263 73.4021
1029 73.3263 73.4676
1030 73.3263 73.6538
1031 73.3263 73.5171
1032 73.3263 73.5084
1033 73.3263 73.6766
1034 73.3263 73.5053
1035 73.3263 73.4499
1036 73.3263 73.3827
1037 73.3263 73.3862
1038 73.3263 73.5144
1039 73.3263 73.6049
1040 73.3263 73.4186
1041 73.3263 73.4058
1042 73.3263 73.5209
1043 73.3263 73.3263
1044 73.3263 73.3496
1045 73.3263 73.3924
1046 73.3263 73.367
1047 73.3263 73.3335
1048 73.3263 73.3263
1049 73.3263 73.3654
1050 73.3263 73.3263
1051 73.3263 73.4693
1052 73.3263 73.3263
1053 73.3263 73.3263
1054 73.3263 73.335
1055 73.3263 73.452
1056 73.3263 73.4818
1057 73.2261 73.463
1058 73.2261 73.6207
1059 73.2261 73.5661
1060 73.0358 73.2704
1061 73.0358 73.4989
1062 73.0358 73.405
1063 73.0358 73.2456
1064 73.0358 73.0788
1065 73.0358 73.1291
1066 73.0358 73.0402
1067 73.0358 73.0358
1068 73.0358 73.0975
1069 73.0358 73.0549
1070 73.0358 73.0558
1071 73.0358 73.0937
1072 73.0358 73.0863
1073 73.0358 73.0486
1074 73.0358 73.0358
1075 73.0358 73.2535
1076 73.0358 73.3149
1077 73.0358 73.1533
1078 73.0358 73.0358
1079 73.0358 73.0358
1080 73.0358 73.0724
1081 73.0358 73.0831
1082 73.0358 73.084
1083 73.0358 73.0391
1084 73.0358 73.0358
1085 73.0358 73.0358
1086 73.0358 73.0933
1087 73.0358 73.0655
1088 73.0358 73.108
1089 73.0358 73.1281
1090 73.0358 73.2486
1091 73.0358 73.0484
1092 73.0358 73.0586
1093 73.0358 73.0358
1094 73.0358 73.0358
1095 73.0358 73.0471
1096 73.0358 73.1967
1097 73.0358 73.224
1098 73.0358 73.1183
1099 73.0358 73.0358
1100 73.0358 73.0389
1101 73.0358 73.0518
1102 73.0358 73.0358
1103 73.0358 73.0358
1104 73.0358 73.0358
1105 73.0358 73.0358
1106 73.0358 73.0358
1107 73.0358 73.0912
1108 73.0358 73.1224
1109 73.0358 73.1436
1110 73.0358 73.0358
1111 73.0358 73.0358
1112 73.0358 73.1091
1113 73.0358 73.1353
1114 73.0358 73.0517
1115 73.0358 73.1016
1116 73.0358 73.0619
1117 73.0358 73.104
1118 73.0358 73.0401
1119 73.0358 73.0738
1120 73.0358 73.1277
1121 73.0358 73.5386
1122 73.0358 73.5923
1123 72.9772 73.0905
1124 72.9772 73.0724
1125 72.9772 73.0145
1126 72.9772 73.0969
1127 72.9772 72.9789
1128 72.9772 73.2826
1129 72.9772 72.9956
1130 72.9772 73.0785
1131 72.9772 73.0343
1132 72.9772 73.0432
1133 72.9772 73.0327
1134 72.9772 72.9772
1135 72.9772 72.9772
1136 72.9772 72.9794
1137 72.9772 73.1366
1138 72.9772 72.9772
1139 72.9772 72.9772
1140 72.9772 73.0026
1141 72.9772 73.061
1142 72.9772 73.0651
1143 72.9772 73.0117
1144 72.9772 73.2161
1145 72.9772 73.059
1146 72.9772 73.066
1147 72.9772 73.0564
1148 72.9772 72.9786
1149 72.9772 73.0249
1150 72.9772 73.0319
1151 72.9772 72.9807
1152 72.9772 72.9772
1153 72.9772 72.9772
1154 72.9772 73.0334
1155 72.9772 72.9969
1156 72.9772 73.0121
1157 72.9772 73.0337
1158 72.9772 73.194
1159 72.9772 73.0478
1160 72.9772 72.9803
1161 72.9772 73.061
1162 72.9772 73.0776
1163 72.9772 73.0427
1164 72.9772 73.1409
1165 72.9772 73.4434
1166 72.9772 73.0971
1167 72.9772 73.0851
1168 72.9772 72.9772
1169 72.9772 73.043
1170 72.9772 73.0436
1171 72.9772 72.9828
1172 72.9772 73.0614
1173 72.9772 73.1266
1174 72.9772 73.1805
1175 72.9772 73.1612
1176 72.9772 72.9952
1177 72.9772 72.9996
1178 72.9772 73.0611
1179 72.9772 73.0602
1180 72.9772 72.9772
1181 72.9772 73.092
1182 72.9772 73.1604
1183 72.9772 73.0208
1184 72.9772 73.0531
1185 72.9772 72.994
1186 72.9772 72.9978
1187 72.9772 72.9772
1188 72.9772 73.0477
1189 72.9772 73.1142
1190 72.9772 73.1417
1191 72.9772 73.0223
1192 72.9772 73.2526
1193 72.9772 73.1374
1194 72.9772 72.9955
1195 72.9772 73.2102
1196 72.9772 73.191
1197 72.9772 73.007
1198 72.9772 73.0516
1199 72.9772 72.9772
1200 72.9772 73.0031
1201 72.9772 72.9821
1202 72.9772 73.0214
1203 72.9772 73.0761
1204 72.9772 73.0576
1205 72.9772 73.0988
1206 72.9772 72.9876
1207 72.9772 73.0353
1208 72.9772 72.9772
1209 72.9772 73.0225
1210 72.9772 72.9899
1211 72.9772 73.0331
1212 72.9772 73.0612
1213 72.9772 73.0288
1214 72.9772 73.0668
1215 72.9772 72.9772
1216 72.9772 72.9772
1217 72.9772 72.9867
1218 72.9772 73.0161
1219 72.9772 73.0532
1220 72.9772 73.4518
1221 72.9772 73.0722
1222 72.9772 72.9772
1223 72.9772 73.0252
1224 72.9772 73.1393
1225 72.9772 73.0113
1226 72.9772 73.1767
1227 72.9772 73.1386
1228 72.9772 73.1183
1229 72.9772 73.0829
1230 72.9772 72.9826
1231 72.9772 72.9847
1232 72.9772 72.9772
1233 72.9772 72.979
1234 72.9772 72.9772
1235 72.9772 72.9772
1236 72.9772 72.9772
1237 72.9772 72.9786
1238 72.9772 72.9891
1239 72.9772 73
1240 72.9772 72.9779
1241 72.9772 72.9851
1242 72.9772 73.0161
1243 72.9772 72.9772
1244 72.9772 72.9906
1245 72.9772 73.0517
1246 72.9772 73.1076
1247 72.9772 73.0583
1248 72.9772 73.1126
1249 72.9772 73.0076
1250 72.9772 73.2719
1251 72.9772 72.9869
1252 72.9772 73.0633
1253 72.9772 72.9772
1254 72.9772 72.9772
1255 72.9772 72.9941
1256 72.9772 73.0732
1257 72.9772 73.0996
1258 72.9772 72.9793
1259 72.9772 73.0158
1260 72.9772 72.9915
1261 72.9772 72.9951
1262 72.9772 73.2205
1263 72.9772 73.4044
1264 72.9772 73.5398
1265 72.9772 73.2613
1266 72.9772 73.0444
1267 72.9772 73.0888
1268 72.9772 73.0888
1269 72.9772 73.1546
1270 72.9772 73.0963
1271 72.9772 72.9957
1272 72.9772 73.0687
1273 72.9772 72.9772
1274 72.9772 73.0756
1275 72.9772 73.0207
1276 72.9772 72.9821
1277 72.9772 73.0582
1278 72.9772 72.9772
1279 72.9772 73.0215
1280 72.9772 73.0811
1281 72.9772 73.2095
1282 72.9772 73.0195
1283 72.9772 72.9772
1284 72.9772 72.9772
1285 72.9772 73.037
1286 72.9772 73.2312
1287 72.9772 72.9977
1288 72.9772 72.9772
1289 72.9772 73.0204
1290 72.9772 73.1147
1291 72.9772 73.0825
1292 72.9772 73.0909
1293 72.9772 73.1577
1294 72.9772 73.0756
1295 72.9772 73.045
1296 72.9772 73.029
1297 72.9772 72.9772
1298 72.9772 72.9911
1299 72.9772 73.0259
1300 72.9772 72.9772
1301 72.9772 72.9927
1302 72.9772 72.9772
1303 72.9772 72.9825
1304 72.9772 72.9772
1305 72.9772 72.9805
1306 72.9772 72.9865
1307 72.9772 73.2278
1308 72.9772 72.9772
1309 72.9772 72.978
1310 72.9772 72.9772
1311 72.9772 73.1179
1312 72.9772 72.9911
1313 72.9772 73.0705
1314 72.9772 72.9896
1315 72.9772 73.0564
1316 72.9772 73.0654
1317 72.9772 73.0623
1318 72.9772 73.0081
1319 72.9772 72.9826
1320 72.9772 73.1588
1321 72.9772 73.1192
1322 72.9772 72.9885
1323 72.9772 73.1452
1324 72.9772 73.1359
1325 72.9772 73.0957
1326 72.9772 73.2251
1327 72.9772 72.9967
1328 72.9772 73.0221
1329 72.9772 73.0859
1330 72.9772 73.1791
1331 72.9772 73.1106
1332 72.9772 72.9772
1333 72.9772 73.0043
1334 72.9772 73.0093
1335 72.9772 72.998
1336 72.9772 72.9881
1337 72.9772 73.125
1338 72.9772 73.0107
1339 72.9772 72.9772
1340 72.9772 72.9815
1341 72.9772 72.9772
1342 72.9772 72.9772
1343 72.9772 72.9803
1344 72.9772 73.0317
1345 72.9222 73.0838
1346 72.9222 73.0344
1347 72.9222 73.0739
1348 72.9222 73.0909
1349 72.9222 73.1198
1350 72.7706 73.0802
1351 72.7706 72.9705
1352 72.7706 73.4768
1353 72.7706 73.4244
1354 72.7706 73.0768
1355 72.7706 73.0355
1356 72.7706 72.8518
1357 72.7706 73.0254
1358 72.7706 72.8322
1359 72.7706 72.9246
1360 72.7706 72.8834
1361 72.7706 72.7753
1362 72.7706 72.9548
1363 72.7706 72.8021
1364 72.7706 72.9919
1365 72.7706 72.8087
1366 72.7706 72.7798
1367 72.7706 72.8557
1368 72.7706 72.8795
1369 72.7706 73.0199
1370 72.7706 72.955
1371 72.7706 73.0567
1372 72.7706 73.0037
1373 72.7706 72.8127
1374 72.7706 72.8462
1375 72.7706 72.8455
1376 72.7706 72.9491
1377 72.7706 73.0401
1378 72.7706 72.8738
1379 72.7706 72.8782
1380 72.7706 73.0126
1381 72.7706 72.794
1382 72.7706 72.8498
1383 72.7706 72.8386
1384 72.7706 72.8246
1385 72.7706 73.0012
1386 72.7706 73.0471
1387 72.7706 72.99
1388 72.7706 73.079
1389 72.7706 73.2712
1390 72.7706 72.9103
1391 72.7706 72.8071
1392 72.7706 72.8618
1393 72.7706 72.8764
1394 72.7706 72.8729
1395 72.7706 72.8755
1396 72.7706 72.9111
1397 72.7706 72.9128
1398 72.7706 72.8935
1399 72.7706 72.8291
1400 72.0443 72.7954
1401 72.0443 72.9951
1402 72.0443 73.3671
1403 72.0443 72.8226
1404 72.0443 72.6887
1405 72.0443 72.4504
1406 72.0443 72.1611
1407 72.0443 72.054
1408 72.0443 72.4574
1409 72.0443 72.2965
1410 72.0443 72.2014
1411 72.0443 72.1399
1412 72.0443 72.0443
1413 72.0443 72.0502
1414 72.0443 72.0523
1415 72.0443 72.0443
1416 72.0443 72.0443
1417 72.0443 72.0561
1418 72.0443 72.0443
1419 72.0443 72.0629
1420 72.0443 72.0703
1421 72.0443 72.1642
1422 72.0443 72.0443
1423 72.0443 72.0443
1424 72.0443 72.0443
1425 72.0443 72.0443
1426 72.0443 72.0451
1427 72.0443 72.1141
1428 72.0443 72.1015
1429 72.0443 72.0661
1430 72.0443 72.1743
1431 72.0443 72.2236
1432 72.0443 72.3308
1433 72.0443 72.1241
1434 72.0443 72.1405
1435 72.0443 72.0443
1436 72.0443 72.0476
1437 72.0443 72.1079
1438 72.0443 72.0443
1439 72.0443 72.0443
1440 72.0443 72.0756
1441 72.0443 72.0443
1442 72.0443 72.0443
1443 72.0443 72.065
1444 72.0443 72.1031
1445 72.0443 72.2561
1446 72.0443 72.1137
1447 72.0443 72.0443
1448 72.0443 72.0524
1449 72.0443 72.0443
1450 72.0443 72.0875
1451 72.0443 72.105
1452 72.0443 72.0965
1453 72.0443 72.1875
1454 72.0443 72.1377
1455 72.0443 72.1252
1456 72.0443 72.0443
1457 72.0443 72.0443
1458 72.0443 72.1602
1459 72.0443 72.0508
1460 72.0443 72.0554
1461 72.0443 72.1586
1462 72.0443 72.1639
1463 72.0443 72.1832
1464 72.0443 72.0443
1465 72.0443 72.0443
1466 72.0443 72.2937
1467 72.0443 72.2133
1468 72.0443 72.0443
1469 72.0443 72.069
1470 72.0443 72.0908
1471 72.0443 72.0443
1472 72.0443 72.0443
1473 72.0443 72.1578
1474 72.0443 72.1593
1475 72.0443 72.1473
1476 72.0132 72.0815
1477 72.0132 72.1689
1478 72.0132 72.1049
1479 72.0132 72.1361
1480 72.0132 72.0666
1481 72.0132 72.1811
1482 72.0132 72.2229
1483 72.0132 72.1097
1484 72.0132 72.0204
1485 72.0132 72.0231
1486 72.0132 72.0273
1487 72.0132 72.0627
1488 72.0132 72.2426
1489 72.0132 72.1135
1490 72.0132 72.1319
1491 72.0132 72.1892
1492 72.0132 72.0282
1493 72.0132 72.0288
1494 72.0132 72.1044
1495 72.0132 72.0165
1496 72.0132 72.0132
1497 72.0132 72.0549
1498 72.0132 72.0638
1499 72.0132 72.0648
1500 72.0132 72.2148
1501 72.0132 72.1048
1502 72.0132 72.0192
1503 72.0132 72.2352
1504 72.0132 72.0983
1505 72.0132 72.0132
1506 72.0132 72.0298
1507 72.0132 72.16
1508 72.0132 72.198
1509 72.0132 72.146
1510 72.0132 72.1253
1511 72.0132 72.1516
1512 72.0132 72.176
1513 72.0132 72.0132
1514 72.0132 72.0542
1515 72.0132 72.1284
1516 72.0132 72.0496
1517 72.0132 72.1045
1518 72.0132 72.015
1519 72.0132 72.0132
1520 72.0132 72.1138
1521 72.0132 72.0148
1522 72.0132 72.3889
1523 72.0132 72.1135
1524 72.0132 72.0582
1525 72.0132 72.2302
1526 72.0132 72.1891
1527 72.0132 72.0132
1528 72.0132 72.0442
1529 72.0132 72.0255
1530 72.0132 72.0132
1531 72.0132 72.0132
1532 72.0132 72.2222
1533 72.0132 72.1106
1534 72.0132 72.1085
1535 72.0132 72.157
1536 72.0132 72.1487
1537 72.0132 72.0517
1538 72.0132 72.0132
1539 72.0132 72.0132
1540 72.0132 72.0132
1541 72.0132 72.0411
1542 72.0132 72.0925
1543 72.0132 72.0712
1544 72.0132 72.0132
1545 72.0132 72.0132
1546 72.0132 72.0132
1547 72.0132 72.0646
1548 72.0132 72.0342
1549 72.0132 72.0551
1550 72.0132 72.2336
1551 72.0132 72.0628
1552 72.0132 72.2409
1553 72.0132 72.0893
1554 72.0132 72.2972
1555 72.0132 72.3237
1556 72.0132 72.4928
1557 72.0132 72.1649
1558 72.0132 72.11
1559 72.0132 72.074
1560 72.0132 72.236
1561 72.0132 72.0586
1562 72.0132 72.1689
1563 72.0132 72.0222
1564 72.0132 72.0985
1565 72.0132 72.0201
1566 72.0132 72.2188
1567 72.0132 72.0132
1568 72.0132 72.1271
1569 72.0132 72.0211
1570 72.0132 72.0132
1571 72.0132 72.0132
1572 72.0132 72.052
1573 72.0132 72.0132
1574 72.0132 72.3197
1575 72.0132 72.0233
1576 72.0132 72.3875
1577 72.0132 72.097
1578 72.0132 72.0935
1579 71.79 72.1272
1580 71.79 72.3287
1581 71.79 72.5562
1582 71.79 72.4816
1583 71.79 72.1797
1584 71.79 71.9341
1585 71.79 71.7933
1586 71.79 71.8299
1587 71.79 71.8503
1588 71.79 71.8262
1589 71.79 71.8501
1590 71.79 71.8169
1591 71.79 71.869
1592 71.79 71.8179
1593 71.79 71.7912
1594 71.79 71.8665
1595 71.79 71.8502
1596 71.79 71.8216
1597 71.79 71.7937
1598 71.79 71.8612
1599 71.79 71.9194
1600 71.79 71.9515
1601 71.79 71.9292
1602 71.79 71.8722
1603 71.79 71.9088
1604 71.79 71.8057
1605 71.79 71.79
1606 71.79 71.8012
1607 71.79 71.8973
1608 71.79 71.9628
1609 71.79 71.8702
1610 71.79 71.7912
1611 71.79 71.875
1612 71.79 71.79
1613 71.79 71.79
1614 71.79 72.045
1615 71.79 71.8772
1616 71.79 71.79
1617 71.79 71.8048
1618 71.79 71.79
1619 71.79 72.0449
1620 71.79 72.2467
1621 71.79 72.2035
1622 71.79 72.362
1623 71.79 72.0935
1624 71.79 71.8889
1625 71.79 71.8414
1626 71.79 71.7946
1627 71.79 71.9316
1628 71.79 72.0241
1629 71.79 72.092
1630 71.79 71.9267
1631 71.79 72.0778
1632 71.79 72.2397
1633 71.79 71.9891
1634 71.79 72.1358
1635 71.79 72.4226
1636 71.79 71.8972
1637 71.79 72.1204
1638 71.79 71.9097
1639 71.79 71.8874
1640 71.79 71.79
1641 71.79 71.8159
1642 71.79 71.9773
1643 71.79 71.9932
1644 71.79 71.8673
1645 71.79 71.79
1646 71.79 71.8303
1647 71.79 71.802
1648 71.79 71.8062
1649 71.79 71.794
1650 71.79 71.7973
1651 71.79 71.79
1652 71.79 71.8082
1653 71.79 71.7932
1654 71.79 71.79
1655 71.79 71.8633
1656 71.79 71.79
1657 71.79 71.8981
1658 71.79 72.0285
1659 71.79 71.8859
1660 71.79 71.9524
1661 71.79 71.8693
1662 71.79 71.7903
1663 71.79 71.7916
1664 71.79 71.79
1665 71.79 72.0389
1666 71.79 71.9033
1667 71.79 71.8055
1668 71.79 72.0476
1669 71.79 71.8244
1670 71.79 71.8505
1671 71.79 71.8178
1672 71.79 71.9277
1673 71.79 71.8162
1674 71.79 71.9134
1675 71.79 71.8152
1676 71.79 71.79
1677 71.79 71.79
1678 71.79 71.79
1679 71.79 71.79
1680 71.79 71.9525
1681 71.79 71.8589
1682 71.79 71.79
1683 71.79 72.0328
1684 71.79 71.8576
1685 71.79 72.0488
1686 71.79 71.8397
1687 71.79 72.0066
1688 71.79 72.0588
1689 71.79 71.9412
1690 71.79 71.8205
1691 71.79 71.8366
1692 71.79 71.8029
1693 71.79 71.8738
1694 71.79 71.8069
1695 71.79 71.79
1696 71.79 71.8164
1697 71.79 71.7987
1698 71.79 71.7968
1699 71.79 71.8933
1700 71.79 71.8749
1701 71.79 71.79
1702 71.79 71.8442
1703 71.79 71.8708
1704 71.79 71.8356
1705 71.79 71.907
1706 71.79 71.8561
1707 71.79 71.8315
1708 71.79 71.8007
1709 71.79 71.7902
1710 71.79 71.79
1711 71.79 71.79
1712 71.79 72.0041
1713 71.79 71.9744
1714 71.79 72.1212
1715 71.79 71.8221
1716 71.79 71.8206
1717 71.79 71.8468
1718 71.79 71.9663
1719 71.79 71.7932
1720 71.79 71.7971
1721 71.79 71.8407
1722 71.79 72.2231
1723 71.79 71.9924
1724 71.79 72.2889
1725 71.79 72.3061
1726 71.79 72.0447
1727 71.79 71.7934
1728 71.79 71.8161
1729 71.79 71.8389
1730 71.79 71.8046
1731 71.79 71.8243
1732 71.79 71.8868
1733 71.79 71.7965
1734 71.79 71.79
1735 71.79 71.8012
1736 71.79 71.79
1737 71.79 71.7945
1738 71.79 71.819
1739 71.79 71.9614
1740 71.79 71.8376
1741 71.79 71.8897
1742 71.79 71.9765
1743 71.79 71.9514
1744 71.79 71.9413
1745 71.79 71.8622
1746 71.79 71.9125
1747 71.79 71.79
1748 71.79 71.8286
1749 71.79 71.8525
1750 71.79 71.8198
1751 71.79 71.8523
1752 71.79 71.8514
1753 71.79 71.865
1754 71.79 71.8001
1755 71.79 71.7921
1756 71.79 71.8109
1757 71.79 72.0274
1758 71.79 71.8918
1759 71.79 71.948
1760 71.79 72.062
1761 71.79 71.9249
1762 71.79 71.79
1763 71.79 71.8044
1764 71.79 71.7922
1765 71.79 71.79
1766 71.79 71.79
1767 71.79 71.79
1768 71.79 71.8237
1769 71.79 71.8269
1770 71.79 71.8809
1771 71.79 71.8889
1772 71.79 71.8446
1773 71.79 71.8134
1774 71.79 71.796
1775 71.79 71.79
1776 71.79 71.8849
1777 71.79 71.8217
1778 71.79 71.7925
1779 71.79 71.79
1780 71.79 71.8306
1781 71.79 71.9029
1782 71.79 71.8203
1783 71.79 71.79
1784 71.79 71.7916
1785 71.79 71.835
1786 71.79 71.9375
1787 71.79 71.908
1788 71.79 71.9008
1789 71.79 71.79
1790 71.79 72.0763
1791 71.79 71.9875
1792 71.79 71.7957
1793 71.79 71.8354
1794 71.79 71.8387
1795 71.79 71.801
1796 71.79 71.9148
1797 71.79 71.8289
1798 71.79 71.79
1799 71.79 71.79
1800 71.79 71.79
1801 71.79 71.9015
1802 71.79 71.8703
1803 71.79 71.79
1804 71.79 71.8023
1805 71.79 71.8607
1806 71.79 71.9087
1807 71.79 71.8011
1808 71.79 71.79
1809 71.79 71.79
1810 71.79 71.7905
1811 71.79 71.7989
1812 71.79 71.7914
1813 71.79 71.79
1814 71.79 71.79
1815 71.79 71.79
1816 71.79 71.8557
1817 71.79 71.9874
1818 71.79 71.8226
1819 71.79 71.8327
1820 71.79 71.79
1821 71.79 71.79
1822 71.79 71.79
1823 71.79 71.79
1824 71.79 71.814
1825 71.79 71.8159
1826 71.79 71.8302
1827 71.79 71.8415
1828 71.79 71.8563
1829 71.79 72.0349
1830 71.79 71.8279
1831 71.79 71.8392
1832 71.79 71.832
1833 71.79 71.79
1834 71.79 71.79
1835 71.79 71.7946
1836 71.79 71.79
1837 71.79 71.7927
1838 71.79 71.902
1839 71.79 71.8459
1840 71.79 71.8035
1841 71.79 71.8646
1842 71.79 71.8396
1843 71.79 71.7919
1844 71.79 71.7941
1845 71.79 71.85
1846 71.79 71.79
1847 71.79 71.79
1848 71.79 71.79
1849 71.79 71.926
1850 71.79 71.9165
1851 71.79 71.9019
1852 71.79 72.09
1853 71.79 72.0587
1854 71.79 71.9704
1855 71.79 71.9386
1856 71.79 71.8303
1857 71.79 71.79
1858 71.79 71.7912
1859 71.79 71.7982
1860 71.79 71.8002
1861 71.79 71.8035
1862 71.79 71.79
1863 71.79 71.9042
1864 71.79 71.8124
1865 71.79 71.79
1866 71.79 71.7912
1867 71.79 71.9424
1868 71.79 71.9358
1869 71.79 71.8717
1870 71.79 71.8439
1871 71.79 71.79
1872 71.79 71.79
1873 71.79 71.79
1874 71.79 71.79
1875 71.79 71.9729
1876 71.79 72.0088
1877 71.79 71.9051
1878 71.79 72.0466
1879 71.79 71.8425
1880 71.79 71.795
1881 71.79 71.9033
1882 71.79 71.8546
1883 71.79 72.0514
1884 71.79 71.915
1885 71.79 71.9101
1886 71.79 71.7931
1887 71.79 71.9308
1888 71.79 71.8765
1889 71.79 71.9272
1890 71.79 71.79
1891 71.79 71.8008
1892 71.79 71.79
1893 71.79 71.79
1894 71.79 71.79
1895 71.79 72.0059
1896 71.79 71.8837
1897 71.79 71.9201
1898 71.79 71.8805
1899 71.79 71.7999
1900 71.79 72.0982
1901 71.79 71.9316
1902 71.79 71.9138
1903 71.79 71.8291
1904 71.79 71.8081
1905 71.79 71.8913
1906 71.79 72.1033
1907 71.79 71.8675
1908 71.79 71.8541
1909 71.79 71.8204
1910 71.79 72.0633
1911 71.79 71.8344
1912 71.79 71.9062
1913 71.79 71.971
1914 71.79 71.9355
1915 71.79 71.8084
1916 71.79 71.7974
1917 71.79 71.8226
1918 71.79 71.9576
1919 71.79 71.79
1920 71.79 71.79
1921 71.79 71.9035
1922 71.79 71.923
1923 71.79 71.8771
1924 71.79 71.9673
1925 71.79 72.0727
1926 71.79 71.8264
1927 71.79 71.8049
1928 71.79 71.8632
1929 71.79 72.0336
1930 71.79 71.9876
1931 71.79 72.0408
1932 71.79 71.8011
1933 71.79 71.8616
1934 71.79 71.7908
1935 71.79 71.8179
1936 71.79 72.1579
1937 71.79 72.0271
1938 71.79 71.8263
1939 71.79 71.7941
1940 71.79 71.79
1941 71.79 71.79
1942 71.79 71.7979
1943 71.79 71.79
1944 71.79 71.7934
1945 71.79 71.9642
1946 71.79 71.8758
1947 71.79 71.8021
1948 71.79 71.8719
1949 71.79 71.8354
1950 71.79 71.79
1951 71.79 71.79
1952 71.79 71.79
1953 71.79 71.8641
1954 71.79 71.8096
1955 71.79 71.79
1956 71.79 71.8229
1957 71.79 71.7926
1958 71.79 71.79
1959 71.79 71.9298
1960 71.79 71.79
1961 71.79 71.881
1962 71.79 71.8197
1963 71.79 71.79
1964 71.79 71.9429
1965 71.79 71.8224
1966 71.79 71.8905
1967 71.79 71.7937
1968 71.79 71.8054
1969 71.79 71.798
1970 71.79 72.0008
1971 71.79 72.0447
1972 71.79 71.8527
1973 71.79 71.8219
1974 71.79 71.803
1975 71.79 71.79
1976 71.79 71.8932
1977 71.79 71.79
1978 71.79 71.79
1979 71.79 72.0606
1980 71.79 71.8954
1981 71.79 71.7904
1982 71.79 71.79
1983 71.79 71.8557
1984 71.79 71.8585
1985 71.79 71.8613
1986 71.79 71.9004
1987 71.79 71.9156
1988 71.79 71.79
1989 71.79 71.79
1990 71.79 71.8107
1991 71.79 71.8401
1992 71.79 71.8328
1993 71.79 71.814
1994 71.79 72.1154
1995 71.79 72.366
1996 71.79 71.847
1997 71.79 72.0301
1998 71.79 71.945
1999 71.79 71.8103
2000 71.79 71.812
2001 71.79 71.79
2002 71.79 71.79
2003 71.79 71.79
2004 71.79 71.79
2005 71.79 71.79
2006 71.79 71.8011
2007 71.79 71.8936
2008 71.79 71.881
2009 71.79 71.9546
2010 71.79 71.9423
2011 71.79 71.9074
2012 71.79 71.8514
2013 71.79 71.8588
2014 71.79 71.9576
2015 71.79 71.7996
2016 71.79 71.79
2017 71.79 71.8089
2018 71.79 71.867
2019 71.79 71.8389
2020 71.79 71.7903
2021 71.79 71.9422
2022 71.79 72.1286
2023 71.79 71.9108
2024 71.79 71.8183
2025 71.79 71.9308
2026 71.79 71.8426
2027 71.79 72.1254
2028 71.79 71.948
2029 71.79 71.79
2030 71.79 71.79
2031 71.79 71.79
2032 71.79 71.8984
2033 71.79 71.8633
2034 71.79 71.79
2035 71.79 71.8005
2036 71.79 71.8
2037 71.79 71.924
2038 71.79 71.8679
2039 71.79 71.8766
2040 71.79 72.1029
2041 71.79 71.825
2042 71.79 71.79
2043 71.79 71.79
2044 71.79 71.8238
2045 71.79 71.9204
2046 71.79 71.8265
2047 71.79 71.79
2048 71.79 71.798
2049 71.79 71.79
2050 71.79 71.8048
2051 71.79 71.9164
2052 71.79 71.846
2053 71.79 71.79
2054 71.79 71.79
2055 71.79 71.9377
2056 71.79 72.119
2057 71.79 71.8146
2058 71.79 71.8553
2059 71.79 71.79
2060 71.79 71.9268
2061 71.79 72.0373
2062 71.79 71.9176
2063 71.79 71.831
2064 71.79 71.9777
2065 71.79 71.8162
2066 71.79 71.8365
2067 71.79 71.8764
2068 71.79 72.0487
2069 71.79 72.0839
2070 71.79 71.8087
2071 71.79 71.79
2072 71.79 71.8404
2073 71.79 71.8945
2074 71.79 71.8434
2075 71.79 71.7976
2076 71.79 71.8511
2077 71.79 71.808
2078 71.79 71.7929
2079 71.79 71.9291
2080 71.79 71.79
2081 71.79 71.8025
2082 71.79 71.802
2083 71.79 71.8727
2084 71.79 72.0191
2085 71.79 71.91
2086 71.79 71.79
2087 71.79 71.8448
2088 71.79 71.8458
2089 71.79 71.821
2090 71.79 71.8362
2091 71.79 71.8682
2092 71.79 71.816
2093 71.79 71.79
2094 71.79 71.79
2095 71.79 71.7948
2096 71.79 71.79
2097 71.79 71.8076
2098 71.79 71.79
2099 71.79 71.7946
2100 71.79 71.79
2101 71.79 71.9108
2102 71.79 71.82
2103 71.79 71.8525
2104 71.79 71.9406
2105 71.79 71.8444
2106 71.79 71.8515
2107 71.79 71.8667
2108 71.79 71.8879
2109 71.79 71.7915
2110 71.79 71.8104
2111 71.79 71.9464
2112 71.79 71.8166
2113 71.79 71.85
2114 71.79 71.79
2115 71.79 71.8026
2116 71.79 71.8111
2117 71.79 71.8886
2118 71.79 71.8298
2119 71.79 71.79
2120 71.79 71.9655
2121 71.79 71.8411
2122 71.79 71.8887
2123 71.79 71.8875
2124 71.79 71.86
2125 71.79 71.8182
2126 71.79 71.8962
2127 71.79 71.8976
2128 71.79 71.813
2129 71.79 71.9816
2130 71.79 71.826
2131 71.79 72.0636
2132 71.79 71.9699
2133 71.79 71.79
2134 71.79 71.8021
2135 71.79 71.822
2136 71.79 71.79
2137 71.79 71.8039
2138 71.79 71.8431
2139 71.79 72.0706
2140 71.79 72.1131
2141 71.79 71.8535
2142 71.79 71.8194
2143 71.79 71.79
2144 71.79 71.79
2145 71.79 71.8818
2146 71.79 71.8909
2147 71.79 71.8465
2148 71.79 71.8335
2149 71.79 71.8089
2150 71.79 71.79
2151 71.79 71.79
2152 71.79 71.79
2153 71.79 71.8043
2154 71.79 71.8085
2155 71.79 71.8627
2156 71.79 71.8148
2157 71.79 71.8618
2158 71.79 71.8293
2159 71.79 71.9843
2160 71.79 71.8728
2161 71.79 71.7986
2162 71.79 71.7938
2163 71.79 71.8373
2164 71.79 71.79
2165 71.79 71.8047
2166 71.79 72.0185
2167 71.79 71.8944
2168 71.79 72.0337
2169 71.79 71.9384
2170 71.79 71.9217
2171 71.79 71.8085
2172 71.79 71.79
2173 71.79 71.8226
2174 71.79 71.8236
2175 71.79 71.8827
2176 71.79 71.9712
2177 71.79 71.8188
2178 71.79 71.8826
2179 71.79 71.9426
2180 71.79 71.8392
2181 71.79 71.8191
2182 71.79 71.8357
2183 71.79 71.79
2184 71.79 71.8205
2185 71.79 71.79
2186 71.79 71.79
2187 71.79 72.0112
2188 71.79 71.8104
2189 71.79 71.819
2190 71.79 71.9334
2191 71.79 71.79
2192 71.79 71.8312
2193 71.79 71.8182
2194 71.79 71.79
2195 71.79 72.06
2196 71.79 72.0434
2197 71.79 71.8565
2198 71.79 71.8179
2199 71.79 71.8309
2200 71.79 71.8121
2201 71.79 71.9523
2202 71.79 71.9426
2203 71.79 71.934
2204 71.79 71.9101
2205 71.79 71.8434
2206 71.79 71.8428
2207 71.79 71.8176
2208 71.79 71.79
2209 71.79 71.8846
2210 71.79 71.8358
2211 71.79 71.7933
2212 71.79 71.9521
2213 71.79 71.79
2214 71.79 71.8314
2215 71.79 71.8051
2216 71.79 71.8181
2217 71.79 71.9354
2218 71.79 71.8307
2219 71.79 71.79
2220 71.79 71.8188
2221 71.79 71.79
2222 71.79 71.79
2223 71.79 71.79
2224 71.79 71.8251
2225 71.79 71.8775
2226 71.79 72.0585
2227 71.79 72.0462
2228 71.79 71.9714
2229 71.79 71.9513
2230 71.79 71.79
2231 71.79 71.9161
2232 71.79 71.8172
2233 71.79 71.79
2234 71.79 71.79
2235 71.79 71.8327
2236 71.79 71.9453
2237 71.79 71.7905
2238 71.79 71.8031
2239 71.79 71.79
2240 71.79 71.79
2241 71.79 71.8386
2242 71.79 71.7903
2243 71.79 71.8079
2244 71.79 71.9976
2245 71.79 72.0381
2246 71.79 71.9015
2247 71.79 71.8282
2248 71.79 71.79
2249 71.79 71.8086
2250 71.79 71.79
2251 71.79 71.8267
2252 71.79 72.081
2253 71.79 72.2369
2254 71.79 71.888
2255 71.79 71.982
2256 71.79 71.8212
2257 71.79 71.8222
2258 71.79 71.9799
2259 71.79 72.0083
2260 71.79 71.9156
2261 71.79 71.9521
2262 71.79 71.8091
2263 71.79 71.82
2264 71.79 71.9519
2265 71.79 71.9715
2266 71.79 71.8433
2267 71.79 71.8575
2268 71.79 71.8577
2269 71.79 71.7911
2270 71.79 71.7994
2271 71.79 71.79
2272 71.79 72.1042
2273 71.79 71.9702
2274 71.79 71.9031
2275 71.79 71.79
2276 71.79 71.8376
2277 71.79 71.8051
2278 71.79 71.8582
2279 71.79 71.7907
2280 71.79 71.8488
2281 71.79 72.0143
2282 71.79 71.8566
2283 71.79 71.7905
2284 71.79 71.9678
2285 71.79 72.0496
2286 71.79 71.79
2287 71.79 71.8029
2288 71.79 71.8106
2289 71.79 71.8071
2290 71.79 71.7917
2291 71.79 71.7993
2292 71.79 71.79
2293 71.79 71.79
2294 71.79 71.8232
2295 71.79 71.9094
2296 71.79 71.794
2297 71.79 71.8258
2298 71.79 71.9608
2299 71.79 72.0506
2300 71.79 71.8006
2301 71.79 72.0818
2302 71.79 72.0482
2303 71.79 71.7939
2304 71.79 71.7954
2305 71.79 71.8761
2306 71.79 71.9251
2307 71.79 71.79
2308 71.79 71.79
2309 71.79 71.8083
2310 71.79 71.7905
2311 71.79 72.0964
2312 71.79 71.9476
2313 71.79 71.9004
2314 71.79 71.8026
2315 71.79 71.8357
2316 71.79 71.79
2317 71.79 71.8085
2318 71.79 71.9562
2319 71.79 71.8394
2320 71.79 71.8327
2321 71.79 71.7992
2322 71.79 72.0094
2323 71.79 71.9469
2324 71.79 71.8497
2325 71.79 72.0646
2326 71.79 71.8726
2327 71.79 71.8555
2328 71.79 71.8149
2329 71.6443 71.894
2330 71.6443 72.0066
2331 71.6443 71.8875
2332 71.6443 71.7098
2333 71.6443 71.6559
2334 71.6443 71.7306
2335 71.6443 71.6443
2336 71.6443 71.6443
2337 71.6443 71.6499
2338 71.6443 71.6443
2339 71.6443 71.677
2340 71.6443 71.8847
2341 71.6443 71.8823
2342 71.6443 71.8839
2343 71.6443 71.6596
2344 71.6443 71.6613
2345 71.6443 71.751
2346 71.6443 71.6808
2347 71.6443 71.9968
2348 71.6443 71.7164
2349 71.6443 71.748
2350 71.3527 71.6797
2351 71.3527 71.6447
2352 71.3527 71.7854
2353 71.3527 71.7538
2354 71.3527 71.6784
2355 71.3527 71.713
2356 71.3527 71.3971
2357 71.3527 71.4015
2358 71.3527 71.3529
2359 71.3527 71.3527
2360 71.3527 71.3742
2361 71.3527 71.3527
2362 71.3527 71.3527
2363 71.3527 71.3676
2364 71.3527 71.5185
2365 71.3527 71.42
2366 71.3527 71.4423
2367 71.3527 71.3865
2368 71.3527 71.4253
2369 71.3527 71.3527
2370 71.3527 71.3527
2371 71.3527 71.3838
2372 71.3527 71.356
2373 71.3527 71.3527
2374 71.3527 71.5138
2375 71.3527 71.4092
2376 71.3527 71.3724
2377 71.3527 71.3527
2378 71.3527 71.3979
2379 71.3527 71.5459
2380 71.2904 71.4316
2381 71.2904 71.3941
2382 71.2904 71.4594
2383 71.2904 71.4332
2384 71.2904 71.2954
2385 71.2904 71.3097
2386 71.2904 71.5415
2387 71.2904 71.2989
2388 71.2904 71.4672
2389 71.2904 71.2904
2390 71.2904 71.2904
2391 71.2904 71.2904
2392 71.2904 71.2957
2393 71.2904 71.3008
2394 71.2904 71.342
2395 71.2904 71.4905
2396 71.2904 71.3438
2397 71.2904 71.3935
2398 71.2904 71.3547
2399 71.1393 71.3748
2400 71.1393 71.383
2401 71.1393 71.2105
2402 71.1393 71.173
2403 71.1393 71.1542
2404 71.1393 71.1393
2405 71.1393 71.1497
2406 71.1393 71.1406
2407 71.1393 71.1393
2408 71.1393 71.1393
2409 71.1393 71.1393
2410 71.1393 71.1393
2411 71.1393 71.3172
2412 71.1393 71.329
2413 71.1393 71.1764
2414 71.1393 71.223
2415 71.1393 71.2274
2416 71.1393 71.1472
2417 71.1393 71.1637
2418 71.1393 71.2734
2419 71.1393 71.1393
2420 71.1393 71.1413
2421 71.1393 71.1494
2422 71.1393 71.1438
2423 71.1393 71.1818
2424 71.1393 71.1533
2425 71.1393 71.1393
2426 71.1393 71.3786
2427 71.1393 71.2309
2428 71.1393 71.2152
2429 71.1393 71.2371
2430 71.1393 71.2287
2431 71.1393 71.1661
2432 71.1393 71.1907
2433 71.1393 71.1393
2434 71.1393 71.2423
2435 71.1393 71.1908
2436 71.1393 71.1393
2437 71.1393 71.1393
2438 71.1393 71.1397
2439 71.1393 71.1393
2440 71.1393 71.1543
2441 71.1393 71.1393
2442 71.1393 71.1566
2443 71.1393 71.1393
2444 71.1393 71.2218
2445 71.1393 71.1841
2446 71.1393 71.1806
2447 71.1393 71.1393
2448 71.1393 71.2374
2449 71.1393 71.1498
2450 71.1393 71.1598
2451 71.1393 71.1696
2452 71.1393 71.1621
2453 71.1393 71.4037
2454 71.1393 71.5482
2455 71.1393 71.7371
2456 71.1393 71.3808
2457 71.1393 71.2169
2458 71.1393 71.3171
2459 71.1393 71.1393
2460 71.1393 71.284
2461 71.1393 71.1703
2462 71.1393 71.1722
2463 71.1393 71.2687
2464 71.1393 71.2601
2465 71.1393 71.2697
2466 71.1393 71.2744
2467 71.1393 71.1408
2468 71.1393 71.177
2469 71.1393 71.1651
2470 71.1393 71.1877
2471 71.1393 71.4402
2472 71.1393 71.4487
2473 71.1393 71.3145
2474 71.1393 71.1393
2475 71.1393 71.1393
2476 71.1393 71.1641
2477 71.1393 71.4232
2478 71.1393 71.6653
2479 71.1393 71.1767
2480 71.1393 71.4619
2481 71.1393 71.3893
2482 71.1393 71.1979
2483 71.1393 71.4289
2484 71.1393 71.1393
2485 71.1393 71.1393
2486 71.1393 71.1867
2487 71.1393 71.1429
2488 71.1393 71.1843
2489 71.1393 71.2585
2490 71.1393 71.1771
2491 71.1393 71.1393
2492 71.1393 71.285
2493 71.1393 71.1768
2494 71.1393 71.1393
2495 71.1393 71.1393
2496 71.1393 71.1586
2497 71.1393 71.14
2498 71.1393 71.1715
2499 71.1393 71.1785
2500 71.1393 71.1393
2501 71.1393 71.2073
2502 71.1393 71.1583
2503 71.1393 71.2284
2504 71.1393 71.2562
2505 71.1393 71.3151
2506 71.1393 71.4036
2507 71.1393 71.2324
2508 71.1393 71.1862
2509 71.1393 71.1581
2510 71.1393 71.174
2511 71.1393 71.2339
2512 71.1393 71.1821
2513 71.1393 71.1455
2514 71.1393 71.1426
2515 71.1393 71.1729
2516 71.1393 71.2974
2517 71.1393 71.1673
2518 71.1393 71.1423
2519 71.1393 71.1531
2520 71.1393 71.1393
2521 71.1393 71.1937
2522 71.1393 71.1393
2523 71.1393 71.2709
2524 71.1393 71.3185
2525 71.1393 71.1393
2526 71.1393 71.2402
2527 71.1393 71.2715
2528 71.1393 71.3838
2529 71.1393 71.1753
2530 71.1393 71.2672
2531 71.1393 71.171
2532 70.9816 71.4319
2533 70.9816 71.9657
2534 70.9816 72.2406
2535 70.9816 71.6263
2536 70.9816 71.3365
2537 70.9816 70.9894
2538 70.9816 70.9816
2539 70.9816 71.0022
2540 70.9816 71.1017
2541 70.9816 71.0198
2542 70.9816 70.9816
2543 70.9816 70.9816
2544 70.9816 71.0031
2545 70.9816 71.0902
2546 70.9816 71.1861
2547 70.9816 70.9816
2548 70.9816 70.9886
2549 70.9816 70.9907
2550 70.9816 71.0882
2551 70.9816 71.0008
2552 70.9816 70.9889
2553 70.9816 70.9977
2554 70.9816 71.1457
2555 70.9816 71.0127
2556 70.9816 71.0181
2557 70.9816 71.2417
2558 70.9816 71.1351
2559 70.9816 71.2108
2560 70.9816 71.1493
2561 70.9816 71.0107
2562 70.9816 70.9816
2563 70.9816 70.9816
2564 70.9816 71.0826
2565 70.9816 71.0494
2566 70.9816 71.2215
2567 70.9816 71.0656
2568 70.9816 70.9816
2569 70.9816 70.9923
2570 70.9816 70.9872
2571 70.9816 70.9861
2572 70.9816 70.9816
2573 70.9816 70.9816
2574 70.9816 71.0796
2575 70.9816 71.1981
2576 70.9816 71.069
2577 70.9816 71.0004
2578 70.9816 71.0236
2579 70.9816 71.0503
2580 70.9816 71.273
2581 70.9816 71.1033
2582 70.9816 71.2285
2583 70.9816 71.1729
2584 70.9816 70.9816
2585 70.9816 70.9893
2586 70.9816 70.9816
2587 70.9816 71.0829
2588 70.9816 70.9928
2589 70.9816 70.9816
2590 70.9816 70.9857
2591 70.9816 70.9824
2592 70.9816 71.0137
2593 70.9816 70.9822
2594 70.9816 70.984
2595 70.9816 70.9816
2596 70.9816 70.9833
2597 70.9816 71.0017
2598 70.9816 71.021
2599 70.9816 71.3038
2600 70.9816 71.0452
2601 70.9816 70.9816
2602 70.9816 70.9866
2603 70.9816 71.1265
2604 70.9816 71.2539
2605 70.9816 70.9816
2606 70.9816 71.0002
2607 70.9816 71.0682
2608 70.9816 70.9817
2609 70.9816 71.0587
2610 70.9816 71.0698
2611 70.9816 70.9863
2612 70.9816 71.0212
2613 70.9816 71.0458
2614 70.9816 70.9828
2615 70.9816 71.1172
2616 70.9816 71.0628
2617 70.9816 71.0731
2618 70.9816 71.0022
2619 70.9816 71.0115
2620 70.9816 71.0587
2621 70.9816 71.3965
2622 70.9816 71.1195
2623 70.9816 70.9816
2624 70.9816 71.0178
2625 70.9816 71.0831
2626 70.9816 71.137
2627 70.9816 71.0976
2628 70.9816 71.044
2629 70.9816 71.0114
2630 70.9816 71.0186
2631 70.9816 70.9816
2632 70.9816 71.0479
2633 70.9816 71.2721
2634 70.9816 71.4929
2635 70.9816 70.9816
2636 70.9816 70.9816
2637 70.9816 70.9875
2638 70.9816 71.1444
2639 70.9816 70.9872
2640 70.9816 71.0558
2641 70.9816 71.1009
2642 70.9816 70.9816
2643 70.9816 71.0964
2644 70.9816 71.3077
2645 70.9816 71.1478
2646 70.9816 71.105
2647 70.9816 71.1651
2648 70.9816 70.9816
2649 70.9816 70.9816
2650 70.9816 70.9816
2651 70.9816 71.0004
2652 70.9816 70.9952
2653 70.9816 71.0594
2654 70.9816 71.0315
2655 70.9816 71.1957
2656 70.9816 71.2256
2657 70.9816 71.0195
2658 70.9816 70.9948
2659 70.9816 70.999
2660 70.9816 71.0652
2661 70.9816 71.1798
2662 70.9816 71.1322
2663 70.9816 70.9816
2664 70.9816 71.1467
2665 70.9816 71.3755
2666 70.9816 71.0246
2667 70.9816 71.0489
2668 70.9816 70.9816
2669 70.9816 70.9816
2670 70.9816 71.1305
2671 70.9816 71.0731
2672 70.9816 71.1135
2673 70.9816 71.0831
2674 70.9816 71.096
2675 70.9816 71.1882
2676 70.9816 71.0108
2677 70.9816 70.9816
2678 70.9816 70.9837
2679 70.9816 71.0198
2680 70.9816 71.1056
2681 70.9816 71.2249
2682 70.9816 71.0269
2683 70.9816 71.1027
2684 70.9816 71.1817
2685 70.9816 70.9816
2686 70.9816 70.9816
2687 70.9816 71.0998
2688 70.9816 71.0396
2689 70.9816 70.9816
2690 70.9816 71.0571
2691 70.9816 70.9945
2692 70.9816 71.0582
2693 70.9816 70.9824
2694 70.9816 71.1466
2695 70.9816 71.2356
2696 70.9816 71.1632
2697 70.9816 71.0599
2698 70.9816 71.1431
2699 70.9816 70.9816
2700 70.9816 70.9914
2701 70.9816 71.0165
2702 70.9816 71.1305
2703 70.9816 71.0314
2704 70.9816 71.0073
2705 70.9816 70.9816
2706 70.9816 70.9936
2707 70.9816 71.0555
2708 70.9816 71.0968
2709 70.9816 71.0353
2710 70.9816 70.9816
2711 70.9816 70.9827
2712 70.9816 70.9836
2713 70.9816 70.9816
2714 70.9816 70.9867
2715 70.9816 71.1304
2716 70.9816 71.0212
2717 70.9816 70.9816
2718 70.9816 71.2006
2719 70.9816 71.0386
2720 70.9816 71.1187
2721 70.9816 71.042
2722 70.9816 71.0783
2723 70.9816 71.1366
2724 70.9816 71.0867
2725 70.9816 71.0215
2726 70.9816 71.0949
2727 70.9816 71.0563
2728 70.9816 70.9816
2729 70.9816 71.5055
2730 70.9816 71.1601
2731 70.9816 71.0252
2732 70.9816 71.0834
2733 70.9816 71.0944
2734 70.9816 71.0402
2735 70.9816 71.0097
2736 70.9816 71.18
2737 70.9816 71.211
2738 70.9816 71.0684
2739 70.9816 71.3878
2740 70.9816 71.3035
2741 70.9816 71.3382
2742 70.9816 71.1881
2743 70.9816 71.0848
2744 70.9816 70.9864
2745 70.9816 71.0663
2746 70.9816 71.094
2747 70.9816 71.0823
2748 70.9816 71.0428
2749 70.9816 71.5001
2750 70.9816 71.1558
2751 70.9816 71.0043
2752 70.805 71.1127
2753 70.805 71.1224
2754 70.805 70.971
2755 70.805 70.8674
2756 70.805 71.0664
2757 70.805 70.9795
2758 70.805 70.9548
2759 70.805 70.8506
2760 70.805 71.0462
2761 70.805 70.8218
2762 70.805 70.9294
2763 70.805 70.9632
2764 70.805 71.009
2765 70.805 70.8066
2766 70.805 70.8887
2767 70.805 70.8064
2768 70.805 70.805
2769 70.805 70.805
2770 70.805 70.8897
2771 70.805 70.9227
2772 70.805 70.8273
2773 70.805 70.8061
2774 70.805 71.0636
2775 70.805 70.808
2776 70.805 70.805
2777 70.805 70.8066
2778 70.805 70.8408
2779 70.805 70.8241
2780 70.805 70.805
2781 70.805 70.805
2782 70.805 70.8516
2783 70.805 70.9777
2784 70.805 71.1796
2785 70.805 70.8905
2786 70.805 70.822
2787 70.805 70.8342
2788 70.805 70.8823
2789 70.805 70.9001
2790 70.805 71.4485
2791 70.805 71.2137
2792 70.805 70.8941
2793 70.805 70.8433
2794 70.805 70.8196
2795 70.805 70.8134
2796 70.805 71.2175
2797 70.805 70.8276
2798 70.805 71.0443
2799 70.805 70.8331
2800 70.805 70.8407
2801 70.805 71.1109
2802 70.805 71.0731
2803 70.805 70.8899
2804 70.805 71.0447
2805 70.805 70.9354
2806 70.805 70.9532
2807 70.805 70.8807
2808 70.805 70.8259
2809 70.805 70.8519
2810 70.805 70.8347
2811 70.805 70.9531
2812 70.805 70.9646
2813 70.805 70.8249
2814 70.805 70.8412
2815 70.805 70.8355
2816 70.805 70.805
2817 70.805 70.8466
2818 70.805 70.9783
2819 70.805 70.9253
2820 70.805 70.9014
2821 70.805 71.3575
2822 70.805 70.9912
2823 70.805 70.86
2824 70.805 71.1311
2825 70.805 71.0581
2826 70.805 71.0735
2827 70.805 70.8754
2828 70.805 71.0217
2829 70.805 70.9458
2830 70.805 70.9053
2831 70.805 70.9472
2832 70.805 70.8548
2833 70.805 70.8189
2834 70.805 70.805
2835 70.805 70.8347
2836 70.805 70.8886
2837 70.805 71.0685
2838 70.805 70.9956
2839 70.805 71.0898
2840 70.805 71.2294
2841 70.805 70.9064
2842 70.805 70.9183
2843 70.805 71.0095
2844 70.805 70.8232
2845 70.805 70.8063
2846 70.805 70.9935
2847 70.805 70.9841
2848 70.805 70.9621
2849 70.805 70.8934
2850 70.805 70.928
2851 70.805 70.8171
2852 70.805 70.8319
2853 70.805 70.8397
2854 70.805 70.8766
2855 70.805 70.805
2856 70.805 70.8054
2857 70.805 70.805
2858 70.805 70.805
2859 70.805 70.8341
2860 70.805 70.9513
2861 70.805 70.8447
2862 70.805 70.8058
2863 70.805 70.8069
2864 70.805 70.856
2865 70.805 70.809
2866 70.805 70.9369
2867 70.805 70.9726
2868 70.805 70.9029
2869 70.805 70.8511
2870 70.805 71.1141
2871 70.805 70.8787
2872 70.805 70.805
2873 70.805 70.8689
2874 70.805 70.8196
2875 70.805 70.805
2876 70.805 70.8281
2877 70.805 70.825
2878 70.805 70.9426
2879 70.805 70.9903
2880 70.805 71.015
2881 70.805 70.9303
2882 70.805 70.9221
2883 70.805 70.805
2884 70.805 70.805
2885 70.805 70.9373
2886 70.805 70.9654
2887 70.805 70.805
2888 70.805 70.8055
2889 70.805 70.805
2890 70.805 70.8511
2891 70.805 71.0051
2892 70.805 71.0061
2893 70.805 71.228
2894 70.805 70.9836
2895 70.805 71.1062
2896 70.805 70.9738
2897 70.805 70.821
2898 70.805 70.8876
2899 70.805 70.9022
2900 70.805 70.8702
2901 70.805 70.805
2902 70.805 70.805
2903 70.805 70.8229
2904 70.805 70.8125
2905 70.805 70.8247
2906 70.805 70.8602
2907 70.805 70.8983
2908 70.805 70.873
2909 70.805 70.9479
2910 70.805 71.0402
2911 70.805 70.8736
2912 70.805 70.8266
2913 70.805 70.9713
2914 70.805 71.2318
2915 70.805 70.8288
2916 70.805 70.8243
2917 70.805 70.9778
2918 70.805 70.8554
2919 70.805 70.805
2920 70.805 70.805
2921 70.805 70.8281
2922 70.805 70.9253
2923 70.805 70.9118
2924 70.805 71.0241
2925 70.805 71.3046
2926 70.805 71.1203
2927 70.805 70.942
2928 70.805 70.865
2929 70.805 70.8745
2930 70.805 70.9114
2931 70.805 70.9075
2932 70.805 70.8577
2933 70.805 70.805
2934 70.805 70.805
2935 70.805 70.8313
2936 70.805 70.8474
2937 70.805 70.8659
2938 70.805 70.8169
2939 70.805 71.0756
2940 70.805 71.1009
2941 70.805 70.8137
2942 70.805 70.9859
2943 70.805 70.9764
2944 70.805 71.1152
2945 70.805 70.805
2946 70.805 70.805
2947 70.805 70.805
2948 70.805 70.805
2949 70.805 70.8501
2950 70.805 70.8879
2951 70.805 71.147
2952 70.805 70.9562
2953 70.805 70.93
2954 70.805 70.8331
2955 70.805 70.805
2956 70.805 70.805
2957 70.805 70.8433
2958 70.805 70.805
2959 70.805 70.8114
2960 70.805 70.9721
2961 70.805 70.9498
2962 70.805 70.8781
2963 70.805 70.8653
2964 70.805 70.805
2965 70.805 70.805
2966 70.805 70.805
2967 70.805 70.805
2968 70.805 70.805
2969 70.805 70.805
2970 70.805 70.8307
2971 70.805 70.805
2972 70.805 70.805
2973 70.805 70.8186
2974 70.805 70.8247
2975 70.805 70.8471
2976 70.805 70.805
2977 70.805 70.8231
2978 70.805 70.8608
2979 70.805 70.8684
2980 70.805 70.8339
2981 70.805 70.8159
2982 70.805 70.935
2983 70.805 70.805
2984 70.805 70.8279
2985 70.805 70.805
2986 70.805 70.8138
2987 70.805 70.8674
2988 70.805 70.9131
2989 70.805 70.805
2990 70.805 71.1731
2991 70.805 70.8261
2992 70.805 70.9342
2993 70.805 70.8602
2994 70.805 70.8257
2995 70.805 70.9189
2996 70.805 70.9601
2997 70.805 70.8094
2998 70.805 70.908
2999 70.805 70.8823
3000 70.805 70.985
3001 70.805 71.0038
3002 70.805 70.8775
3003 70.805 71.0874
3004 70.805 70.9619
3005 70.805 70.805
3006 70.805 70.805
3007 70.805 70.8582
3008 70.805 70.8622
3009 70.805 70.9997
3010 70.805 70.8313
3011 70.805 70.9519
3012 70.805 70.9607
3013 70.805 70.8646
3014 70.805 71.0416
3015 70.805 70.8275
3016 70.805 70.8406
3017 70.805 70.9104
3018 70.805 70.8088
3019 70.805 70.887
3020 70.805 70.805
3021 70.805 70.805
3022 70.805 70.9271
3023 70.805 70.8732
3024 70.805 70.8125
3025 70.805 70.8397
3026 70.805 70.805
3027 70.805 70.8204
3028 70.805 70.805
3029 70.805 71.0556
3030 70.805 70.8127
3031 70.805 71.0475
3032 70.805 71.2107
3033 70.805 70.821
3034 70.805 70.9081
3035 70.805 70.8341
3036 70.805 70.805
3037 70.805 70.836
3038 70.805 70.8075
3039 70.805 70.8081
3040 70.805 71.186
3041 70.805 71.1537
3042 70.805 70.9274
3043 70.805 71.1304
3044 70.805 70.9598
3045 70.805 70.9634
3046 70.805 70.8808
3047 70.805 70.8926
3048 70.805 70.8666
3049 70.805 70.8407
3050 70.805 70.805
3051 70.805 70.805
3052 70.805 70.805
3053 70.805 70.8197
3054 70.805 70.805
3055 70.805 70.805
3056 70.805 70.805
3057 70.805 71.0123
3058 70.805 70.8285
3059 70.805 71.0798
3060 70.805 70.8398
3061 70.805 70.858
3062 70.805 70.805
3063 70.805 70.8353
3064 70.805 70.9042
3065 70.805 70.866
3066 70.805 70.988
3067 70.805 70.9314
3068 70.805 70.9287
3069 70.805 70.8296
3070 70.805 70.9003
3071 70.805 70.8356
3072 70.805 70.8929
3073 70.805 70.9487
3074 70.805 70.9074
3075 70.805 70.988
3076 70.805 71.0867
3077 70.805 71.0089
3078 70.805 70.9168
3079 70.805 70.8768
3080 70.805 70.8853
3081 70.805 70.8552
3082 70.805 70.8293
3083 70.805 71.0456
3084 70.805 70.8225
3085 70.805 70.8289
3086 70.805 70.8212
3087 70.805 70.8769
3088 70.805 70.9309
3089 70.805 71.0973
3090 70.805 70.9747
3091 70.805 70.8062
3092 70.805 70.8172
3093 70.805 70.9397
3094 70.805 70.8963
3095 70.805 71.3078
3096 70.805 71.0918
3097 70.805 71.1628
3098 70.805 70.9555
3099 70.805 71.2337
3100 70.805 70.892
3101 70.805 70.9088
3102 70.805 70.8692
3103 70.805 70.8061
3104 70.805 70.8072
3105 70.805 70.8135
3106 70.805 70.805
3107 70.805 70.8243
3108 70.805 70.8219
3109 70.805 70.8148
3110 70.805 70.8142
3111 70.805 70.8133
3112 70.805 70.8697
3113 70.805 70.9964
3114 70.805 71.0177
3115 70.805 71.0701
3116 70.805 71.2586
3117 70.805 70.8979
3118 70.805 70.9991
3119 70.805 70.8947
3120 70.805 70.9125
3121 70.805 71.2606
3122 70.805 71.2166
3123 70.805 71.047
3124 70.805 70.8805
3125 70.805 71.1638
3126 70.805 70.805
3127 70.805 70.805
3128 70.805 70.9361
3129 70.805 70.8258
3130 70.805 70.805
3131 70.805 70.8111
3132 70.805 70.8312
3133 70.805 70.805
3134 70.805 70.843
3135 70.805 70.8263
3136 70.805 71.006
3137 70.805 71.0314
3138 70.805 71.0156
3139 70.805 71.0713
3140 70.805 71.4095
3141 70.805 71.1343
3142 70.805 70.8932
3143 70.805 70.8726
3144 70.805 71.0456
3145 70.805 71.0128
3146 70.805 70.9607
3147 70.805 70.805
3148 70.805 70.823
3149 70.805 70.8401
3150 70.805 70.805
3151 70.805 70.8097
3152 70.805 70.805
3153 70.805 70.9025
3154 70.805 70.9857
3155 70.805 70.8424
3156 70.805 70.805
3157 70.805 70.805
3158 70.805 70.8894
3159 70.805 70.9314
3160 70.805 70.9269
3161 70.805 70.8876
3162 70.805 70.8249
3163 70.805 70.993
3164 70.805 70.84
3165 70.805 70.8724
3166 70.805 71.1344
3167 70.805 70.9176
3168 70.805 70.8326
3169 70.805 70.805
3170 70.805 70.805
3171 70.805 70.8238
3172 70.805 70.8184
3173 70.805 70.8428
3174 70.805 70.9327
3175 70.805 70.8066
3176 70.805 70.8115
3177 70.805 70.8136
3178 70.805 71.0043
3179 70.805 70.8662
3180 70.805 70.9426
3181 70.805 71.2439
3182 70.805 71.0967
3183 70.805 71.0129
3184 70.805 70.8331
3185 70.805 71.3241
3186 70.805 71.0766
3187 70.805 70.8619
3188 70.805 70.8726
3189 70.805 70.9536
3190 70.805 70.805
3191 70.805 70.805
3192 70.805 70.8336
3193 70.805 70.8074
3194 70.805 70.9158
3195 70.805 70.8972
3196 70.805 70.8666
3197 70.805 70.8846
3198 70.805 70.8369
3199 70.805 70.8179
3200 70.805 70.805
3201 70.805 70.8259
3202 70.805 70.8158
3203 70.805 70.8174
3204 70.805 70.805
3205 70.805 70.8464
3206 70.805 70.8813
3207 70.805 70.8369
3208 70.805 70.9981
3209 70.805 70.805
3210 70.805 71.0753
3211 70.805 71.0234
3212 70.805 71.1742
3213 70.805 70.9875
3214 70.805 70.9119
3215 70.805 70.8979
3216 70.805 70.805
3217 70.805 70.8111
3218 70.805 70.9105
3219 70.805 70.9288
3220 70.805 70.9327
3221 70.805 70.8841
3222 70.805 70.9614
3223 70.805 70.8829
3224 70.805 70.828
3225 70.805 70.8483
3226 70.805 70.9526
3227 70.805 70.805
3228 70.805 70.805
3229 70.805 70.805
3230 70.805 70.805
3231 70.805 70.805
3232 70.805 70.805
3233 70.805 70.8216
3234 70.805 70.8104
3235 70.805 70.8107
3236 70.805 70.805
3237 70.805 70.9078
3238 70.805 70.8649
3239 70.805 70.9246
3240 70.805 70.8539
3241 70.805 70.9928
3242 70.805 70.9823
3243 70.805 71.0466
3244 70.805 70.8706
3245 70.805 70.8321
3246 70.805 70.9488
3247 70.805 70.805
3248 70.805 70.805
3249 70.805 70.8461
3250 70.805 70.963
3251 70.805 70.9935
3252 70.805 70.8969
3253 70.805 71.0035
3254 70.805 70.9165
3255 70.805 70.9209
3256 70.805 70.9509
3257 70.805 70.9365
3258 70.805 70.8516
3259 70.805 70.8971
3260 70.805 70.805
3261 70.805 70.8618
3262 70.805 70.9671
3263 70.805 70.8659
3264 70.805 70.8197
3265 70.805 70.854
3266 70.805 70.8225
3267 70.805 70.805
3268 70.805 70.9186
3269 70.805 71.0096
3270 70.805 70.8801
3271 70.805 70.9817
3272 70.805 70.8367
3273 70.805 70.8976
3274 70.805 70.8116
3275 70.805 70.8188
3276 70.805 70.9144
3277 70.805 70.8953
3278 70.805 71.0501
3279 70.805 70.9391
3280 70.805 70.805
3281 70.805 70.805
3282 70.805 70.805
3283 70.805 70.8736
3284 70.805 70.8213
3285 70.805 70.8341
3286 70.805 70.821
3287 70.805 70.8146
3288 70.805 71.0347
3289 70.805 70.805
3290 70.805 70.8056
3291 70.805 71.0793
3292 70.805 70.9902
3293 70.805 70.8673
3294 70.805 70.8447
3295 70.805 71.0385
3296 70.805 71.1332
3297 70.805 71.1364
3298 70.805 70.8666
3299 70.805 71.0126
3300 70.805 70.9584
3301 70.805 70.8297
3302 70.805 70.805
3303 70.805 70.8352
3304 70.805 70.8271
3305 70.805 70.8533
3306 70.805 70.8449
3307 70.805 71.0727
3308 70.805 70.8557
3309 70.805 70.805
3310 70.805 70.805
3311 70.805 70.8586
3312 70.805 70.8371
3313 70.805 70.8762
3314 70.805 70.9459
3315 70.805 70.8661
3316 70.805 70.8311
3317 70.805 70.8129
3318 70.805 70.805
3319 70.805 70.805
3320 70.805 70.805
3321 70.805 70.805
3322 70.805 70.805
3323 70.805 70.805
3324 70.805 70.805
3325 70.805 70.8492
3326 70.805 70.8324
3327 70.805 70.8374
3328 70.805 70.8351
3329 70.805 70.9896
3330 70.805 70.8824
3331 70.805 70.9604
3332 70.805 70.8127
3333 70.805 70.9618
3334 70.805 70.805
3335 70.805 70.9518
3336 70.805 71.1889
3337 70.805 70.9128
3338 70.805 70.805
3339 70.805 70.805
3340 70.805 70.805
3341 70.805 70.8142
3342 70.805 70.815
3343 70.805 70.805
3344 70.805 70.805
3345 70.805 70.968
3346 70.805 70.8678
3347 70.805 70.9117
3348 70.805 70.9252
3349 70.805 70.8301
3350 70.805 70.8403
3351 70.805 70.9298
3352 70.805 70.8617
3353 70.805 70.9375
3354 70.805 71.0175
3355 70.805 70.9124
3356 70.805 70.805
3357 70.805 70.805
3358 70.805 70.805
3359 70.805 70.8962
3360 70.805 71.0411
3361 70.805 71.0447
3362 70.805 71.0068
3363 70.805 70.8507
3364 70.805 70.8831
3365 70.805 70.805
3366 70.805 70.8106
3367 70.805 70.9338
3368 70.805 70.8817
3369 70.805 70.8062
3370 70.805 70.8199
3371 70.805 70.8623
3372 70.805 70.83
3373 70.805 70.8619
3374 70.805 70.8213
3375 70.805 70.805
3376 70.805 70.8107
3377 70.805 70.8434
3378 70.805 70.9249
3379 70.805 70.8234
3380 70.805 70.8122
3381 70.805 70.8131
3382 70.805 70.8263
3383 70.805 70.805
3384 70.805 70.805
3385 70.805 70.8237
3386 70.805 70.805
3387 70.805 70.8691
3388 70.805 70.9099
3389 70.805 71.1418
3390 70.805 70.8506
3391 70.805 70.8366
3392 70.805 70.966
3393 70.805 70.8825
3394 70.805 71.0979
3395 70.805 70.8932
3396 70.805 70.9282
3397 70.805 70.8538
3398 70.805 70.9179
3399 70.805 70.8767
3400 70.805 70.8789
3401 70.805 70.8095
3402 70.805 71.0574
3403 70.805 70.8589
3404 70.805 70.8152
3405 70.805 70.8975
3406 70.805 70.8103
3407 70.805 70.805
3408 70.805 70.8559
3409 70.805 71.0975
3410 70.805 70.8073
3411 70.805 70.805
3412 70.805 70.8548
3413 70.805 70.8371
3414 70.805 70.8084
3415 70.805 70.8565
3416 70.805 70.805
3417 70.805 71.0103
3418 70.805 70.8157
3419 70.805 70.8184
3420 70.805 70.805
3421 70.805 70.9404
3422 70.805 71.1807
3423 70.805 71.1473
3424 70.805 70.9052
3425 70.805 70.8652
3426 70.805 70.805
3427 70.805 70.805
3428 70.805 70.8191
3429 70.805 70.9342
3430 70.805 70.8595
3431 70.805 70.9174
3432 70.805 71.0043
3433 70.805 70.8336
3434 70.805 71.1149
3435 70.805 70.805
3436 70.805 70.805
3437 70.805 70.805
3438 70.805 71.0706
3439 70.805 71.0685
3440 70.805 70.8969
3441 70.805 71.0203
3442 70.805 70.805
3443 70.805 70.8291
3444 70.805 70.9079
3445 70.805 70.8665
3446 70.805 70.805
3447 70.805 70.8334
3448 70.805 70.8227
3449 70.805 70.805
3450 70.805 70.8594
3451 70.805 70.8143
3452 70.805 70.9467
3453 70.805 71.0256
3454 70.805 70.9542
3455 70.805 70.8075
3456 70.805 70.956
3457 70.805 71.0345
3458 70.805 70.8323
3459 70.805 70.8066
3460 70.805 70.8221
3461 70.805 70.805
3462 70.805 70.8366
3463 70.805 70.8471
3464 70.805 70.8192
3465 70.805 70.8789
3466 70.805 70.8619
3467 70.805 71.0969
3468 70.805 70.8344
3469 70.805 70.8255
3470 70.805 71.0121
3471 70.805 71.0206
3472 70.805 70.9188
3473 70.805 70.8797
3474 70.805 71.0095
3475 70.805 70.9016
3476 70.805 70.8256
3477 70.805 70.8658
3478 70.805 70.8172
3479 70.805 70.805
3480 70.805 70.805
3481 70.805 70.8552
3482 70.805 70.8052
3483 70.805 70.8289
3484 70.805 70.805
3485 70.805 70.805
3486 70.805 70.805
3487 70.805 70.8328
3488 70.805 70.9158
3489 70.805 70.9388
3490 70.805 70.8421
3491 70.805 70.805
3492 70.805 70.85
3493 70.805 70.805
3494 70.805 70.805
3495 70.805 70.9851
3496 70.805 70.859
3497 70.805 70.9076
3498 70.805 70.96
3499 70.805 71.0387
3500 70.805 70.8416
3501 70.805 70.834
3502 70.805 70.913
3503 70.805 70.9067
3504 70.805 70.8349
3505 70.805 70.8702
3506 70.805 70.8615
3507 70.805 71.0266
3508 70.805 71.1728
3509 70.805 70.9635
3510 70.805 70.9011
3511 70.805 70.8124
3512 70.805 70.8525
3513 70.805 70.8899
3514 70.805 70.8389
3515 70.805 70.9485
3516 70.805 70.8482
3517 70.805 70.8345
3518 70.805 70.805
3519 70.805 70.805
3520 70.805 70.8616
3521 70.805 70.8181
3522 70.805 70.8905
3523 70.805 70.8151
3524 70.805 70.8702
3525 70.805 70.8467
3526 70.805 70.8434
3527 70.805 70.8655
3528 70.805 70.9146
3529 70.805 70.8167
3530 70.805 70.8418
3531 70.805 70.9077
3532 70.805 70.805
3533 70.805 70.805
3534 70.805 70.8439
3535 70.805 70.805
3536 70.805 70.9602
3537 70.805 70.9519
3538 70.805 70.9512
3539 70.805 70.8998
3540 70.805 70.805
3541 70.805 70.805
3542 70.805 70.876
3543 70.805 70.8962
3544 70.805 70.8967
3545 70.805 70.8171
3546 70.805 70.805
3547 70.805 70.805
3548 70.805 70.8319
3549 70.805 71.1342
3550 70.805 71.0391
3551 70.805 70.9256
3552 70.805 71.2413
3553 70.805 70.8573
3554 70.805 70.805
3555 70.805 70.805
3556 70.805 70.8435
3557 70.805 70.8681
3558 70.805 71.0321
3559 70.805 70.8341
3560 70.805 70.8315
3561 70.805 70.805
3562 70.805 70.8079
3563 70.805 70.8274
3564 70.805 70.9321
3565 70.805 70.8335
3566 70.805 70.9265
3567 70.805 70.8176
3568 70.805 70.812
3569 70.805 70.8187
3570 70.805 70.9241
3571 70.805 70.8355
3572 70.805 70.8383
3573 70.805 70.8093
3574 70.805 70.8764
3575 70.805 70.8409
3576 70.805 70.8321
3577 70.805 70.805
3578 70.805 70.9316
3579 70.805 71.0184
3580 70.805 71.1714
3581 70.805 70.8479
3582 70.805 70.8086
3583 70.805 70.805
3584 70.805 70.8051
3585 70.805 70.805
3586 70.805 70.8445
3587 70.805 70.9165
3588 70.805 70.9176
3589 70.805 70.805
3590 70.805 70.805
3591 70.805 70.8919
3592 70.805 70.9359
3593 70.805 70.8734
3594 70.805 70.912
3595 70.805 71.0769
3596 70.805 70.914
3597 70.805 70.905
3598 70.805 70.8137
3599 70.805 70.8145
3600 70.805 70.8237
3601 70.805 70.8626
3602 70.805 70.8338
3603 70.805 71.058
3604 70.805 71.0355
3605 70.805 71.0281
3606 70.805 70.9501
3607 70.805 70.8373
3608 70.805 70.8748
3609 70.805 70.805
3610 70.805 70.944
3611 70.805 71.1179
3612 70.805 71.0147
3613 70.805 70.8211
3614 70.805 70.9161
3615 70.805 70.8789
3616 70.805 70.9252
3617 70.805 70.8378
3618 70.805 70.805
3619 70.805 70.8386
3620 70.805 70.848
3621 70.805 70.8982
3622 70.805 70.8556
3623 70.805 70.8574
3624 70.805 70.8758
3625 70.805 70.805
3626 70.805 70.8243
3627 70.805 70.8353
3628 70.805 70.8787
3629 70.805 70.805
3630 70.805 70.805
3631 70.805 70.8169
3632 70.805 70.8594
3633 70.805 70.8083
3634 70.805 70.9085
3635 70.805 70.9628
3636 70.805 70.891
3637 70.805 70.8157
3638 70.805 70.8869
3639 70.805 70.805
3640 70.805 70.9744
3641 70.805 70.9241
3642 70.805 70.805
3643 70.805 70.805
3644 70.805 70.8205
3645 70.805 71.0627
3646 70.805 71.2618
3647 70.805 71.3084
3648 70.805 70.8424
3649 70.805 70.9542
3650 70.805 70.9844
3651 70.805 70.9059
3652 70.805 71.0266
3653 70.805 70.9725
3654 70.805 70.9903
3655 70.805 70.9089
3656 70.805 70.805
3657 70.805 70.805
3658 70.805 70.8146
3659 70.805 70.8923
3660 70.805 70.9603
3661 70.805 70.8714
3662 70.805 70.8177
3663 70.805 71.0003
3664 70.805 70.9901
3665 70.805 70.8068
3666 70.805 70.805
3667 70.805 70.8081
3668 70.805 71.0621
3669 70.805 70.9666
3670 70.805 71.0334
3671 70.805 70.8235
3672 70.805 70.805
3673 70.805 70.805
3674 70.805 70.87
3675 70.805 70.8104
3676 70.805 70.8269
3677 70.805 71.0065
3678 70.805 70.8597
3679 70.805 70.805
3680 70.805 70.8364
3681 70.805 70.818
3682 70.805 70.805
3683 70.805 70.8106
3684 70.805 70.8883
3685 70.805 70.8734
3686 70.805 70.8671
3687 70.805 70.805
3688 70.805 70.805
3689 70.805 70.8742
3690 70.805 70.805
3691 70.805 70.805
3692 70.805 70.805
3693 70.805 70.8556
3694 70.805 70.805
3695 70.805 70.8067
3696 70.805 70.845
3697 70.805 70.912
3698 70.805 70.8488
3699 70.805 70.9659
3700 70.805 70.888
3701 70.805 70.9281
3702 70.805 70.9466
3703 70.805 70.805
3704 70.805 70.9007
3705 70.805 70.8075
3706 70.805 70.805
3707 70.805 70.8103
3708 70.805 70.9702
3709 70.805 71.0133
3710 70.805 70.908
3711 70.805 70.805
3712 70.805 70.8245
3713 70.805 70.8836
3714 70.805 70.8385
3715 70.805 70.8474
3716 70.805 70.8334
3717 70.805 70.9335
3718 70.805 71.0305
3719 70.805 70.9181
3720 70.805 70.8128
3721 70.805 71.0102
3722 70.805 70.9389
3723 70.805 70.8715
3724 70.805 70.829
3725 70.805 70.8377
3726 70.805 70.805
3727 70.805 70.8453
3728 70.805 70.9078
3729 70.805 70.8305
3730 70.805 70.805
3731 70.805 70.805
3732 70.805 70.8216
3733 70.805 70.805
3734 70.805 70.805
3735 70.805 71.0168
3736 70.805 71.078
3737 70.805 71.0993
3738 70.805 70.8314
3739 70.805 70.805
3740 70.805 70.8306
3741 70.805 70.805
3742 70.805 70.805
3743 70.805 70.805
3744 70.805 70.805
3745 70.805 70.805
3746 70.805 70.9027
3747 70.805 70.805
3748 70.805 70.8604
3749 70.805 70.8312
3750 70.805 70.8064
3751 70.805 70.8185
3752 70.805 70.8223
3753 70.805 70.8335
3754 70.805 70.8634
3755 70.805 70.8238
3756 70.805 70.8422
3757 70.805 70.8087
3758 70.805 70.805
3759 70.805 70.805
3760 70.805 70.9256
3761 70.805 70.8391
3762 70.805 70.9508
3763 70.805 71.1114
3764 70.805 71.0269
3765 70.805 70.8909
3766 70.805 70.8679
3767 70.805 70.9826
3768 70.805 70.971
3769 70.805 70.8385
3770 70.805 70.8466
3771 70.805 71.216
3772 70.805 70.9213
3773 70.805 70.805
3774 70.805 70.805
3775 70.805 70.9039
3776 70.805 70.8825
3777 70.805 70.887
3778 70.805 70.8282
3779 70.805 70.805
3780 70.805 70.805
3781 70.805 70.8142
3782 70.805 70.805
3783 70.805 70.8353
3784 70.805 70.837
3785 70.805 70.8176
3786 70.805 70.9328
3787 70.805 70.9729
3788 70.805 70.9352
3789 70.805 70.9435
3790 70.805 71.0029
3791 70.805 71.1898
3792 70.805 71.2306
3793 70.805 71.0449
3794 70.805 70.9977
3795 70.805 70.9316
3796 70.805 71.2078
3797 70.805 71.2831
3798 70.805 70.8607
3799 70.805 70.805
3800 70.805 70.805
3801 70.805 70.9225
3802 70.805 70.9492
3803 70.805 71.0385
3804 70.805 71.0115
3805 70.805 70.8305
3806 70.805 70.8589
3807 70.805 70.837
3808 70.805 70.8726
3809 70.805 70.816
3810 70.805 70.8313
3811 70.805 70.8265
3812 70.805 70.8364
3813 70.805 70.805
3814 70.805 70.9272
3815 70.805 70.9268
3816 70.805 70.805
3817 70.805 70.805
3818 70.805 70.8748
3819 70.805 71.0632
3820 70.805 70.9814
3821 70.805 70.9996
3822 70.805 70.879
3823 70.805 70.805
3824 70.805 70.81
3825 70.805 70.9098
3826 70.805 70.906
3827 70.805 70.9964
3828 70.805 70.905
3829 70.805 70.996
3830 70.805 70.8195
3831 70.805 70.805
3832 70.805 70.8854
3833 70.805 70.805
3834 70.805 70.8675
3835 70.805 71.1386
3836 70.805 71.1707
3837 70.805 71.0465
3838 70.805 71.164
3839 70.805 70.9287
3840 70.805 70.821
3841 70.805 70.8343
3842 70.805 70.8502
3843 70.805 70.805
3844 70.805 70.8706
3845 70.805 70.8562
3846 70.805 70.827
3847 70.805 70.9146
3848 70.805 70.888
3849 70.805 70.8821
3850 70.805 70.8469
3851 70.805 71.1231
3852 70.805 71.3512
3853 70.805 70.8756
3854 70.805 71.1669
3855 70.805 70.9137
3856 70.805 70.9784
3857 70.805 70.8199
3858 70.805 70.805
3859 70.805 70.9105
3860 70.805 70.8542
3861 70.805 71.0853
3862 70.805 70.8165
3863 70.805 70.8423
3864 70.805 70.8677
3865 70.805 70.9265
3866 70.805 70.815
3867 70.805 70.8438
3868 70.805 70.8121
3869 70.805 70.8883
3870 70.805 70.866
3871 70.805 70.8976
3872 70.805 70.8923
3873 70.805 70.917
3874 70.805 71.1225
3875 70.805 71.0238
3876 70.805 70.9325
3877 70.805 71.0147
3878 70.805 70.805
3879 70.805 70.8831
3880 70.805 70.8134
3881 70.805 70.8499
3882 70.805 70.8458
3883 70.805 70.814
3884 70.805 70.8064
3885 70.805 70.805
3886 70.805 70.805
3887 70.805 70.8754
3888 70.805 70.805
3889 70.805 70.805
3890 70.805 70.805
3891 70.805 70.805
3892 70.805 70.805
3893 70.805 70.805
3894 70.805 71.0016
3895 70.805 70.9308
3896 70.805 70.805
3897 70.805 70.8152
3898 70.805 70.8859
3899 70.805 70.8615
3900 70.805 70.8539
3901 70.805 70.8706
3902 70.805 70.8696
3903 70.805 70.9886
3904 70.805 70.9743
3905 70.805 70.9622
3906 70.805 70.8546
3907 70.805 70.9451
3908 70.805 70.8076
3909 70.805 70.805
3910 70.805 70.903
3911 70.805 70.8569
3912 70.805 70.8939
3913 70.805 70.8331
3914 70.805 70.8458
3915 70.805 70.815
3916 70.805 70.9661
3917 70.805 70.805
3918 70.805 70.8644
3919 70.805 70.8491
3920 70.805 70.8234
3921 70.805 70.9472
3922 70.805 70.9631
3923 70.805 70.9212
3924 70.805 70.9139
3925 70.805 70.9105
3926 70.805 70.8823
3927 70.805 70.8142
3928 70.805 70.805
3929 70.805 70.8499
3930 70.805 70.8345
3931 70.805 70.887
3932 70.805 70.8806
3933 70.805 70.821
3934 70.805 70.8218
3935 70.805 70.8267
3936 70.805 70.9373
3937 70.805 70.805
3938 70.805 70.805
3939 70.805 70.9344
3940 70.805 70.8795
3941 70.805 70.9255
3942 70.805 70.8085
3943 70.805 70.941
3944 70.805 70.9544
3945 70.805 70.8683
3946 70.805 70.805
3947 70.805 70.939
3948 70.805 70.805
3949 70.805 70.805
3950 70.805 70.8259
3951 70.805 70.9714
3952 70.805 70.8696
3953 70.805 70.8568
3954 70.805 70.8233
3955 70.805 70.8267
3956 70.805 70.8203
3957 70.805 70.805
3958 70.805 70.805
3959 70.805 70.8436
3960 70.805 70.8307
3961 70.805 70.8888
3962 70.805 70.805
3963 70.805 70.8092
3964 70.805 70.819
3965 70.805 70.8221
3966 70.805 70.9144
3967 70.805 71.0025
3968 70.805 70.8119
3969 70.805 71.1898
3970 70.805 70.9588
3971 70.805 70.8451
3972 70.805 70.8234
3973 70.805 70.8066
3974 70.805 70.8051
3975 70.805 70.805
3976 70.805 70.8255
3977 70.805 70.8118
3978 70.805 71.2313
3979 70.805 71.2306
3980 70.805 70.9565
3981 70.805 70.9038
3982 70.805 70.8385
3983 70.805 70.9156
3984 70.805 70.8368
3985 70.805 70.8215
3986 70.805 70.8579
3987 70.805 70.9963
3988 70.805 70.805
3989 70.805 70.8057
3990 70.805 70.8057
3991 70.805 71.1633
3992 70.805 70.9088
3993 70.805 70.8968
3994 70.805 70.8316
3995 70.805 70.8093
3996 70.805 70.8471
3997 70.805 70.8705
3998 70.805 70.8181
3999 70.805 70.8993
