0 410.531 461.811
1 398.78 435.386
2 386.74 413.364
3 376.59 397.877
4 363.221 386.041
5 345.46 375.713
6 339.314 360.855
7 332.479 349.033
8 323.407 339.966
9 315.989 333.356
10 308.794 324.16
11 302.834 316.692
12 300.957 310.821
13 296.005 306.015
14 288.736 301.503
15 284.148 295.689
16 274.414 289.964
17 269.718 284.16
18 264.515 276.924
19 260.352 271.532
20 252.166 267.605
21 248.79 262.04
22 242.278 255.64
23 237.289 249.521
24 236.569 244.349
25 233.863 240.199
26 230.748 237.708
27 226.779 235.049
28 224.71 232.952
29 216.364 230.513
30 208.617 225.86
31 204.641 219.081
32 202.873 211.923
33 198.617 207.3
34 196.485 203.302
35 194.806 200.942
36 192.675 198.44
37 188.497 196.159
38 188.497 194.39
39 185.527 191.422
40 183.984 188.902
41 182.506 186.644
42 180.893 184.885
43 178.61 182.961
44 177.077 181.244
45 175.793 180.083
46 173.219 178.216
47 167.868 176.312
48 165.074 172.998
49 159.417 169.908
50 159.359 166.203
51 157.691 162.119
52 155.294 159.616
53 154.235 158.301
54 152.449 157.122
55 152.449 156.38
56 151.35 154.459
57 150.933 153.224
58 150.498 152.496
59 149.884 151.569
60 149.333 151.002
61 148.233 150.453
62 147.608 149.731
63 145.466 149.134
64 143.592 147.985
65 141.401 146.578
66 138.576 145.722
67 138.365 144.468
68 137.005 142.793
69 136.721 141.367
70 136.18 139.869
71 134.67 138.474
72 132.63 137.28
73 130.736 135.817
74 128.733 134.223
75 128.733 132.074
76 128.733 130.465
77 127.466 129.358
78 127.41 128.956
79 125.045 128.077
80 123.722 127.356
81 121.962 126.007
82 121.962 124.922
83 121.171 123.861
84 121.171 122.855
85 120.621 122.227
86 120.618 121.927
87 120.068 121.237
88 120.068 121.284
89 119.107 120.768
90 119.009 120.139
91 118.14 119.75
92 115.286 119.213
93 115.223 118.335
94 114.22 117.02
95 114.156 115.816
96 112.734 115.052
97 112.359 114.551
98 110.812 113.858
99 110.771 113.656
100 110.771 112.43
101 109.868 112.128
102 108.866 111.152
103 108.2 110.641
104 107.749 110.395
105 107.083 110.206
106 107.083 108.982
107 106.409 108.091
108 106.188 107.351
109 106.079 106.761
110 104.03 106.566
111 103.84 105.893
112 103.712 105.12
113 101.612 104.325
114 101.485 103.816
115 101.485 103.014
116 101.268 102.219
117 99.6755 101.878
118 98.3396 101.47
119 98.123 100.332
120 97.5796 99.3026
121 97.5796 99.1153
122 97.5796 100.954
123 97.5796 101.199
124 96.8187 100.116
125 96.8187 99.0655
126 96.1573 97.6577
127 95.7514 97.2336
128 95.7514 96.5425
129 95.4689 96.2144
130 94.2506 95.9273
131 94.2506 95.6028
132 93.6334 95.0975
133 93.3704 94.4544
134 92.9454 93.9516
135 92.9454 93.5058
136 92.9454 93.2298
137 92.7152 93.0813
138 92.5514 93.0049
139 91.484 92.8563
140 91.215 92.5054
141 90.9315 92.1694
142 90.9315 91.7319
143 90.9315 91.4232
144 90.4872 91.2919
145 90.4872 90.9646
146 89.7381 90.6504
147 89.0392 90.4363
148 88.7789 89.9627
149 88.5752 89.4516
150 88.3206 89.1259
151 88.3206 88.9371
152 88.0885 88.641
153 88.0885 88.3737
154 87.5224 88.2561
155 87.465 88.212
156 87.3407 87.9192
157 86.7172 87.6044
158 86.0302 87.2425
159 85.4542 86.933
160 85.4542 86.3909
161 85.428 85.875
162 84.8519 85.6665
163 84.8519 85.4178
164 84.583 85.0852
165 84.583 84.9744
166 83.8533 84.7435
167 83.6878 84.4764
168 83.3996 84.2226
169 83.3996 84.0229
170 83.2342 83.6907
171 83.1638 83.7612
172 82.949 83.5145
173 82.7131 83.4565
174 82.7131 83.5709
175 82.7131 83.1861
176 82.2823 82.9091
177 82.2823 82.767
178 81.4665 82.4634
179 81.4665 82.2786
180 81.4665 82.0323
181 81.3567 81.8771
182 81.2513 81.6461
183 81.2035 81.5238
184 80.3363 81.6434
185 80.0732 81.4524
186 80.0732 80.8153
187 80.0732 80.3934
188 80.0732 80.2062
189 79.9641 80.1744
190 79.9641 80.0723
191 79.9606 80.0051
192 79.955 80.0066
193 79.7703 80.1524
194 79.7703 80.3082
195 79.5373 80.5455
196 78.3542 80.2049
197 78.3542 80.0107
198 78.1638 79.3217
199 77.7404 79.1943
200 77.7404 78.8799
201 77.5631 78.7659
202 77.5631 78.6137
203 76.7662 78.0234
204 76.7662 77.882
205 76.7288 77.6606
206 76.7288 77.2875
207 76.3758 77.0474
208 76.3758 76.7597
209 76.3758 76.69
210 76.3758 76.5144
211 76.3758 76.527
212 75.9971 76.415
213 75.9971 76.374
214 75.9971 76.6014
215 75.7407 76.1625
216 75.362 76.0621
217 75.362 76.1248
218 75.2909 75.8124
219 75.06 75.7224
220 75.06 75.4327
221 75.06 75.44
222 75.06 75.4683
223 75.06 75.3182
224 75.06 75.3362
225 75.06 75.3242
226 75.06 75.2921
227 75.06 75.191
228 75.06 75.2594
229 73.9276 75.0969
230 73.8093 74.9726
231 73.8093 74.5443
232 73.8093 74.1055
233 73.8093 73.8863
234 73.8093 73.8525
235 73.8093 73.8519
236 73.8093 73.8103
237 73.8093 73.8093
238 73.8093 73.8423
239 73.8093 74.0725
240 73.8093 73.8484
241 73.8093 73.8238
242 73.6304 73.8831
243 73.6304 73.8721
244 73.2977 73.7121
245 73.2977 73.6304
246 73.2977 73.485
247 73.2977 73.4202
248 73.2977 73.367
249 73.2977 73.5578
250 73.2977 73.4888
251 73.2977 73.3744
252 73.2977 73.4111
253 73.2977 73.3212
254 73.2977 73.3052
255 73.2977 73.2977
256 73.2977 73.2977
257 73.2977 73.2977
258 73.2977 73.3882
259 73.2977 73.3082
260 73.2977 73.3493
261 73.2977 73.3239
262 73.2977 73.2985
263 73.2977 73.3239
264 73.2977 73.2977
265 73.2977 73.2979
266 73.2977 73.3018
267 73.2977 73.2977
268 73.2977 73.3447
269 73.2977 73.3336
270 73.2977 73.4873
271 73.2977 73.3856
272 73.2977 73.2977
273 73.2977 73.2977
274 73.2977 73.2977
275 73.2977 73.2977
276 73.2977 73.3913
277 73.2977 73.3137
278 73.2977 73.3157
279 73.2977 73.3648
280 73.0093 73.3833
281 73.0093 73.2582
282 73.0093 73.2549
283 73.0093 73.1
284 72.5975 73.1578
285 72.5975 73.4397
286 72.5975 73.4027
287 72.5975 73.4668
288 71.9501 73.2734
289 71.9501 72.8592
290 71.9501 72.5438
291 71.9501 72.4303
292 71.9501 72.3086
293 71.9501 72.0288
294 71.9501 72.078
295 71.9501 72.2575
296 71.9501 72.067
297 71.9501 72.0232
298 71.9501 71.9597
299 71.9501 72.0337
300 71.9501 71.9501
301 71.9501 71.9501
302 71.9501 71.9589
303 71.9501 71.9662
304 71.9501 71.9501
305 71.7464 71.9792
306 71.6729 71.9277
307 71.5659 71.9035
308 71.5659 71.8022
309 71.2255 71.8585
310 71.2255 71.8144
311 71.2255 71.6367
312 71.2255 71.3678
313 71.2255 71.2726
314 71.2255 71.3317
315 71.2255 71.2488
316 71.0219 71.2351
317 71.0219 71.2597
318 71.0219 71.3083
319 71.0219 71.1283
320 71.0219 71.0655
321 71.0164 71.2145
322 71.0164 71.1632
323 71.0164 71.0897
324 71.0164 71.0175
325 71.0164 71.0166
326 71.0164 71.075
327 71.0164 71.09
328 71.0164 71.0349
329 71.0164 71.0164
330 71.0164 71.0682
331 71.0164 71.2084
332 71.0164 71.1055
333 71.0164 71.1617
334 71.0164 71.1543
335 71.0164 71.0233
336 71.0164 71.019
337 71.0164 71.0359
338 70.8722 71.2358
339 70.8722 71.0536
340 70.8722 70.9553
341 70.8722 71.0813
342 70.8722 70.9542
343 70.8722 70.9265
344 70.8722 70.9087
345 70.8722 70.8722
346 70.8722 70.8873
347 70.8722 70.917
348 70.8722 70.9355
349 70.8722 70.8722
350 70.8722 70.8796
351 70.8722 70.9236
352 70.8722 70.8722
353 70.8722 70.9172
354 70.8722 71.0547
355 70.8722 71.2078
356 70.8722 71.0701
357 70.8722 70.9571
358 70.8722 71.162
359 70.8722 71.1904
360 70.8722 71.0755
361 70.8722 70.9716
362 70.8722 70.9827
363 70.8722 70.9111
364 70.8722 71.0869
365 70.8722 70.996
366 70.8722 71.0339
367 70.8722 70.9215
368 70.8722 70.8729
369 70.8722 71.0138
370 70.8722 70.8836
371 70.8722 70.8722
372 70.8722 71.1186
373 70.8722 71.195
374 70.8722 71.3684
375 70.8722 70.9694
376 70.8722 70.9282
377 70.8722 70.9548
378 70.8722 70.8959
379 70.8722 70.9102
380 70.8722 70.9238
381 70.8722 70.9142
382 70.8722 70.9214
383 70.8722 70.9347
384 70.8722 70.9975
385 70.8722 71.0941
386 70.8722 70.9199
387 70.8722 70.9011
388 70.8722 70.9221
389 70.8722 70.9817
390 70.8722 70.9857
391 70.8722 70.8787
392 70.8722 70.8733
393 70.8722 70.9152
394 70.8722 70.9937
395 70.8722 70.8754
396 70.8722 71.0731
397 70.8722 70.9446
398 70.8722 70.9162
399 70.8722 71.0874
400 70.8722 71.2121
401 70.8722 71.1686
402 70.8722 71.353
403 70.8722 71.6526
404 70.8722 71.4369
405 70.8722 70.9149
406 70.8722 71.053
407 70.8722 70.9094
408 70.8722 70.8833
409 70.8722 70.8729
410 70.8722 70.885
411 70.8722 70.8807
412 70.8722 70.9978
413 70.8722 71.0123
414 70.8722 70.9153
415 70.8722 70.9211
416 70.8722 70.8783
417 70.8722 70.8722
418 70.8722 70.8722
419 70.8722 70.8793
420 70.8722 70.9555
421 70.8722 70.9566
422 70.8722 70.9422
423 70.8722 70.8792
424 70.8722 70.8764
425 70.8722 70.8722
426 70.8722 70.9069
427 70.8722 70.8722
428 70.8722 70.8785
429 70.8722 70.9505
430 70.8722 70.9394
431 70.8722 70.8722
432 70.8722 70.8971
433 70.8722 70.9457
434 70.8722 71.1514
435 70.8722 70.8855
436 70.8722 70.9099
437 70.8722 71.0588
438 70.8722 70.9785
439 70.8722 71.0354
440 70.8722 70.8831
441 70.8722 70.8851
442 70.8722 70.8722
443 70.8722 70.8722
444 70.8722 70.8795
445 70.8722 70.9694
446 70.8722 71.0723
447 70.8722 70.9769
448 70.8722 70.8811
449 70.8722 71.0225
450 70.8722 70.8722
451 70.8722 70.8807
452 70.8722 70.8795
453 70.8722 70.8914
454 70.8722 70.9111
455 70.8722 71.1113
456 70.8722 70.8741
457 70.8722 71.0389
458 70.8722 70.8733
459 70.8722 70.8722
460 70.8722 71.1256
461 70.8722 70.9513
462 70.8722 70.9782
463 70.8722 70.876
464 70.8722 70.8722
465 70.8722 70.886
466 70.8722 70.9998
467 70.8722 70.9982
468 70.8722 70.8722
469 70.8722 70.8722
470 70.8722 70.9526
471 70.8722 70.8722
472 70.8722 70.9921
473 70.8722 70.9939
474 70.8722 70.8722
475 70.8722 71.2205
476 70.8722 71.0113
477 70.8722 71.034
478 70.8722 71.0278
479 70.8722 71.0871
480 70.8722 70.9629
481 70.8722 70.9528
482 70.8722 70.8813
483 70.8722 70.9104
484 70.8722 71.0079
485 70.8722 70.9975
486 70.8722 71.0142
487 70.8722 71.1229
488 70.8722 71.07
489 70.8722 71.0244
490 70.8722 70.9335
491 70.8722 70.9696
492 70.8722 70.9071
493 70.8722 70.8979
494 70.8722 71.1612
495 70.8722 70.8744
496 70.8722 70.8722
497 70.8722 70.8722
498 70.8722 70.8722
499 70.8722 70.8722
500 70.8722 70.8722
501 70.8722 70.8789
502 70.8722 70.9238
503 70.8722 70.985
504 70.8722 71.0427
505 70.8722 70.9621
506 70.8722 70.8731
507 70.8722 70.9147
508 70.8722 70.8743
509 70.8722 70.8892
510 70.8722 70.9141
511 70.8722 70.8902
512 70.8722 70.9007
513 70.8722 70.9112
514 70.8722 70.8805
515 70.8722 71.0041
516 70.8722 71.0321
517 70.8722 70.8722
518 70.8722 70.9266
519 70.8722 70.8722
520 70.8722 70.8768
521 70.5194 70.8835
522 70.5194 70.8279
523 70.5194 70.7743
524 70.5194 70.7606
525 70.5194 70.8531
526 70.5194 70.6966
527 70.5194 70.6979
528 70.5194 70.5264
529 70.5194 70.5942
530 70.5194 70.5194
531 70.5194 70.5508
532 70.5194 70.5292
533 70.5194 70.554
534 70.5194 70.7236
535 70.5194 70.5194
536 70.5194 70.5228
537 70.5194 70.5642
538 70.5194 70.5847
539 70.5194 70.7508
540 70.5194 70.5194
541 70.5194 70.5732
542 70.5194 70.5945
543 70.5194 70.5406
544 70.5194 70.5362
545 70.5194 70.5392
546 70.5194 70.5304
547 70.5194 70.5399
548 70.5194 70.5726
549 70.5194 70.5713
550 70.5194 70.6337
551 70.5194 70.6152
552 70.2531 70.5612
553 70.2531 70.5336
554 70.2531 70.402
555 70.2531 70.2957
556 70.2531 70.2607
557 70.2531 70.3435
558 70.2531 70.4331
559 70.2531 70.4015
560 70.2531 70.3518
561 70.1583 70.561
562 70.1583 70.4398
563 70.1583 70.2413
564 70.1583 70.2259
565 70.1583 70.1702
566 70.1583 70.336
567 70.1583 70.461
568 70.1583 70.3054
569 70.1583 70.2123
570 70.1583 70.1583
571 70.1583 70.1583
572 70.1583 70.1583
573 70.1583 70.226
574 70.1583 70.2275
575 70.1583 70.2364
576 70.1583 70.1583
577 70.1583 70.1583
578 70.1583 70.1583
579 70.1583 70.3722
580 70.1583 70.1834
581 70.1583 70.1888
582 70.1583 70.3615
583 70.1583 70.1583
584 70.1583 70.292
585 70.1583 70.163
586 70.1583 70.1743
587 70.1583 70.1623
588 70.1583 70.1882
589 70.1583 70.4321
590 70.1583 70.5687
591 70.1583 70.3074
592 70.1583 70.2858
593 70.1583 70.1945
594 70.1583 70.162
595 70.1583 70.1583
596 70.1583 70.1583
597 70.1583 70.2031
598 70.1583 70.304
599 70.1583 70.1811
600 70.1583 70.2956
601 70.1583 70.1724
602 70.1583 70.2455
603 70.1583 70.3216
604 70.1583 70.2399
605 70.1583 70.1583
606 70.1583 70.1583
607 70.1583 70.1583
608 70.1583 70.1732
609 70.1583 70.1583
610 70.1583 70.1583
611 70.1583 70.196
612 70.1583 70.1655
613 70.1583 70.1868
614 70.1583 70.22
615 70.1583 70.2026
616 70.1583 70.2507
617 70.1583 70.1583
618 70.1583 70.2954
619 70.1583 70.2104
620 70.1583 70.2316
621 70.1583 70.1793
622 70.1583 70.1855
623 70.1583 70.163
624 70.1583 70.1812
625 70.1583 70.2027
626 70.1583 70.2545
627 70.1583 70.3349
628 70.1583 70.2466
629 70.0844 70.1985
630 69.5171 70.2432
631 69.5171 70.1626
632 69.5171 70.1347
633 69.5171 69.9889
634 69.5171 69.6467
635 69.5171 69.5523
636 69.5171 69.7515
637 69.5171 69.5873
638 69.5171 69.5866
639 69.5171 69.5449
640 69.5171 69.6096
641 69.5171 69.6002
642 69.5171 69.5635
643 69.5171 69.5367
644 69.5171 69.5171
645 69.5171 69.6271
646 69.5171 69.553
647 69.5171 69.5171
648 69.5171 69.5171
649 69.5171 69.5481
650 69.5171 69.5232
651 69.5171 69.5783
652 69.5171 69.616
653 68.5914 69.6818
654 68.5914 69.5238
655 68.5914 69.2033
656 68.5914 69.0059
657 68.5914 68.835
658 68.5914 68.6899
659 68.5914 68.5933
660 68.5914 68.6098
661 68.5914 68.5914
662 68.5914 68.5914
663 68.5914 68.6409
664 68.5914 68.7331
665 68.5914 68.6843
666 68.5914 68.6629
667 68.5914 68.6022
668 68.5914 68.603
669 68.5914 68.7343
670 68.5914 68.5999
671 68.5914 68.5945
672 68.5914 68.5914
673 68.5914 68.5914
674 68.5914 68.6196
675 68.5914 68.6482
676 68.5914 68.5914
677 68.5914 68.6317
678 68.5914 68.5951
679 68.5914 68.5923
680 68.5914 68.6619
681 68.5914 69.0879
682 68.5914 68.6395
683 68.5914 68.5914
684 68.5914 68.6153
685 68.5914 68.6508
686 68.5914 68.5991
687 68.5914 68.7334
688 68.5914 68.7475
689 68.5914 68.5914
690 68.5914 68.5914
691 68.5914 68.5914
692 68.5914 68.5914
693 68.5914 68.5914
694 68.5914 68.6171
695 68.5914 68.6569
696 68.5914 68.8109
697 68.5914 68.8112
698 68.5914 68.5914
699 68.5914 68.6813
700 68.5914 68.6285
701 68.5914 68.6136
702 68.5914 68.7879
703 68.5914 68.7658
704 68.5914 68.8766
705 68.5914 68.6225
706 68.5914 68.6866
707 68.5914 68.7892
708 68.5914 68.5914
709 68.5914 68.5914
710 68.5914 68.5914
711 68.5914 68.5914
712 68.5914 68.5914
713 68.5914 68.5914
714 68.5914 68.6193
715 68.5914 68.9086
716 68.5914 68.6711
717 68.5914 68.7528
718 68.5914 68.6086
719 68.5914 68.6086
720 68.5914 68.6398
721 68.5914 68.5919
722 68.5914 68.5969
723 68.5914 68.6749
724 68.5914 68.6134
725 68.5914 68.5914
726 68.5914 68.5914
727 68.5914 68.6406
728 68.5914 68.6682
729 68.5914 68.6728
730 68.5914 68.6739
731 68.5914 68.714
732 68.5914 68.6451
733 68.5914 68.6155
734 68.5914 68.6832
735 68.5914 68.6543
736 68.5914 68.7179
737 68.5914 68.6088
738 68.5914 68.6147
739 68.5914 68.6353
740 68.5914 68.626
741 68.5914 68.5914
742 68.5914 68.5972
743 68.5914 68.5914
744 68.5914 68.5976
745 68.5914 68.705
746 68.5914 68.5914
747 68.5914 68.6844
748 68.5914 68.9016
749 68.5914 68.7842
750 68.5914 68.6794
751 68.5914 68.8276
752 68.5914 68.7023
753 68.5914 68.5914
754 68.5914 68.6557
755 68.5914 68.5914
756 68.5475 68.5934
757 68.5475 68.6629
758 68.5475 68.5693
759 68.5475 68.6206
760 68.5475 68.554
761 68.5475 68.5475
762 68.5475 68.5475
763 68.5475 68.5475
764 68.5475 68.5475
765 68.5475 68.5578
766 68.5475 68.5513
767 68.5475 68.6178
768 68.5475 68.5475
769 68.5475 68.5792
770 68.5475 68.6177
771 68.5475 68.7172
772 68.5475 68.7767
773 68.5475 68.5967
774 68.5475 68.6447
775 68.5475 68.7066
776 68.5475 68.6308
777 68.5475 68.5984
778 68.5475 68.5475
779 68.5475 68.5476
780 68.5475 68.559
781 68.5475 68.7107
782 68.5475 68.5998
783 68.5475 68.6181
784 68.5475 68.597
785 68.5475 68.5928
786 68.5475 68.6003
787 68.5475 68.8168
788 68.5475 68.6646
789 68.5475 68.5508
790 68.5475 68.5475
791 68.5475 68.5936
792 68.5475 68.6623
793 68.5475 68.5511
794 68.5475 68.56
795 68.5475 68.5538
796 68.5475 68.5485
797 68.5475 68.5496
798 68.5475 68.5475
799 68.5475 68.5577
800 68.5475 68.594
801 68.5475 68.5681
802 68.5475 68.5475
803 68.5475 68.6468
804 68.5475 68.6261
805 68.5475 68.6624
806 68.5475 68.6076
807 68.5475 68.5496
808 68.5475 68.8312
809 68.5475 68.5764
810 68.5475 68.5475
811 68.5475 68.6278
812 68.5475 68.58
813 68.5475 68.5789
814 68.5475 68.5703
815 68.5475 68.812
816 68.5475 68.5475
817 68.5475 68.5486
818 68.5475 68.7618
819 68.5475 68.5803
820 68.5475 68.5595
821 68.5475 68.562
822 68.5475 68.5486
823 68.5475 68.5882
824 68.5475 68.5634
825 68.5475 68.567
826 68.5475 68.5892
827 68.5475 68.5702
828 68.5475 68.6365
829 68.5475 68.6329
830 68.5475 68.5848
831 68.5475 68.6992
832 68.5475 68.5645
833 68.5475 68.5511
834 68.5475 68.7105
835 68.5475 68.6399
836 68.5475 68.5857
837 68.5475 68.6186
838 68.5475 68.5959
839 68.5475 68.5475
840 68.5475 68.6545
841 68.5475 68.569
842 68.5475 68.5967
843 68.5475 68.5475
844 68.5475 68.6156
845 68.5475 68.6176
846 68.5475 68.5622
847 68.5475 68.5874
848 68.5475 68.5475
849 68.5475 68.766
850 68.5475 68.5535
851 68.5475 68.5654
852 68.5475 68.5702
853 68.5475 68.569
854 68.5475 68.5834
855 68.5475 68.5475
856 68.5475 68.5487
857 68.5475 68.5475
858 68.5475 68.5475
859 68.5475 68.5475
860 68.5475 68.5639
861 68.5475 68.5475
862 68.5475 68.5475
863 68.5475 68.5585
864 68.5475 68.5475
865 68.5475 68.6086
866 68.5475 68.5595
867 68.5475 68.6168
868 68.5475 68.6492
869 68.5475 68.6121
870 68.5475 68.5623
871 68.5475 68.5475
872 68.5475 68.5475
873 68.5475 68.5833
874 68.5475 68.6828
875 68.5475 68.593
876 68.5475 68.6078
877 68.5475 68.5606
878 68.5475 68.5475
879 68.5475 68.6472
880 68.5475 68.8737
881 68.5475 68.5475
882 68.5475 68.5747
883 68.5475 68.6378
884 68.5475 68.6099
885 68.5475 68.5475
886 68.5475 68.6058
887 68.5475 68.5838
888 68.5475 68.591
889 68.5475 68.5758
890 68.5475 68.6069
891 68.5475 68.6793
892 68.5475 68.7297
893 68.5475 68.6549
894 68.5475 68.7314
895 68.5475 68.6389
896 68.5475 68.5765
897 68.5475 68.6096
898 68.5475 68.5475
899 68.5475 68.5975
900 68.5475 68.5475
901 68.5475 68.5595
902 68.5475 68.5819
903 68.5475 68.5703
904 68.5475 68.5883
905 68.5475 68.551
906 68.5475 68.565
907 68.5475 68.8113
908 68.5475 68.6802
909 68.5475 68.6098
910 68.5475 68.5519
911 68.5475 68.6051
912 68.5475 68.5475
913 68.5475 68.5499
914 68.5475 68.5475
915 68.5475 68.7625
916 68.5475 68.7053
917 68.5475 68.7464
918 68.5475 68.5895
919 68.5475 68.6084
920 68.5475 68.5746
921 68.5475 68.5475
922 68.5475 68.5858
923 68.5475 68.5475
924 68.5475 68.6029
925 68.5475 68.562
926 68.5475 68.5491
927 68.5475 68.614
928 68.5475 68.9691
929 68.5475 68.7007
930 68.5475 68.5475
931 68.5475 68.5757
932 68.5475 68.5865
933 68.5475 68.5475
934 68.5475 68.6755
935 68.5475 68.6848
936 68.5475 68.6454
937 68.5475 68.648
938 68.5475 68.5919
939 68.5475 68.5631
940 68.5475 68.5644
941 68.5475 68.6141
942 68.5475 68.6343
943 68.5475 68.7269
944 68.5475 68.565
945 68.5475 68.5475
946 68.5475 68.6232
947 68.5475 68.673
948 68.5475 68.7853
949 68.5475 68.6273
950 68.5475 68.6095
951 68.5475 68.6375
952 68.5475 68.5652
953 68.5475 68.582
954 68.5475 68.6876
955 68.5475 68.592
956 68.5475 68.673
957 68.5475 68.8559
958 68.5475 68.7795
959 68.5475 68.5561
960 68.5475 68.5475
961 68.5475 68.6316
962 68.5475 68.5484
963 68.5475 68.5475
964 68.5475 68.554
965 68.5475 68.5526
966 68.5475 68.5872
967 68.5475 68.5475
968 68.5475 68.6215
969 68.5475 68.693
970 68.5475 68.5532
971 68.5475 68.5475
972 68.5475 68.5554
973 68.5475 68.5475
974 68.5475 68.5876
975 68.5475 68.6199
976 68.5475 68.6243
977 68.5475 68.6057
978 68.5475 68.5819
979 68.5475 68.5475
980 68.5475 68.6351
981 68.5475 68.5508
982 68.5475 68.5601
983 68.5475 68.5475
984 68.5475 68.618
985 68.5475 68.7386
986 68.5475 68.6006
987 68.5475 68.6484
988 68.5475 68.5588
989 68.5475 68.553
990 68.5475 68.8318
991 68.5475 68.7639
992 68.5475 68.5999
993 68.5475 68.5708
994 68.5475 68.5475
995 68.5475 68.5533
996 68.5475 68.6106
997 68.5475 68.5897
998 68.5475 68.6841
999 68.5475 68.6624
1000 68.5475 68.6337
1001 68.5475 68.6649
1002 68.5475 68.5932
1003 68.5475 68.5723
1004 68.5475 68.5589
1005 68.5475 68.7015
1006 68.5475 68.8233
1007 68.5475 68.584
1008 68.5475 68.5475
1009 68.5475 68.5521
1010 68.5475 68.5602
1011 68.5475 68.5475
1012 68.5475 68.5803
1013 68.5475 68.739
1014 68.5475 68.8853
1015 68.5475 68.7022
1016 68.5475 68.5921
1017 68.5475 68.5475
1018 68.5475 68.5475
1019 68.5475 68.5492
1020 68.5475 68.6056
1021 68.5475 68.5715
1022 68.5475 68.6689
1023 68.5475 68.5475
1024 68.5475 68.5645
1025 68.5475 68.682
1026 68.5475 68.5961
1027 68.5475 68.7004
1028 68.5475 68.6202
1029 68.5475 68.5475
1030 68.5475 68.5843
1031 68.5475 68.5552
1032 68.5475 68.616
1033 68.5475 68.6303
1034 68.5475 68.6107
1035 68.5475 68.5984
1036 68.5475 68.6508
1037 68.5475 68.5897
1038 68.5475 68.732
1039 68.5475 68.7312
1040 68.5475 68.55
1041 68.5475 68.7584
1042 68.5475 68.6498
1043 68.5475 68.5697
1044 68.5475 68.5475
1045 68.5475 68.5736
1046 68.5475 68.5491
1047 68.5475 68.5611
1048 68.5475 68.6312
1049 68.5475 68.6258
1050 68.5475 68.5882
1051 68.5475 68.6814
1052 68.5475 68.5475
1053 68.5475 68.6459
1054 68.5475 68.6369
1055 68.5475 68.6176
1056 68.5475 68.7316
1057 68.5475 68.7176
1058 68.5475 68.7271
1059 68.5475 68.799
1060 68.5475 68.6612
1061 68.5475 68.7746
1062 68.5475 68.6045
1063 68.5475 68.8161
1064 68.5475 68.6351
1065 68.5475 68.7874
1066 68.5475 68.8615
1067 68.5475 68.7296
1068 68.5475 68.5774
1069 68.5475 68.5544
1070 68.5475 68.5483
1071 68.5475 68.6715
1072 68.5475 68.582
1073 68.5475 68.5534
1074 68.5475 68.5541
1075 68.5475 68.6272
1076 68.5475 68.6228
1077 68.5475 68.5701
1078 68.5475 68.638
1079 68.5475 68.5777
1080 68.5475 68.5642
1081 68.5475 68.5475
1082 68.5475 68.5772
1083 68.5475 68.5475
1084 68.5475 68.5512
1085 68.5475 68.6376
1086 68.5475 68.5475
1087 68.5475 68.5475
1088 68.5475 68.5475
1089 68.5475 68.5588
1090 68.5475 68.5509
1091 68.5475 68.5712
1092 68.5475 68.5475
1093 68.5475 68.5565
1094 68.5475 68.5726
1095 68.5475 68.577
1096 68.5475 68.695
1097 68.5475 68.8279
1098 68.5475 68.6209
1099 68.5475 68.5541
1100 68.5475 68.5475
1101 68.5475 68.5475
1102 68.5475 68.5475
1103 68.5475 68.5475
1104 68.5475 68.5475
1105 68.5475 68.6421
1106 68.5475 68.5475
1107 68.5475 68.5492
1108 68.5475 68.8377
1109 68.5475 68.6716
1110 68.5475 68.6354
1111 68.5475 68.5857
1112 68.5475 68.7329
1113 68.5475 68.7915
1114 68.5475 68.6668
1115 68.5475 68.5569
1116 68.5475 68.6222
1117 68.5475 68.5728
1118 68.5475 68.5475
1119 68.5475 68.5475
1120 68.5475 68.6003
1121 68.5475 68.5802
1122 68.5475 68.5964
1123 68.5475 68.623
1124 68.5475 68.5916
1125 68.5475 68.6323
1126 68.5475 68.551
1127 68.5475 68.6044
1128 68.5475 68.5655
1129 68.5475 68.6544
1130 68.5475 68.7683
1131 68.5475 68.7039
1132 68.5475 68.6489
1133 68.5475 68.557
1134 68.5475 68.5496
1135 68.5475 68.702
1136 68.5475 68.648
1137 68.5475 68.5475
1138 68.5475 68.5475
1139 68.5475 68.5475
1140 68.5475 68.5527
1141 68.5475 68.6674
1142 68.5475 68.6185
1143 68.5475 68.5485
1144 68.5475 68.5842
1145 68.5475 68.5475
1146 68.5475 68.5475
1147 68.5475 68.6101
1148 68.5475 68.5475
1149 68.5475 68.5475
1150 68.5475 68.5475
1151 68.5475 68.5774
1152 68.5475 68.7328
1153 68.5475 68.6988
1154 68.5475 68.7758
1155 68.5475 68.5486
1156 68.5475 68.5475
1157 68.5475 68.5475
1158 68.5475 68.5676
1159 68.5475 68.6307
1160 68.5475 68.8365
1161 68.5475 68.7837
1162 68.5475 68.6531
1163 68.5475 68.616
1164 68.5475 68.7541
1165 68.5475 68.7186
1166 68.5475 68.5947
1167 68.5475 68.5704
1168 68.5475 68.5658
1169 68.5475 68.6005
1170 68.5475 68.5645
1171 68.5475 68.6167
1172 68.5475 68.5486
1173 68.5475 68.5475
1174 68.5475 68.7204
1175 68.5475 68.6027
1176 68.5475 68.6127
1177 68.5475 68.5475
1178 68.5475 68.5475
1179 68.5475 68.5475
1180 68.5475 68.5773
1181 68.5475 68.6112
1182 68.5475 68.5475
1183 68.5475 68.5914
1184 68.5475 68.5781
1185 68.5475 68.6361
1186 68.5475 68.5685
1187 68.5475 68.7755
1188 68.5475 68.6021
1189 68.5475 68.636
1190 68.5475 68.5475
1191 68.5475 68.5475
1192 68.5475 68.56
1193 68.5475 68.7369
1194 68.5475 68.5633
1195 68.5475 68.5475
1196 68.5475 68.5475
1197 68.5475 68.627
1198 68.5475 68.6602
1199 68.5475 68.5688
1200 68.5475 68.6172
1201 68.5475 68.5984
1202 68.5475 68.6204
1203 68.5475 68.7954
1204 68.5475 68.5475
1205 68.5475 68.5522
1206 68.5475 69.0094
1207 68.5475 68.836
1208 68.5475 68.6875
1209 68.5475 68.6163
1210 68.5475 68.7204
1211 68.5475 68.7631
1212 68.5475 68.5514
1213 68.5475 68.5624
1214 68.5475 68.5631
1215 68.5475 68.554
1216 68.5475 68.6369
1217 68.5475 68.5475
1218 68.5475 68.5475
1219 68.5475 68.5532
1220 68.5475 68.5983
1221 68.5475 68.5898
1222 68.5475 68.5995
1223 68.5475 68.5475
1224 68.5475 68.5475
1225 68.5475 68.5475
1226 68.5475 68.5475
1227 68.5475 68.5728
1228 68.5475 68.5649
1229 68.5475 68.5572
1230 68.5475 68.5759
1231 68.5475 68.5475
1232 68.5475 68.5504
1233 68.5475 68.5475
1234 68.5475 68.5475
1235 68.5475 68.5475
1236 68.5475 68.5475
1237 68.5475 68.5599
1238 68.5475 68.6036
1239 68.5475 68.5604
1240 68.5475 68.5749
1241 68.4606 68.5473
1242 68.4606 68.5321
1243 68.4606 68.4998
1244 68.4606 68.475
1245 68.4606 68.5525
1246 68.4606 68.4689
1247 68.4606 68.586
1248 68.4606 68.4877
1249 68.4606 68.8163
1250 68.4606 68.6386
1251 68.4606 68.591
1252 68.4606 68.4606
1253 68.4606 68.4865
1254 68.4606 68.4655
1255 68.4606 68.4606
1256 68.4606 68.4606
1257 68.4606 68.4606
1258 68.4606 68.489
1259 68.4606 68.7068
1260 68.4606 68.4841
1261 68.4606 68.4992
1262 68.4606 68.5777
1263 68.4606 68.6348
1264 68.4606 68.4896
1265 68.4606 68.4606
1266 68.4606 68.4658
1267 68.4606 68.4906
1268 68.4606 68.4993
1269 68.4606 68.5576
1270 68.4606 68.5379
1271 68.4606 68.4996
1272 68.4606 68.5513
1273 68.4606 68.5354
1274 68.4606 68.5028
1275 68.4606 68.4606
1276 68.4606 68.4606
1277 68.4606 68.6085
1278 68.4606 68.5176
1279 68.4606 68.5556
1280 68.4606 68.5426
1281 68.4606 68.4654
1282 68.4606 68.5101
1283 68.4606 68.5521
1284 68.4606 68.4606
1285 68.4606 68.4606
1286 68.4606 68.4637
1287 68.4606 68.4606
1288 68.4606 68.4606
1289 68.4606 68.4606
1290 68.4606 68.4903
1291 68.4606 68.4676
1292 68.4606 68.4606
1293 68.4606 68.4606
1294 68.1025 68.4792
1295 68.1025 68.4985
1296 68.1025 69.2185
1297 68.1025 69.4913
1298 68.1025 68.7084
1299 68.1025 68.4546
1300 68.1025 68.6677
1301 68.1025 68.5102
1302 68.1025 68.3885
1303 68.1025 68.2918
1304 68.1025 68.1836
1305 68.1025 68.232
1306 68.1025 68.3611
1307 68.1025 68.1313
1308 68.1025 68.2226
1309 68.1025 68.1788
1310 68.1025 68.1395
1311 68.1025 68.1285
1312 68.1025 68.2078
1313 68.1025 68.1025
1314 68.1025 68.1025
1315 68.1025 68.1143
1316 68.1025 68.1025
1317 68.1025 68.1025
1318 68.1025 68.1025
1319 68.1025 68.5829
1320 68.1025 68.3951
1321 68.1025 68.1319
1322 68.1025 68.1025
1323 68.1025 68.1025
1324 68.1025 68.1025
1325 68.1025 68.1025
1326 68.1025 68.1025
1327 68.1025 68.2505
1328 68.1025 68.4366
1329 68.1025 68.3104
1330 68.1025 68.1382
1331 68.1025 68.1025
1332 68.1025 68.1025
1333 68.1025 68.122
1334 68.1025 68.1865
1335 68.1025 68.1394
1336 68.1025 68.1025
1337 68.1025 68.105
1338 68.1025 68.14
1339 68.1025 68.2738
1340 68.1025 68.1271
1341 68.1025 68.1026
1342 67.7833 68.1081
1343 67.7833 68.0716
1344 67.7833 67.9402
1345 67.7833 67.8618
1346 67.7833 67.8471
1347 67.7833 67.7935
1348 67.7833 67.8151
1349 67.7833 67.7833
1350 67.7833 67.7833
1351 67.7833 67.7833
1352 67.7833 67.7981
1353 67.7833 67.802
1354 67.7833 67.8774
1355 67.7833 67.91
1356 67.7833 67.8055
1357 67.7833 67.8093
1358 67.7833 67.8789
1359 67.7833 67.8119
1360 67.7833 67.8601
1361 67.7833 67.8881
1362 67.7833 67.9762
1363 67.7833 67.9332
1364 67.7833 67.7833
1365 67.7833 67.7833
1366 67.7833 67.7951
1367 67.7833 67.8894
1368 67.7833 67.8485
1369 67.7833 67.9101
1370 67.7833 67.8592
1371 67.7833 68.0827
1372 67.7833 68.0738
1373 67.7833 67.8058
1374 67.7833 67.7833
1375 67.7833 67.9343
1376 67.7833 67.7953
1377 67.7833 67.7906
1378 67.7833 67.7833
1379 67.7833 67.7833
1380 67.7833 67.7833
1381 67.7833 67.7859
1382 67.7833 67.9102
1383 67.7833 68.006
1384 67.7833 67.8208
1385 67.7833 67.7942
1386 67.7833 67.8303
1387 67.7833 67.9301
1388 67.7833 67.8298
1389 67.7833 67.8689
1390 67.7833 68.0366
1391 67.7833 67.9705
1392 67.7833 67.8531
1393 67.6497 67.7829
1394 67.6497 68.0876
1395 67.6497 67.788
1396 67.6497 67.7493
1397 67.6497 67.6657
1398 67.6497 67.6497
1399 67.6497 67.6497
1400 67.6497 67.6497
1401 67.6497 67.6497
1402 67.6497 67.6657
1403 67.6497 67.6638
1404 67.6497 67.6497
1405 67.6497 68.1003
1406 67.6497 67.8485
1407 67.6497 67.6702
1408 67.6497 67.6997
1409 67.6497 67.6497
1410 67.6497 67.6497
1411 67.6497 67.7824
1412 67.6497 67.7948
1413 67.6497 67.7445
1414 67.6497 67.8421
1415 67.6497 67.7629
1416 67.6497 67.6905
1417 67.6497 67.6526
1418 67.6497 67.6497
1419 67.6497 67.6523
1420 67.6497 67.6497
1421 67.6497 67.6596
1422 67.6497 68.0526
1423 67.6497 67.8357
1424 67.6497 67.9121
1425 67.6497 67.7771
1426 67.6497 67.8181
1427 67.6497 67.7881
1428 67.6497 67.7838
1429 67.6497 67.8463
1430 67.6497 67.7525
1431 67.6497 67.6497
1432 67.6497 67.6669
1433 67.6497 67.6497
1434 67.6497 67.6497
1435 67.6497 67.6497
1436 67.6497 67.6606
1437 67.4894 67.7117
1438 67.4894 67.6268
1439 67.4894 67.6409
1440 67.4894 67.6421
1441 67.4894 67.5926
1442 67.4894 67.5059
1443 67.4894 67.4894
1444 67.4894 67.5777
1445 67.4894 67.7763
1446 67.4894 67.7467
1447 67.4894 67.5938
1448 67.4894 67.5069
1449 67.4894 67.5537
1450 67.4894 67.4894
1451 67.4894 67.4894
1452 67.4894 67.5001
1453 67.4894 67.5564
1454 67.4894 67.5287
1455 67.4894 67.4894
1456 67.4894 67.5066
1457 67.4894 67.6521
1458 67.4894 67.7497
1459 67.4894 67.5528
1460 67.4894 67.5025
1461 67.4894 67.4894
1462 67.4894 67.4894
1463 67.4894 67.4894
1464 67.4894 67.6813
1465 67.4894 67.5955
1466 67.4894 67.5088
1467 67.4894 67.5235
1468 67.4894 67.5875
1469 67.4894 67.5228
1470 67.4894 67.5138
1471 67.4894 67.4894
1472 67.4894 67.4894
1473 67.4894 67.5212
1474 67.4894 67.5752
1475 67.4894 67.5176
1476 67.4894 67.5446
1477 67.4894 67.4894
1478 67.4894 67.4994
1479 67.4894 67.5263
1480 67.4894 67.527
1481 67.4894 67.6049
1482 67.4894 67.5493
1483 67.4894 67.5552
1484 67.4894 67.5284
1485 67.4894 67.5926
1486 67.4894 67.5452
1487 67.4894 67.6042
1488 67.4894 67.4956
1489 67.4894 67.6579
1490 67.4894 67.491
1491 67.4894 67.6505
1492 67.4894 67.7132
1493 67.4894 67.6874
1494 67.4894 67.6194
1495 67.4894 67.5671
1496 67.4894 67.4944
1497 67.4894 67.5237
1498 67.4894 67.5148
1499 67.4894 67.5223
1500 67.4894 67.6373
1501 67.4894 67.6686
1502 67.4894 67.5838
1503 67.4894 67.5358
1504 67.4894 67.5837
1505 67.4894 67.5393
1506 67.4894 67.562
1507 67.4894 67.6393
1508 67.4894 67.5944
1509 67.4894 67.4986
1510 67.4894 67.508
1511 67.4894 67.4894
1512 67.4894 67.4894
1513 67.4894 67.5096
1514 67.4894 67.5777
1515 67.4894 67.5426
1516 67.4894 67.4894
1517 67.4894 67.4963
1518 67.4894 67.4894
1519 67.4894 67.4894
1520 67.4894 67.635
1521 67.4894 67.4894
1522 67.4894 67.514
1523 67.4894 67.6466
1524 67.4894 67.8401
1525 67.4894 67.7525
1526 67.4894 67.6671
1527 67.4894 67.7817
1528 67.4894 67.6302
1529 67.4894 67.5614
1530 67.4894 67.6131
1531 67.4894 67.702
1532 67.4894 67.5165
1533 67.4894 67.5172
1534 67.4894 67.5507
1535 67.4894 67.6265
1536 67.4894 67.555
1537 67.4894 67.6292
1538 67.4894 67.5312
1539 67.4894 67.5058
1540 67.4894 67.6659
1541 67.4894 67.8997
1542 67.4894 67.73
1543 67.4894 67.4895
1544 67.4894 67.5307
1545 67.4894 67.4894
1546 67.4894 67.4904
1547 67.4894 67.6423
1548 67.4894 67.6429
1549 67.4894 67.8199
1550 67.4894 67.4899
1551 67.4894 67.5025
1552 67.4894 67.4894
1553 67.4894 67.5369
1554 67.4894 67.4979
1555 67.4894 67.5805
1556 67.4894 67.5783
1557 67.4894 67.5303
1558 67.4894 67.5003
1559 67.4894 67.4894
1560 67.4894 67.6533
1561 67.4894 67.5315
1562 67.4894 67.6931
1563 67.4894 67.7922
1564 67.4894 67.5317
1565 67.4894 67.4894
1566 67.4894 67.5765
1567 67.4894 67.8143
1568 67.4894 67.9065
1569 67.4894 67.7538
1570 67.4894 67.5756
1571 67.4894 67.569
1572 67.4894 67.5381
1573 67.4894 67.5575
1574 67.4894 67.5963
1575 67.4894 67.5507
1576 67.4894 67.5453
1577 67.4894 67.5562
1578 67.4894 67.5878
1579 67.4894 67.4894
1580 67.4894 67.4894
1581 67.4894 67.5289
1582 67.4894 67.6974
1583 67.4894 67.8857
1584 67.4894 67.6373
1585 67.4894 67.4894
1586 67.4894 67.631
1587 67.4894 67.5259
1588 67.4894 67.6066
1589 67.4894 67.5074
1590 67.4894 67.76
1591 67.4894 67.6229
1592 67.4894 67.5357
1593 67.4894 67.5082
1594 67.4894 67.4894
1595 67.4894 67.5288
1596 67.4894 67.492
1597 67.4894 67.5042
1598 67.4894 67.5134
1599 67.4894 67.5147
1600 67.4894 67.5955
1601 67.4894 67.9536
1602 67.4894 67.5948
1603 67.4894 67.4981
1604 67.4894 67.4894
1605 67.4894 67.4933
1606 67.4894 67.4894
1607 67.4894 67.5351
1608 67.4894 67.5179
1609 67.4894 67.6255
1610 67.4894 67.6133
1611 67.4894 67.5431
1612 67.4894 67.5358
1613 67.4894 67.5227
1614 67.4894 67.5408
1615 67.4894 67.5039
1616 67.4894 67.5948
1617 67.4894 67.9172
1618 67.4894 67.6999
1619 67.4894 67.5191
1620 67.4894 67.555
1621 67.4894 67.6657
1622 67.4894 67.7029
1623 67.4894 67.7105
1624 67.4894 67.596
1625 67.4894 67.9604
1626 67.4894 67.492
1627 67.4894 67.6331
1628 67.4894 67.5979
1629 67.4894 67.4894
1630 67.4894 67.519
1631 67.4894 67.6677
1632 67.4894 67.6801
1633 67.4894 67.6262
1634 67.4894 67.6284
1635 67.4894 67.7601
1636 67.4894 67.629
1637 67.4894 67.6813
1638 67.4894 67.6745
1639 67.4894 67.5909
1640 67.4894 67.6131
1641 67.4894 67.5819
1642 67.4894 67.5205
1643 67.4894 67.5771
1644 67.4894 67.5365
1645 67.4894 67.8265
1646 67.4894 67.5596
1647 67.4894 67.5539
1648 67.4894 67.6638
1649 67.4894 67.6465
1650 67.4894 67.5994
1651 67.4894 67.777
1652 67.4894 67.6191
1653 67.4894 67.655
1654 67.4894 67.638
1655 67.4894 67.4894
1656 67.4894 67.5874
1657 67.4894 67.5706
1658 67.4894 67.6181
1659 67.4894 67.5714
1660 67.4894 67.4894
1661 67.4894 67.4894
1662 67.4894 67.5043
1663 67.4894 67.5249
1664 67.4894 67.4894
1665 67.4894 67.4894
1666 67.4894 67.4894
1667 67.4894 67.5089
1668 67.4894 67.5913
1669 67.4894 67.5286
1670 67.4894 67.6003
1671 67.4894 67.5436
1672 67.4894 67.5083
1673 67.4894 67.615
1674 67.4894 67.8425
1675 67.4894 67.6422
1676 67.4894 67.5103
1677 67.4894 67.503
1678 67.4894 67.6342
1679 67.4894 67.6514
1680 67.4894 67.5813
1681 67.4894 67.5441
1682 67.4894 67.5083
1683 67.4894 67.5304
1684 67.4894 67.6018
1685 67.4894 67.6328
1686 67.4894 67.5603
1687 67.4894 67.569
1688 67.4894 67.6789
1689 67.4894 67.5875
1690 67.4894 67.6024
1691 67.4894 67.5767
1692 67.4894 67.4894
1693 67.4894 67.4894
1694 67.4894 67.5685
1695 67.4894 67.4894
1696 67.4894 67.5617
1697 67.4894 67.6779
1698 67.4894 67.7888
1699 67.4894 67.7739
1700 67.4894 67.6349
1701 67.4894 67.9174
1702 67.4894 67.623
1703 67.4894 67.5917
1704 67.4894 67.5562
1705 67.4894 67.4894
1706 67.4894 67.5023
1707 67.4894 67.5414
1708 67.4894 67.4895
1709 67.4894 67.5481
1710 67.4894 67.4894
1711 67.4894 67.4894
1712 67.4894 67.5054
1713 67.4894 67.4894
1714 67.4894 67.492
1715 67.4894 67.6533
1716 67.4894 67.5009
1717 67.4894 67.4894
1718 67.4894 67.4949
1719 67.4894 67.5005
1720 67.4894 67.4894
1721 67.4894 67.4894
1722 67.4894 67.4929
1723 67.4894 67.4894
1724 67.4894 67.5291
1725 67.4894 67.5833
1726 67.4894 67.5743
1727 67.4894 67.5354
1728 67.4894 67.594
1729 67.4894 67.6792
1730 67.4894 67.635
1731 67.4894 67.6205
1732 67.4894 67.7875
1733 67.4894 67.5707
1734 67.4894 67.784
1735 67.4894 67.5556
1736 67.4894 67.5088
1737 67.4894 67.4894
1738 67.4894 67.5495
1739 67.4894 67.4917
1740 67.4894 67.5368
1741 67.4894 67.4894
1742 67.4894 67.4898
1743 67.4894 67.6379
1744 67.4894 67.5077
1745 67.4894 67.5197
1746 67.4894 67.6396
1747 67.4894 67.4937
1748 67.4894 67.4998
1749 67.4894 67.499
1750 67.4894 67.4959
1751 67.4894 67.4925
1752 67.4894 67.4894
1753 67.4894 67.5596
1754 67.4894 67.776
1755 67.4894 67.5892
1756 67.4894 67.5492
1757 67.4894 67.7811
1758 67.4894 67.6407
1759 67.4894 67.667
1760 67.4894 67.4894
1761 67.4894 67.5632
1762 67.4894 67.53
1763 67.4894 67.6704
1764 67.4894 67.5344
1765 67.4894 67.6722
1766 67.4894 67.6674
1767 67.4894 67.7971
1768 67.4894 67.5176
1769 67.4894 67.5188
1770 67.4894 67.4894
1771 67.4894 67.4894
1772 67.4894 67.4908
1773 67.4894 67.4949
1774 67.4894 67.544
1775 67.4894 67.5504
1776 67.4894 67.5575
1777 67.4894 67.6572
1778 67.4894 67.5267
1779 67.4894 67.5722
1780 67.4894 67.4921
1781 67.4894 67.5837
1782 67.4894 67.5049
1783 67.4894 67.6709
1784 67.4894 67.4894
1785 67.4894 67.4894
1786 67.4894 67.4907
1787 67.4894 67.5355
1788 67.4894 67.4923
1789 67.4894 67.5212
1790 67.4894 67.6132
1791 67.4894 67.6452
1792 67.4894 67.6245
1793 67.4894 67.5926
1794 67.4894 67.4943
1795 67.4894 67.5687
1796 67.4894 67.5506
1797 67.4894 67.4894
1798 67.4894 67.5568
1799 67.4894 67.5105
1800 67.4894 67.4946
1801 67.4894 67.497
1802 67.4894 67.5543
1803 67.4894 67.5756
1804 67.4894 67.5269
1805 67.4894 67.497
1806 67.4894 67.4907
1807 67.4894 67.864
1808 67.4894 67.4991
1809 67.4894 67.5034
1810 67.4894 67.5203
1811 67.4894 67.493
1812 67.4894 67.508
1813 67.4894 67.5053
1814 67.4894 67.6106
1815 67.4894 67.7346
1816 67.4894 67.577
1817 67.4894 67.5444
1818 67.4894 67.7841
1819 67.4894 67.8169
1820 67.4894 67.7776
1821 67.4894 67.5672
1822 67.4894 67.616
1823 67.4894 67.4894
1824 67.4894 67.5457
1825 67.4894 67.5661
1826 67.4894 67.5467
1827 67.4894 67.5829
1828 67.4894 67.6995
1829 67.4894 67.5381
1830 67.4894 67.8249
1831 67.4894 67.4894
1832 67.4894 67.5727
1833 67.4894 67.4894
1834 67.4894 67.4894
1835 67.4894 67.4894
1836 67.4894 67.4894
1837 67.4894 67.4894
1838 67.4894 67.5015
1839 67.4894 67.515
1840 67.4894 67.4954
1841 67.4894 67.4894
1842 67.4894 67.4894
1843 67.4894 67.5686
1844 67.4894 67.5919
1845 67.4894 67.5719
1846 67.4894 67.4985
1847 67.4894 67.4894
1848 67.4894 67.4898
1849 67.4894 67.6267
1850 67.4894 67.6333
1851 67.4894 67.513
1852 67.4894 67.5273
1853 67.4894 67.5283
1854 67.4894 67.7354
1855 67.4894 67.4894
1856 67.4894 67.5041
1857 67.4894 67.5062
1858 67.4894 67.4894
1859 67.4894 67.4894
1860 67.4894 67.5095
1861 67.4894 67.5435
1862 67.4894 67.4894
1863 67.4894 67.4894
1864 67.4894 67.5342
1865 67.4894 67.5127
1866 67.4894 67.5456
1867 67.4894 67.5158
1868 67.4894 67.5574
1869 67.4894 67.5652
1870 67.4894 67.4894
1871 67.4894 67.5465
1872 67.4894 67.863
1873 67.4894 67.5975
1874 67.4894 67.4932
1875 67.4894 67.5642
1876 67.4894 67.5247
1877 67.4894 67.4894
1878 67.4894 67.5663
1879 67.4894 67.5701
1880 67.4894 67.5754
1881 67.4894 67.4932
1882 67.4894 67.4894
1883 67.4894 67.5088
1884 67.3011 67.5794
1885 67.3011 67.5563
1886 67.3011 67.5695
1887 67.3011 67.4016
1888 67.3011 67.4224
1889 67.3011 67.315
1890 67.3011 67.3342
1891 67.3011 67.3034
1892 67.3011 67.3368
1893 67.3011 67.3074
1894 67.3011 67.3062
1895 67.3011 67.3635
1896 67.3011 67.3064
1897 67.3011 67.3901
1898 67.3011 67.3559
1899 67.3011 67.3836
1900 67.3011 67.4414
1901 67.3011 67.3715
1902 67.3011 67.38
1903 67.3011 67.3823
1904 67.3011 67.3689
1905 67.3011 67.3011
1906 67.3011 67.3011
1907 67.3011 67.303
1908 67.3011 67.3011
1909 67.3011 67.3037
1910 67.3011 67.3487
1911 67.3011 67.374
1912 67.3011 67.3011
1913 67.3011 67.6031
1914 67.3011 67.4048
1915 67.3011 67.3963
1916 67.3011 67.503
1917 67.3011 67.4039
1918 67.3011 67.3011
1919 67.3011 67.3219
1920 67.3011 67.3011
1921 67.3011 67.3011
1922 67.3011 67.3325
1923 67.3011 67.3011
1924 67.3011 67.405
1925 67.3011 67.4577
1926 67.3011 67.3701
1927 67.3011 67.3931
1928 67.3011 67.3056
1929 67.3011 67.3505
1930 67.3011 67.4329
1931 67.3011 67.6183
1932 67.3011 67.3393
1933 67.3011 67.3909
1934 67.3011 67.3436
1935 67.3011 67.3429
1936 67.3011 67.4252
1937 67.3011 67.3011
1938 67.3011 67.3128
1939 67.3011 67.3034
1940 67.3011 67.3011
1941 67.3011 67.3011
1942 67.3011 67.3638
1943 67.3011 67.3083
1944 67.3011 67.3763
1945 67.3011 67.3072
1946 67.3011 67.3979
1947 67.3011 67.3341
1948 67.3011 67.3127
1949 67.3011 67.3453
1950 67.3011 67.3011
1951 67.3011 67.3011
1952 67.3011 67.3309
1953 67.3011 67.3026
1954 67.3011 67.504
1955 67.3011 67.3842
1956 67.3011 67.3429
1957 67.3011 67.519
1958 67.3011 67.3055
1959 67.3011 67.3269
1960 67.3011 67.3011
1961 67.3011 67.3098
1962 67.3011 67.3881
1963 67.3011 67.4281
1964 67.3011 67.6278
1965 67.3011 67.323
1966 67.3011 67.3475
1967 67.3011 67.3011
1968 67.3011 67.3974
1969 67.3011 67.5643
1970 67.3011 67.5012
1971 67.3011 67.4299
1972 67.3011 67.5499
1973 67.3011 67.7326
1974 67.3011 67.8263
1975 67.3011 67.3145
1976 67.3011 67.3271
1977 67.3011 67.3417
1978 67.3011 67.5234
1979 67.3011 67.3596
1980 67.3011 67.3332
1981 67.3011 67.3281
1982 67.3011 67.3371
1983 67.3011 67.3378
1984 67.3011 67.4373
1985 67.3011 67.3212
1986 67.3011 67.3011
1987 67.3011 67.3011
1988 67.3011 67.3011
1989 67.3011 67.3816
1990 67.3011 67.413
1991 67.3011 67.506
1992 67.3011 67.5061
1993 67.3011 67.3907
1994 67.3011 67.3081
1995 67.3011 67.3011
1996 67.3011 67.3086
1997 67.3011 67.3136
1998 67.3011 67.3215
1999 67.3011 67.4385
2000 67.3011 67.371
2001 67.3011 67.3078
2002 67.3011 67.3011
2003 67.3011 67.3047
2004 67.3011 67.3487
2005 67.3011 67.3482
2006 67.3011 67.3011
2007 67.3011 67.3011
2008 67.3011 67.3066
2009 67.3011 67.3258
2010 67.3011 67.4472
2011 67.3011 67.4156
2012 67.3011 67.3027
2013 67.3011 67.3011
2014 67.3011 67.3011
2015 67.3011 67.3194
2016 67.3011 67.3011
2017 67.3011 67.3064
2018 67.3011 67.3705
2019 67.3011 67.3248
2020 67.3011 67.3452
2021 67.3011 67.3936
2022 67.3011 67.358
2023 67.3011 67.3011
2024 67.3011 67.3011
2025 67.3011 67.3011
2026 67.3011 67.3011
2027 67.3011 67.3476
2028 67.3011 67.3167
2029 67.3011 67.3691
2030 67.3011 67.4739
2031 67.3011 67.3294
2032 67.3011 67.3725
2033 67.3011 67.3359
2034 67.3011 67.512
2035 67.3011 67.4281
2036 67.3011 67.7168
2037 67.3011 67.5652
2038 67.3011 67.3579
2039 67.3011 67.4468
2040 67.3011 67.312
2041 67.3011 67.3205
2042 67.3011 67.3996
2043 67.3011 67.5437
2044 67.3011 67.4872
2045 67.3011 67.4158
2046 67.3011 67.3067
2047 67.3011 67.3471
2048 67.3011 67.3011
2049 67.3011 67.3011
2050 67.3011 67.3437
2051 67.3011 67.3283
2052 67.3011 67.3739
2053 67.3011 67.5672
2054 67.3011 67.3603
2055 67.3011 67.3116
2056 67.3011 67.3556
2057 67.3011 67.3799
2058 67.3011 67.3362
2059 67.3011 67.3046
2060 67.3011 67.3236
2061 67.3011 67.3589
2062 67.3011 67.3326
2063 67.3011 67.3889
2064 67.3011 67.3062
2065 67.3011 67.463
2066 67.3011 67.3109
2067 67.3011 67.4174
2068 67.3011 67.3757
2069 67.3011 67.3011
2070 67.3011 67.3011
2071 67.3011 67.3011
2072 67.3011 67.5323
2073 67.3011 67.8278
2074 67.3011 67.395
2075 67.3011 67.3011
2076 67.3011 67.3011
2077 67.3011 67.3011
2078 67.3011 67.3011
2079 67.3011 67.3011
2080 67.3011 67.3498
2081 67.3011 67.3207
2082 67.3011 67.3608
2083 67.3011 67.4284
2084 67.3011 67.4338
2085 67.3011 67.4577
2086 67.3011 67.4982
2087 67.3011 67.4414
2088 67.3011 67.3939
2089 67.3011 67.32
2090 67.3011 67.4375
2091 67.3011 67.3768
2092 67.3011 67.3392
2093 67.3011 67.4143
2094 67.3011 67.433
2095 67.3011 67.4126
2096 67.3011 67.3011
2097 67.3011 67.3735
2098 67.3011 67.3837
2099 67.3011 67.3011
2100 67.3011 67.329
2101 67.3011 67.4696
2102 67.3011 67.6037
2103 67.3011 67.5761
2104 67.3011 67.7958
2105 67.3011 67.3052
2106 67.3011 67.3912
2107 67.3011 67.3182
2108 67.3011 67.3011
2109 67.3011 67.3058
2110 67.3011 67.3189
2111 67.3011 67.3228
2112 67.3011 67.5118
2113 67.3011 67.6815
2114 67.3011 67.3938
2115 67.3011 67.5346
2116 67.3011 67.5519
2117 67.3011 67.3409
2118 67.3011 67.3025
2119 67.3011 67.3011
2120 67.3011 67.3011
2121 67.3011 67.3058
2122 67.3011 67.3331
2123 67.3011 67.337
2124 67.3011 67.3312
2125 67.3011 67.3011
2126 67.3011 67.3011
2127 67.3011 67.5006
2128 67.3011 67.3681
2129 67.3011 67.3251
2130 67.3011 67.3011
2131 67.3011 67.3011
2132 67.3011 67.3011
2133 67.3011 67.3823
2134 67.3011 67.3395
2135 67.3011 67.6118
2136 67.3011 67.4671
2137 67.3011 67.3918
2138 67.3011 67.3094
2139 67.3011 67.4153
2140 67.3011 67.3379
2141 67.3011 67.3383
2142 67.3011 67.3011
2143 67.3011 67.3011
2144 67.3011 67.3014
2145 67.3011 67.302
2146 67.3011 67.6202
2147 67.3011 67.3111
2148 67.3011 67.3058
2149 67.3011 67.3011
2150 67.3011 67.3011
2151 67.3011 67.3011
2152 67.3011 67.3011
2153 67.3011 67.3022
2154 67.3011 67.5875
2155 67.3011 67.3923
2156 67.3011 67.3366
2157 67.3011 67.3735
2158 67.3011 67.3011
2159 67.3011 67.308
2160 67.3011 67.3169
2161 67.3011 67.3144
2162 67.3011 67.3597
2163 67.3011 67.5283
2164 67.3011 67.3607
2165 67.3011 67.4156
2166 67.3011 67.4001
2167 67.3011 67.3011
2168 67.3011 67.3011
2169 67.3011 67.4665
2170 67.3011 67.3596
2171 67.3011 67.3541
2172 67.3011 67.3011
2173 67.3011 67.416
2174 67.3011 67.332
2175 67.3011 67.5161
2176 67.3011 67.4047
2177 67.3011 67.3538
2178 67.3011 67.386
2179 67.3011 67.3975
2180 67.3011 67.3196
2181 67.3011 67.3425
2182 67.3011 67.4187
2183 67.3011 67.5455
2184 67.3011 67.3758
2185 67.3011 67.3199
2186 67.3011 67.3011
2187 67.3011 67.3097
2188 67.3011 67.3408
2189 67.3011 67.3491
2190 67.3011 67.3145
2191 67.3011 67.3058
2192 67.3011 67.3011
2193 67.3011 67.3011
2194 67.3011 67.3014
2195 67.3011 67.3273
2196 67.3011 67.325
2197 67.3011 67.3729
2198 67.3011 67.5079
2199 67.3011 67.433
2200 67.3011 67.4316
2201 67.3011 67.5051
2202 67.3011 67.4028
2203 67.3011 67.6636
2204 67.3011 67.4561
2205 67.3011 67.5475
2206 67.3011 67.3289
2207 67.3011 67.3108
2208 67.3011 67.3134
2209 67.3011 67.3011
2210 67.3011 67.3435
2211 67.3011 67.3249
2212 67.3011 67.3011
2213 67.3011 67.3011
2214 67.3011 67.3525
2215 67.3011 67.448
2216 67.3011 67.3011
2217 67.3011 67.3104
2218 67.3011 67.3894
2219 67.3011 67.3011
2220 67.3011 67.3204
2221 67.3011 67.3011
2222 67.3011 67.3011
2223 67.3011 67.3663
2224 67.3011 67.4128
2225 67.3011 67.3654
2226 67.3011 67.31
2227 67.3011 67.3011
2228 67.3011 67.3322
2229 67.3011 67.3749
2230 67.3011 67.5441
2231 67.3011 67.3301
2232 67.3011 67.3158
2233 67.3011 67.3011
2234 67.3011 67.3011
2235 67.3011 67.3011
2236 67.3011 67.3011
2237 67.3011 67.3011
2238 67.3011 67.4731
2239 67.3011 67.4577
2240 67.3011 67.3437
2241 67.3011 67.3368
2242 67.3011 67.3685
2243 67.3011 67.3011
2244 67.3011 67.3011
2245 67.3011 67.3011
2246 67.3011 67.3011
2247 67.3011 67.3398
2248 67.3011 67.3822
2249 67.3011 67.7231
2250 67.3011 67.5261
2251 67.3011 67.3509
2252 67.3011 67.3131
2253 67.3011 67.3011
2254 67.3011 67.3207
2255 67.3011 67.6087
2256 67.3011 67.3588
2257 67.3011 67.4383
2258 67.3011 67.3229
2259 67.3011 67.3909
2260 67.3011 67.4579
2261 67.3011 67.4408
2262 67.3011 67.66
2263 67.3011 67.3442
2264 67.3011 67.3343
2265 67.3011 67.3122
2266 67.3011 67.307
2267 67.3011 67.3022
2268 67.3011 67.3828
2269 67.3011 67.3603
2270 67.3011 67.3081
2271 67.3011 67.3408
2272 67.3011 67.3996
2273 67.3011 67.3391
2274 67.3011 67.3011
2275 67.3011 67.3243
2276 67.3011 67.3888
2277 67.3011 67.3138
2278 67.3011 67.3307
2279 67.3011 67.315
2280 67.3011 67.3637
2281 67.3011 67.4326
2282 67.3011 67.4598
2283 67.3011 67.3019
2284 67.3011 67.4332
2285 67.3011 67.49
2286 67.3011 67.6054
2287 67.3011 67.4288
2288 67.3011 67.3145
2289 67.3011 67.3011
2290 67.3011 67.3011
2291 67.3011 67.4259
2292 67.3011 67.4218
2293 67.3011 67.3019
2294 67.3011 67.3377
2295 67.3011 67.3131
2296 67.3011 67.4167
2297 67.3011 67.4234
2298 67.3011 67.3022
2299 67.3011 67.3365
2300 67.3011 67.3162
2301 67.3011 67.3011
2302 67.3011 67.3123
2303 67.3011 67.3867
2304 67.3011 67.3303
2305 67.3011 67.3011
2306 67.3011 67.3139
2307 67.3011 67.3846
2308 67.3011 67.5483
2309 67.3011 67.3265
2310 67.3011 67.3528
2311 67.3011 67.3402
2312 67.3011 67.3986
2313 67.3011 67.4306
2314 67.3011 67.3868
2315 67.3011 67.303
2316 67.3011 67.3011
2317 67.3011 67.3117
2318 67.3011 67.541
2319 67.3011 67.3751
2320 67.3011 67.4233
2321 67.3011 67.3501
2322 67.3011 67.3244
2323 67.3011 67.3011
2324 67.3011 67.3463
2325 67.3011 67.3224
2326 67.3011 67.4685
2327 67.3011 67.4023
2328 67.3011 67.3137
2329 67.3011 67.3674
2330 67.3011 67.6297
2331 67.3011 67.3971
2332 67.3011 67.356
2333 67.3011 67.4916
2334 67.3011 67.3126
2335 67.3011 67.3012
2336 67.3011 67.3512
2337 67.3011 67.3188
2338 67.3011 67.4185
2339 67.3011 67.3681
2340 67.3011 67.3619
2341 67.3011 67.3011
2342 67.3011 67.3314
2343 67.3011 67.4539
2344 67.3011 67.3685
2345 67.3011 67.3299
2346 67.3011 67.3392
2347 67.3011 67.3011
2348 67.3011 67.3075
2349 67.3011 67.3011
2350 67.3011 67.3125
2351 67.3011 67.5814
2352 67.3011 67.3985
2353 67.3011 67.3721
2354 67.3011 67.3256
2355 67.3011 67.3134
2356 67.3011 67.3011
2357 67.3011 67.3011
2358 67.3011 67.3029
2359 67.3011 67.3011
2360 67.3011 67.3324
2361 67.3011 67.3987
2362 67.3011 67.3049
2363 67.3011 67.4751
2364 67.3011 67.3011
2365 67.3011 67.4719
2366 67.3011 67.3859
2367 67.3011 67.4149
2368 67.3011 67.3011
2369 67.3011 67.3011
2370 67.3011 67.4077
2371 67.3011 67.3417
2372 67.3011 67.466
2373 67.3011 67.5211
2374 67.3011 67.3479
2375 67.3011 67.3068
2376 67.3011 67.3616
2377 67.3011 67.5608
2378 67.3011 67.454
2379 67.3011 67.43
2380 67.3011 67.4366
2381 67.3011 67.4023
2382 67.3011 67.303
2383 67.3011 67.3011
2384 67.3011 67.3342
2385 67.3011 67.3634
2386 67.3011 67.3425
2387 67.3011 67.3196
2388 67.3011 67.3299
2389 67.3011 67.3011
2390 67.3011 67.3158
2391 67.3011 67.3031
2392 67.3011 67.3064
2393 67.3011 67.3965
2394 67.3011 67.5102
2395 67.3011 67.3494
2396 67.3011 67.3364
2397 67.3011 67.3411
2398 67.3011 67.3367
2399 67.3011 67.3114
2400 67.3011 67.3011
2401 67.3011 67.318
2402 67.3011 67.3932
2403 67.3011 67.4682
2404 67.3011 67.3072
2405 67.3011 67.3011
2406 67.3011 67.3011
2407 67.3011 67.3561
2408 67.3011 67.3577
2409 67.3011 67.484
2410 67.3011 67.3859
2411 67.3011 67.3557
2412 67.3011 67.3057
2413 67.3011 67.3021
2414 67.3011 67.3011
2415 67.3011 67.3011
2416 67.3011 67.3415
2417 67.3011 67.312
2418 67.3011 67.3131
2419 67.3011 67.3011
2420 67.3011 67.3531
2421 67.3011 67.3883
2422 67.3011 67.4144
2423 67.3011 67.364
2424 67.3011 67.394
2425 67.3011 67.4056
2426 67.3011 67.3423
2427 67.3011 67.396
2428 67.3011 67.3543
2429 67.3011 67.362
2430 67.3011 67.3136
2431 67.3011 67.3011
2432 67.3011 67.3011
2433 67.3011 67.3792
2434 67.3011 67.452
2435 67.3011 67.3011
2436 67.3011 67.3245
2437 67.3011 67.5343
2438 67.3011 67.483
2439 67.3011 67.3713
2440 67.3011 67.3171
2441 67.3011 67.3313
2442 67.3011 67.6401
2443 67.3011 67.3335
2444 67.3011 67.3918
2445 67.3011 67.3017
2446 67.3011 67.3011
2447 67.3011 67.3011
2448 67.3011 67.3217
2449 67.3011 67.3139
2450 67.3011 67.4631
2451 67.3011 67.3774
2452 67.3011 67.4904
2453 67.3011 67.4281
2454 67.3011 67.4986
2455 67.3011 67.5593
2456 67.3011 67.5459
2457 67.3011 67.3833
2458 67.3011 67.3011
2459 67.3011 67.3659
2460 67.3011 67.4108
2461 67.3011 67.3069
2462 67.3011 67.3072
2463 67.3011 67.3167
2464 67.3011 67.4439
2465 67.3011 67.3287
2466 67.3011 67.3011
2467 67.3011 67.3555
2468 67.3011 67.3245
2469 67.3011 67.3029
2470 67.3011 67.3011
2471 67.3011 67.3011
2472 67.3011 67.3129
2473 67.3011 67.3011
2474 67.3011 67.3011
2475 67.3011 67.3011
2476 67.3011 67.3011
2477 67.3011 67.3011
2478 67.3011 67.3468
2479 67.3011 67.4088
2480 67.3011 67.3011
2481 67.3011 67.3619
2482 67.3011 67.3011
2483 67.3011 67.3011
2484 67.3011 67.3779
2485 67.3011 67.3635
2486 67.3011 67.3011
2487 67.3011 67.3011
2488 67.3011 67.3775
2489 67.3011 67.3347
2490 67.3011 67.3522
2491 67.3011 67.3868
2492 67.3011 67.3037
2493 67.3011 67.3096
2494 67.3011 67.3318
2495 67.3011 67.3011
2496 67.3011 67.3011
2497 67.3011 67.3048
2498 67.3011 67.4158
2499 67.3011 67.3144
2500 67.3011 67.4296
2501 67.3011 67.4123
2502 67.3011 67.3249
2503 67.3011 67.3688
2504 67.3011 67.4285
2505 67.3011 67.4025
2506 67.3011 67.3177
2507 67.3011 67.3261
2508 67.3011 67.3011
2509 67.3011 67.3011
2510 67.3011 67.3295
2511 67.3011 67.3576
2512 67.3011 67.3038
2513 67.3011 67.313
2514 67.3011 67.3012
2515 67.3011 67.3333
2516 67.3011 67.3995
2517 67.3011 67.3011
2518 67.3011 67.3109
2519 67.3011 67.3433
2520 67.3011 67.3392
2521 67.3011 67.3051
2522 67.3011 67.3319
2523 67.3011 67.3291
2524 67.3011 67.3719
2525 67.3011 67.4166
2526 67.3011 67.4035
2527 67.3011 67.3953
2528 67.3011 67.5484
2529 67.3011 67.6583
2530 67.3011 67.5163
2531 67.3011 67.3783
2532 67.3011 67.3011
2533 67.3011 67.3162
2534 67.3011 67.3685
2535 67.3011 67.3351
2536 67.3011 67.3016
2537 67.3011 67.3011
2538 67.3011 67.3311
2539 67.3011 67.5589
2540 67.3011 67.4415
2541 67.3011 67.5804
2542 67.3011 67.3067
2543 67.3011 67.4169
2544 67.3011 67.3011
2545 67.3011 67.3011
2546 67.3011 67.3017
2547 67.3011 67.4659
2548 67.3011 67.3722
2549 67.3011 67.32
2550 67.3011 67.3841
2551 67.3011 67.3075
2552 67.3011 67.3563
2553 67.3011 67.3011
2554 67.3011 67.4016
2555 67.3011 67.3011
2556 67.3011 67.3011
2557 67.3011 67.3011
2558 67.3011 67.3719
2559 67.3011 67.3601
2560 67.3011 67.3979
2561 67.3011 67.4357
2562 67.3011 67.3089
2563 67.3011 67.3911
2564 67.3011 67.3149
2565 67.3011 67.3011
2566 67.3011 67.3042
2567 67.3011 67.3011
2568 67.3011 67.5145
2569 67.3011 67.308
2570 67.3011 67.4542
2571 67.3011 67.3011
2572 67.3011 67.3011
2573 67.3011 67.3165
2574 67.3011 67.3028
2575 67.3011 67.3065
2576 67.3011 67.3011
2577 67.3011 67.3959
2578 67.3011 67.3154
2579 67.3011 67.475
2580 67.3011 67.4384
2581 67.3011 67.3043
2582 67.3011 67.3011
2583 67.3011 67.3391
2584 67.3011 67.3671
2585 67.3011 67.5589
2586 67.3011 67.6312
2587 67.3011 67.4559
2588 67.3011 67.6466
2589 67.3011 67.4681
2590 67.3011 67.3711
2591 67.3011 67.3048
2592 67.3011 67.3739
2593 67.3011 67.4578
2594 67.3011 67.4172
2595 67.3011 67.4505
2596 67.3011 67.3658
2597 67.3011 67.4643
2598 67.3011 67.3977
2599 67.3011 67.5313
2600 67.3011 67.5652
2601 67.3011 67.3417
2602 67.3011 67.3343
2603 67.3011 67.3575
2604 67.3011 67.4155
2605 67.3011 67.3011
2606 67.3011 67.3378
2607 67.3011 67.3022
2608 67.3011 67.4314
2609 67.3011 67.3079
2610 67.3011 67.3698
2611 67.3011 67.3815
2612 67.3011 67.3022
2613 67.3011 67.4564
2614 67.3011 67.3691
2615 67.3011 67.4827
2616 67.3011 67.4321
2617 67.3011 67.4149
2618 67.3011 67.3011
2619 67.3011 67.3191
2620 67.3011 67.3085
2621 67.3011 67.3127
2622 67.3011 67.3684
2623 67.3011 67.472
2624 67.3011 67.567
2625 67.3011 67.3068
2626 67.3011 67.3011
2627 67.3011 67.3011
2628 67.3011 67.3238
2629 67.3011 67.3604
2630 67.3011 67.4273
2631 67.3011 67.4505
2632 67.3011 67.397
2633 67.3011 67.3896
2634 67.3011 67.4836
2635 67.3011 67.3011
2636 67.3011 67.3093
2637 67.3011 67.3011
2638 67.3011 67.3011
2639 67.3011 67.4014
2640 67.3011 67.605
2641 67.3011 67.3981
2642 67.3011 67.3981
2643 67.3011 67.3082
2644 67.3011 67.3011
2645 67.3011 67.3011
2646 67.2647 67.3423
2647 67.2647 67.3797
2648 67.2647 67.4511
2649 67.2647 67.4749
2650 67.2647 67.7828
2651 67.2647 67.7242
2652 67.2647 67.3289
2653 67.2647 67.3711
2654 67.2647 67.2773
2655 67.2647 67.4285
2656 67.2647 67.4521
2657 67.2647 67.4856
2658 67.2647 67.2964
2659 67.2647 67.3583
2660 67.2647 67.2712
2661 67.2647 67.2647
2662 67.2647 67.2799
2663 67.2647 67.2742
2664 67.2647 67.292
2665 67.2647 67.3411
2666 67.2647 67.3681
2667 67.2647 67.2647
2668 67.2647 67.323
2669 67.2647 67.2694
2670 67.2647 67.2647
2671 67.2647 67.3896
2672 67.2647 67.3669
2673 67.2647 67.6357
2674 67.2647 67.3645
2675 67.2647 67.6344
2676 67.2647 67.3195
2677 67.2647 67.2647
2678 67.2647 67.6208
2679 67.2647 67.709
2680 67.2647 67.3222
2681 67.2647 67.294
2682 67.2647 67.3289
2683 67.2647 67.5405
2684 67.2647 67.6183
2685 67.2647 67.3443
2686 67.2647 67.434
2687 67.2647 67.5667
2688 67.2647 67.3233
2689 67.2647 67.2647
2690 67.2647 67.5383
2691 67.2647 67.2963
2692 67.2647 67.2969
2693 67.2647 67.4658
2694 67.2647 67.5113
2695 67.2647 67.2647
2696 67.2647 67.2647
2697 67.2647 67.293
2698 67.2647 67.2647
2699 67.2647 67.2647
2700 67.2647 67.2881
2701 67.2647 67.3098
2702 67.2647 67.29
2703 67.2647 67.3927
2704 67.2647 67.2743
2705 67.2647 67.32
2706 67.2647 67.3033
2707 67.2647 67.3855
2708 67.2647 67.3684
2709 67.2647 67.2647
2710 67.2647 67.4047
2711 67.2647 67.4688
2712 67.2647 67.2647
2713 67.2647 67.2647
2714 67.2647 67.4093
2715 67.2647 67.2647
2716 67.2647 67.4125
2717 67.2647 67.5643
2718 67.2647 67.5277
2719 67.2647 67.2647
2720 67.2647 67.311
2721 67.2647 67.3082
2722 67.2647 67.3005
2723 67.2647 67.3096
2724 67.2647 67.2837
2725 67.2647 67.2647
2726 67.2647 67.273
2727 67.2647 67.3688
2728 67.2647 67.3405
2729 67.2647 67.5173
2730 67.2647 67.4273
2731 67.2647 67.2745
2732 67.2647 67.3281
2733 67.2647 67.2647
2734 67.2647 67.3053
2735 67.2647 67.2647
2736 67.2647 67.4444
2737 67.2647 67.5313
2738 67.2647 67.4444
2739 67.2647 67.327
2740 67.2647 67.5525
2741 67.2647 67.4913
2742 67.2647 67.4057
2743 67.2647 67.2647
2744 67.2647 67.2647
2745 67.2647 67.3259
2746 67.2647 67.4284
2747 67.2647 67.3434
2748 67.2647 67.3169
2749 67.2647 67.4745
2750 67.2647 67.5408
2751 67.2647 67.3326
2752 67.2647 67.306
2753 67.2647 67.3082
2754 67.2647 67.295
2755 67.2647 67.3979
2756 67.2647 67.2858
2757 67.2647 67.2925
2758 67.2647 67.3311
2759 67.2647 67.7743
2760 67.2647 67.3957
2761 67.2647 67.3149
2762 67.2647 67.3243
2763 67.2647 67.2976
2764 67.2647 67.2647
2765 67.2647 67.2647
2766 67.2647 67.2647
2767 67.2647 67.2865
2768 67.2647 67.289
2769 67.2647 67.3106
2770 67.2647 67.5337
2771 67.2647 67.2866
2772 67.2647 67.2647
2773 67.2647 67.2647
2774 67.2647 67.2795
2775 67.2647 67.2864
2776 67.2647 67.3937
2777 67.2647 67.6125
2778 67.2647 67.3357
2779 67.2647 67.5647
2780 67.2647 67.3437
2781 67.2647 67.3439
2782 67.2647 67.6685
2783 67.2647 67.3522
2784 67.2647 67.309
2785 67.2647 67.2647
2786 67.2647 67.2752
2787 67.2647 67.2647
2788 67.2647 67.2647
2789 67.2647 67.2647
2790 67.2647 67.2981
2791 67.2647 67.2906
2792 67.2647 67.2827
2793 67.2647 67.2773
2794 67.2647 67.2771
2795 67.2647 67.2647
2796 67.2647 67.3188
2797 67.2647 67.275
2798 67.2647 67.3356
2799 67.2647 67.3955
2800 67.2647 67.2647
2801 67.2647 67.3814
2802 67.2647 67.2699
2803 67.2647 67.2827
2804 67.2647 67.358
2805 67.2647 67.2647
2806 67.2647 67.2878
2807 67.2647 67.2658
2808 67.2647 67.2647
2809 67.2647 67.3528
2810 67.2647 67.3835
2811 67.2647 67.3355
2812 67.2647 67.4646
2813 67.2647 67.3002
2814 67.2647 67.3969
2815 67.2647 67.3358
2816 67.2647 67.4055
2817 67.2647 67.3021
2818 67.2647 67.3133
2819 67.2647 67.2653
2820 67.2647 67.3681
2821 67.2647 67.2647
2822 67.2647 67.31
2823 67.2647 67.3197
2824 67.2647 67.2647
2825 67.2647 67.2929
2826 67.2647 67.2647
2827 67.2647 67.2647
2828 67.2647 67.2877
2829 67.2647 67.3872
2830 67.2647 67.3335
2831 67.2647 67.3281
2832 67.2647 67.2805
2833 67.2647 67.3944
2834 67.2647 67.2913
2835 67.2647 67.4009
2836 67.2647 67.2721
2837 67.2647 67.2656
2838 67.2647 67.5544
2839 67.2647 67.5838
2840 67.2647 67.3754
2841 67.2647 67.583
2842 67.2647 67.4415
2843 67.2647 67.4061
2844 67.0417 67.4564
2845 67.0417 67.3943
2846 67.0417 67.3224
2847 67.0417 67.1613
2848 67.0417 67.0913
2849 67.0417 67.265
2850 67.0417 67.0501
2851 67.0417 67.0894
2852 67.0417 67.1745
2853 67.0417 67.0417
2854 67.0417 67.0417
2855 67.0417 67.131
2856 67.0417 67.0514
2857 67.0417 67.1948
2858 67.0417 67.4092
2859 67.0417 67.239
2860 67.0417 67.066
2861 67.0417 67.0423
2862 67.0417 67.0778
2863 67.0417 67.0822
2864 67.0417 67.0579
2865 67.0417 67.2383
2866 67.0417 67.1541
2867 67.0417 67.0839
2868 67.0417 67.0785
2869 67.0417 67.2425
2870 67.0417 67.1776
2871 67.0417 67.1622
2872 67.0417 67.0488
2873 67.0417 67.1726
2874 67.0417 67.1206
2875 67.0417 67.0417
2876 67.0417 67.0417
2877 67.0417 67.0672
2878 67.0417 67.4372
2879 67.0417 67.5746
2880 67.0417 67.0417
2881 67.0417 67.1016
2882 67.0417 67.0457
2883 67.0417 67.0471
2884 67.0417 67.0473
2885 67.0417 67.0458
2886 67.0417 67.0669
2887 67.0417 67.0832
2888 67.0417 67.0747
2889 67.0417 67.1271
2890 67.0417 67.0831
2891 67.0417 67.1738
2892 67.0417 67.1579
2893 67.0417 67.141
2894 67.0417 67.3484
2895 67.0417 67.1128
2896 67.0417 67.1175
2897 67.0417 67.0919
2898 67.0417 67.146
2899 67.0417 67.0741
2900 67.0417 67.0765
2901 67.0417 67.4893
2902 67.0417 67.1938
2903 67.0417 67.0514
2904 67.0417 67.1958
2905 67.0417 67.1725
2906 67.0417 67.0767
2907 67.0417 67.124
2908 67.0417 67.0856
2909 67.0417 67.0498
2910 67.0417 67.0719
2911 67.0417 67.0417
2912 67.0417 67.1285
2913 67.0417 67.0991
2914 67.0417 67.0552
2915 67.0417 67.1658
2916 67.0417 67.0548
2917 67.0417 67.0417
2918 67.0417 67.0728
2919 67.0417 67.0975
2920 67.0417 67.0574
2921 67.0417 67.0431
2922 67.0417 67.0417
2923 67.0417 67.1077
2924 67.0417 67.1363
2925 67.0417 67.0641
2926 67.0417 67.084
2927 67.0417 67.0963
2928 67.0417 67.2577
2929 67.0417 67.0707
2930 67.0417 67.0417
2931 67.0417 67.0417
2932 67.0417 67.0417
2933 67.0417 67.0417
2934 67.0417 67.1712
2935 67.0417 67.0417
2936 67.0417 67.077
2937 67.0417 67.1076
2938 67.0417 67.0417
2939 67.0417 67.1683
2940 67.0417 67.0767
2941 67.0417 67.0916
2942 67.0417 67.0417
2943 67.0417 67.0632
2944 67.0417 67.1497
2945 67.0417 67.4222
2946 67.0417 67.1988
2947 67.0417 67.0417
2948 67.0417 67.1119
2949 67.0417 67.1158
2950 67.0417 67.0625
2951 67.0417 67.0575
2952 67.0417 67.0499
2953 67.0417 67.0418
2954 67.0417 67.0447
2955 67.0417 67.0489
2956 67.0417 67.0417
2957 67.0417 67.0417
2958 67.0417 67.0417
2959 67.0417 67.1226
2960 67.0417 67.1795
2961 67.0417 67.0919
2962 67.0417 67.0818
2963 67.0417 67.0417
2964 67.0417 67.0417
2965 67.0417 67.0427
2966 67.0417 67.0879
2967 67.0417 67.1082
2968 67.0417 67.0653
2969 67.0417 67.0478
2970 67.0417 67.0546
2971 67.0417 67.287
2972 67.0417 67.1187
2973 67.0417 67.055
2974 67.0417 67.1447
2975 67.0417 67.0683
2976 67.0417 67.0626
2977 67.0417 67.0449
2978 67.0417 67.0482
2979 67.0417 67.0883
2980 67.0417 67.0614
2981 67.0417 67.0417
2982 67.0417 67.1502
2983 67.0417 67.0417
2984 67.0417 67.0417
2985 67.0417 67.0452
2986 67.0417 67.0719
2987 67.0417 67.0417
2988 67.0417 67.0417
2989 67.0417 67.0507
2990 67.0417 67.0618
2991 67.0417 67.0551
2992 67.0417 67.0664
2993 67.0417 67.2714
2994 67.0417 67.2613
2995 67.0417 67.3021
2996 67.0417 67.0511
2997 67.0417 67.0417
2998 67.0417 67.13
2999 67.0417 67.0819
3000 67.0417 67.0554
3001 67.0417 67.0452
3002 67.0417 67.2384
3003 67.0417 67.25
3004 67.0417 67.0644
3005 67.0417 67.0595
3006 67.0417 67.0417
3007 67.0417 67.0417
3008 67.0417 67.1852
3009 67.0417 67.0417
3010 67.0417 67.094
3011 67.0417 67.0417
3012 67.0417 67.3009
3013 67.0417 67.1565
3014 67.0417 67.0417
3015 67.0417 67.2282
3016 67.0417 67.2014
3017 67.0417 67.2064
3018 67.0417 67.2472
3019 67.0417 67.0841
3020 67.0417 67.0923
3021 67.0417 67.0557
3022 67.0417 67.1999
3023 67.0417 67.2812
3024 67.0417 67.0417
3025 67.0417 67.0417
3026 67.0417 67.0646
3027 67.0417 67.0591
3028 67.0417 67.0417
3029 67.0417 67.0417
3030 67.0417 67.0417
3031 67.0417 67.0705
3032 67.0417 67.0899
3033 67.0417 67.1511
3034 67.0417 67.0417
3035 67.0417 67.0428
3036 67.0417 67.0717
3037 67.0417 67.0896
3038 67.0417 67.1879
3039 67.0417 67.1398
3040 67.0417 67.0657
3041 67.0417 67.0808
3042 67.0417 67.124
3043 67.0417 67.1337
3044 67.0417 67.1393
3045 67.0417 67.0502
3046 67.0417 67.0851
3047 67.0417 67.2025
3048 67.0417 67.1873
3049 67.0417 67.1565
3050 67.0417 67.1535
3051 67.0417 67.2711
3052 67.0417 67.0481
3053 67.0417 67.1927
3054 67.0417 67.1026
3055 67.0417 67.0635
3056 67.0417 67.0896
3057 67.0417 67.1127
3058 67.0417 67.1294
3059 67.0417 67.0468
3060 67.0417 67.0457
3061 67.0417 67.0417
3062 67.0417 67.0417
3063 67.0417 67.0747
3064 67.0417 67.0711
3065 67.0417 67.0736
3066 67.0417 67.1297
3067 67.0417 67.3841
3068 67.0417 67.1699
3069 67.0417 67.054
3070 67.0417 67.0648
3071 67.0417 67.0809
3072 67.0417 67.0417
3073 67.0417 67.1025
3074 67.0417 67.138
3075 67.0417 67.0417
3076 67.0417 67.0579
3077 67.0417 67.1611
3078 67.0417 67.0479
3079 67.0417 67.0417
3080 67.0417 67.0417
3081 67.0417 67.061
3082 67.0417 67.0478
3083 67.0417 67.1029
3084 67.0417 67.0965
3085 67.0417 67.0731
3086 67.0417 67.0731
3087 67.0417 67.1036
3088 67.0417 67.084
3089 67.0417 67.1144
3090 67.0417 67.0427
3091 67.0417 67.3018
3092 67.0417 67.0418
3093 67.0417 67.0417
3094 67.0417 67.0885
3095 67.0417 67.1688
3096 67.0417 67.1309
3097 67.0417 67.0674
3098 67.0417 67.145
3099 67.0417 67.3306
3100 67.0417 67.11
3101 67.0417 67.0686
3102 67.0417 67.0417
3103 67.0417 67.1151
3104 67.0417 67.1418
3105 67.0417 67.1062
3106 67.0417 67.0817
3107 67.0417 67.054
3108 67.0417 67.0417
3109 67.0417 67.0734
3110 67.0417 67.1738
3111 67.0417 67.184
3112 67.0417 67.0974
3113 67.0417 67.1044
3114 67.0417 67.0631
3115 67.0417 67.0417
3116 67.0417 67.1028
3117 67.0417 67.1107
3118 67.0417 67.0975
3119 67.0417 67.1723
3120 67.0417 67.0417
3121 67.0417 67.0594
3122 67.0417 67.0417
3123 67.0417 67.0417
3124 67.0417 67.0485
3125 67.0417 67.0725
3126 67.0417 67.0424
3127 67.0417 67.0417
3128 67.0417 67.0909
3129 67.0417 67.0429
3130 67.0417 67.2667
3131 67.0417 67.2077
3132 67.0417 67.1253
3133 67.0417 67.0816
3134 67.0417 67.3085
3135 67.0417 67.297
3136 67.0417 67.1441
3137 67.0417 67.0417
3138 67.0417 67.0853
3139 67.0417 67.0417
3140 67.0417 67.0968
3141 67.0417 67.0452
3142 67.0417 67.0417
3143 67.0417 67.2196
3144 67.0417 67.0737
3145 67.0417 67.2919
3146 67.0417 67.2105
3147 67.0417 67.2458
3148 67.0417 67.0478
3149 67.0417 67.0417
3150 67.0417 67.0725
3151 67.0417 67.1932
3152 67.0417 67.0553
3153 67.0417 67.0417
3154 67.0417 67.1747
3155 67.0417 67.1631
3156 67.0417 67.2977
3157 67.0417 67.1232
3158 67.0417 67.1483
3159 67.0417 67.0785
3160 67.0417 67.117
3161 67.0417 67.2314
3162 67.0417 67.0525
3163 67.0417 67.0658
3164 67.0417 67.0496
3165 67.0417 67.1837
3166 67.0417 67.2897
3167 67.0417 67.1471
3168 67.0417 67.2084
3169 67.0417 67.0417
3170 67.0417 67.0557
3171 67.0417 67.1288
3172 67.0417 67.0603
3173 67.0417 67.0819
3174 67.0417 67.1116
3175 67.0417 67.2143
3176 67.0417 67.0592
3177 67.0417 67.0417
3178 67.0417 67.1923
3179 67.0417 67.1242
3180 67.0417 67.1941
3181 67.0417 67.1877
3182 67.0417 67.1245
3183 67.0417 67.2982
3184 67.0417 67.1587
3185 67.0417 67.091
3186 67.0417 67.0914
3187 67.0417 67.0646
3188 67.0417 67.2617
3189 67.0417 67.4408
3190 67.0417 67.1286
3191 67.0417 67.0421
3192 67.0417 67.0418
3193 67.0417 67.1037
3194 67.0417 67.1499
3195 67.0417 67.1537
3196 67.0417 67.0917
3197 67.0417 67.0417
3198 67.0417 67.0498
3199 67.0417 67.0417
3200 67.0417 67.1524
3201 67.0417 67.1098
3202 67.0417 67.1586
3203 67.0417 67.0984
3204 67.0417 67.0633
3205 67.0417 67.0985
3206 67.0417 67.0973
3207 67.0417 67.0516
3208 67.0417 67.0436
3209 67.0417 67.0417
3210 67.0417 67.1088
3211 67.0417 67.23
3212 67.0417 67.0639
3213 67.0417 67.1448
3214 67.0417 67.0459
3215 67.0417 67.0519
3216 67.0417 67.1338
3217 67.0417 67.0957
3218 67.0417 67.0417
3219 67.0417 67.0545
3220 67.0417 67.2786
3221 67.0417 67.093
3222 67.0417 67.1681
3223 67.0417 67.1827
3224 67.0417 67.1154
3225 67.0417 67.0887
3226 67.0417 67.4177
3227 67.0417 67.3621
3228 67.0417 67.209
3229 67.0417 67.0602
3230 67.0417 67.1221
3231 67.0417 67.0696
3232 67.0417 67.1718
3233 67.0417 67.08
3234 67.0417 67.11
3235 67.0417 67.0887
3236 67.0417 67.0417
3237 67.0417 67.092
3238 67.0417 67.1378
3239 67.0417 67.4826
3240 67.0417 67.2362
3241 67.0417 67.2677
3242 67.0417 67.1159
3243 67.0417 67.1011
3244 67.0417 67.2327
3245 67.0417 67.0963
3246 67.0417 67.0841
3247 67.0417 67.0417
3248 67.0417 67.1037
3249 67.0417 67.0946
3250 67.0417 67.0957
3251 67.0417 67.1358
3252 67.0417 67.0507
3253 67.0417 67.0417
3254 67.0417 67.0583
3255 67.0417 67.0933
3256 67.0417 67.074
3257 67.0417 67.2265
3258 67.0417 67.1105
3259 67.0417 67.0417
3260 67.0417 67.0417
3261 67.0417 67.0516
3262 67.0417 67.0417
3263 67.0417 67.0417
3264 67.0417 67.1055
3265 67.0417 67.0866
3266 67.0417 67.2474
3267 67.0417 67.0593
3268 67.0417 67.1595
3269 67.0417 67.295
3270 67.0417 67.1858
3271 67.0417 67.0822
3272 67.0417 67.1494
3273 67.0417 67.1688
3274 67.0417 67.2203
3275 67.0417 67.3635
3276 67.0417 67.3019
3277 67.0417 67.2801
3278 67.0417 67.2511
3279 67.0417 67.1467
3280 67.0417 67.0511
3281 67.0417 67.0428
3282 67.0417 67.044
3283 67.0417 67.0507
3284 67.0417 67.0682
3285 67.0417 67.1181
3286 67.0417 67.0714
3287 67.0417 67.0971
3288 67.0417 67.0428
3289 67.0417 67.0521
3290 67.0417 67.0417
3291 67.0417 67.1847
3292 67.0417 67.2602
3293 67.0417 67.1268
3294 67.0417 67.0698
3295 67.0417 67.1535
3296 67.0417 67.2529
3297 67.0417 67.0483
3298 67.0417 67.0417
3299 67.0417 67.118
3300 67.0417 67.0652
3301 67.0417 67.1148
3302 67.0417 67.1096
3303 67.0417 67.0642
3304 67.0417 67.0417
3305 67.0417 67.0772
3306 67.0417 67.1931
3307 67.0417 67.2076
3308 67.0417 67.2893
3309 67.0417 67.1769
3310 67.0417 67.075
3311 67.0417 67.0417
3312 67.0417 67.0417
3313 67.0417 67.0417
3314 67.0417 67.2506
3315 67.0417 67.0615
3316 67.0417 67.1385
3317 67.0417 67.0417
3318 67.0417 67.0484
3319 67.0417 67.0605
3320 67.0417 67.1373
3321 67.0417 67.2503
3322 67.0417 67.1211
3323 67.0417 67.1543
3324 67.0417 67.1166
3325 67.0417 67.1471
3326 67.0417 67.0784
3327 67.0417 67.1964
3328 67.0417 67.0641
3329 67.0417 67.185
3330 67.0417 67.0465
3331 67.0417 67.0417
3332 67.0417 67.0417
3333 67.0417 67.1397
3334 67.0417 67.2059
3335 67.0417 67.0868
3336 67.0417 67.073
3337 67.0417 67.0464
3338 67.0417 67.048
3339 67.0417 67.2054
3340 67.0417 67.0666
3341 67.0417 67.4577
3342 67.0417 67.1354
3343 67.0417 67.1231
3344 67.0417 67.0417
3345 67.0417 67.0729
3346 67.0417 67.0417
3347 67.0417 67.0417
3348 67.0417 67.0417
3349 67.0417 67.0746
3350 67.0417 67.1588
3351 67.0417 67.1389
3352 67.0417 67.2299
3353 67.0417 67.0518
3354 67.0417 67.1065
3355 67.0417 67.0734
3356 67.0417 67.0901
3357 67.0417 67.0417
3358 67.0417 67.2839
3359 67.0417 67.2119
3360 67.0417 67.2837
3361 67.0417 67.1797
3362 67.0417 67.2228
3363 67.0417 67.1369
3364 67.0417 67.0538
3365 67.0417 67.1036
3366 67.0417 67.1366
3367 67.0417 67.0478
3368 67.0417 67.1067
3369 67.0417 67.3985
3370 67.0417 67.4882
3371 67.0417 67.1431
3372 67.0417 67.0417
3373 67.0417 67.0417
3374 67.0417 67.1097
3375 67.0417 67.1859
3376 67.0417 67.2011
3377 67.0417 67.1487
3378 67.0417 67.297
3379 67.0417 67.2176
3380 67.0417 67.1154
3381 67.0417 67.087
3382 67.0417 67.1176
3383 67.0417 67.0932
3384 67.0417 67.0417
3385 67.0417 67.0417
3386 67.0417 67.0417
3387 67.0417 67.0417
3388 67.0417 67.1606
3389 67.0417 67.0616
3390 67.0417 67.0521
3391 67.0417 67.0417
3392 67.0417 67.0841
3393 67.0417 67.1845
3394 67.0417 67.0786
3395 67.0417 67.1186
3396 67.0417 67.1349
3397 67.0417 67.0823
3398 67.0417 67.0796
3399 67.0417 67.0417
3400 67.0417 67.0417
3401 67.0417 67.0417
3402 67.0417 67.0417
3403 67.0417 67.0505
3404 67.0417 67.1724
3405 67.0417 67.4464
3406 67.0417 67.0762
3407 67.0417 67.0618
3408 67.0417 67.0417
3409 67.0417 67.0727
3410 67.0417 67.1134
3411 67.0417 67.1032
3412 67.0417 67.051
3413 67.0417 67.1341
3414 67.0417 67.0951
3415 67.0417 67.0512
3416 67.0417 67.0417
3417 67.0417 67.0417
3418 67.0417 67.0726
3419 67.0417 67.2112
3420 67.0417 67.1336
3421 67.0417 67.0417
3422 67.0417 67.0639
3423 67.0417 67.0417
3424 67.0417 67.0574
3425 67.0417 67.1229
3426 67.0417 67.0417
3427 67.0417 67.1201
3428 67.0417 67.0417
3429 67.0417 67.342
3430 67.0417 67.0417
3431 67.0417 67.0417
3432 67.0417 67.0417
3433 67.0417 67.0417
3434 67.0417 67.1631
3435 67.0417 67.1439
3436 67.0417 67.3013
3437 67.0417 67.5014
3438 67.0417 67.137
3439 67.0417 67.298
3440 67.0417 67.4676
3441 67.0417 67.2197
3442 67.0417 67.082
3443 67.0417 67.1143
3444 67.0417 67.1925
3445 67.0417 67.0461
3446 67.0417 67.0465
3447 67.0417 67.046
3448 67.0417 67.0417
3449 67.0417 67.0927
3450 67.0417 67.4721
3451 67.0417 67.3605
3452 67.0417 67.1137
3453 67.0417 67.0482
3454 67.0417 67.1788
3455 67.0417 67.1597
3456 67.0417 67.0707
3457 67.0417 67.202
3458 67.0417 67.0443
3459 67.0417 67.0417
3460 67.0417 67.0632
3461 67.0417 67.1306
3462 67.0417 67.1227
3463 67.0417 67.1176
3464 67.0417 67.2199
3465 67.0417 67.1649
3466 67.0417 67.1492
3467 67.0417 67.0826
3468 67.0417 67.0485
3469 67.0417 67.0417
3470 67.0417 67.1071
3471 67.0417 67.0857
3472 67.0417 67.1984
3473 67.0417 67.0892
3474 67.0417 67.0418
3475 67.0417 67.0553
3476 67.0417 67.0417
3477 67.0417 67.0417
3478 67.0417 67.1624
3479 67.0417 67.0443
3480 67.0417 67.0417
3481 67.0417 67.0417
3482 67.0417 67.0463
3483 67.0417 67.0578
3484 67.0417 67.149
3485 67.0417 67.0417
3486 67.0417 67.1545
3487 67.0417 67.259
3488 67.0417 67.4862
3489 67.0417 67.4101
3490 67.0417 67.0833
3491 67.0417 67.1177
3492 67.0417 67.0417
3493 67.0417 67.2849
3494 67.0417 67.0872
3495 67.0417 67.14
3496 67.0417 67.1496
3497 67.0417 67.0424
3498 67.0417 67.1977
3499 67.0417 67.0945
3500 67.0417 67.0417
3501 67.0417 67.0417
3502 67.0417 67.0417
3503 67.0417 67.0417
3504 67.0417 67.0417
3505 67.0417 67.1003
3506 67.0417 67.3072
3507 67.0417 67.0776
3508 67.0417 67.0856
3509 67.0417 67.0417
3510 67.0417 67.0417
3511 67.0417 67.0417
3512 67.0417 67.0417
3513 67.0417 67.0417
3514 67.0417 67.0417
3515 67.0417 67.1351
3516 67.0417 67.2144
3517 67.0417 67.3567
3518 67.0417 67.0912
3519 67.0417 67.0453
3520 67.0417 67.0417
3521 67.0417 67.0417
3522 67.0417 67.0863
3523 67.0417 67.086
3524 67.0417 67.1865
3525 67.0417 67.1067
3526 67.0417 67.0696
3527 67.0417 67.0676
3528 67.0417 67.0417
3529 67.0417 67.0417
3530 67.0417 67.0621
3531 67.0417 67.0556
3532 67.0417 67.0417
3533 67.0417 67.0417
3534 67.0417 67.0417
3535 67.0417 67.0718
3536 67.0417 67.1803
3537 67.0417 67.1114
3538 67.0417 67.4584
3539 67.0417 67.0501
3540 67.0417 67.0417
3541 67.0417 67.069
3542 67.0417 67.1198
3543 67.0417 67.0563
3544 67.0417 67.1675
3545 67.0417 67.0864
3546 67.0417 67.1644
3547 67.0417 67.4386
3548 67.0417 67.1638
3549 67.0417 67.0782
3550 67.0417 67.1287
3551 67.0417 67.0417
3552 67.0417 67.0417
3553 67.0417 67.0824
3554 67.0417 67.0986
3555 67.0417 67.1649
3556 67.0417 67.2644
3557 67.0417 67.1461
3558 67.0417 67.0427
3559 67.0417 67.0992
3560 67.0417 67.0439
3561 67.0417 67.1188
3562 67.0417 67.0698
3563 67.0417 67.0442
3564 67.0417 67.1842
3565 67.0417 67.223
3566 67.0417 67.0821
3567 67.0417 67.0807
3568 67.0417 67.0509
3569 67.0417 67.0417
3570 67.0417 67.0509
3571 67.0417 67.1162
3572 67.0417 67.2743
3573 67.0417 67.0417
3574 67.0417 67.1084
3575 67.0417 67.2366
3576 67.0417 67.2534
3577 67.0417 67.0899
3578 67.0417 67.0417
3579 67.0417 67.1158
3580 67.0417 67.1086
3581 67.0417 67.1505
3582 67.0417 67.2882
3583 67.0417 67.0967
3584 67.0417 67.0685
3585 67.0417 67.0417
3586 67.0417 67.0684
3587 67.0417 67.0522
3588 67.0417 67.2092
3589 67.0417 67.1081
3590 67.0417 67.0866
3591 67.0417 67.2771
3592 67.0417 67.318
3593 67.0417 67.2268
3594 67.0417 67.0417
3595 67.0417 67.0919
3596 67.0417 67.1015
3597 67.0417 67.046
3598 67.0417 67.0804
3599 67.0417 67.0417
3600 67.0417 67.0417
3601 67.0417 67.0417
3602 67.0417 67.0417
3603 67.0417 67.0452
3604 67.0417 67.0428
3605 67.0417 67.0417
3606 67.0417 67.0502
3607 67.0417 67.101
3608 67.0417 67.0417
3609 67.0417 67.0456
3610 67.0417 67.1057
3611 67.0417 67.1031
3612 67.0417 67.0417
3613 67.0417 67.0928
3614 67.0417 67.1804
3615 67.0417 67.0417
3616 67.0417 67.0954
3617 67.0417 67.1675
3618 67.0417 67.1156
3619 67.0417 67.2677
3620 67.0417 67.2787
3621 67.0417 67.2886
3622 67.0417 67.1196
3623 67.0417 67.0579
3624 67.0417 67.2525
3625 67.0417 67.0636
3626 67.0417 67.118
3627 67.0417 67.0803
3628 67.0417 67.0623
3629 67.0417 67.0733
3630 67.0417 67.3446
3631 67.0417 67.3344
3632 67.0417 67.243
3633 67.0417 67.0612
3634 67.0417 67.0623
3635 67.0417 67.1213
3636 67.0417 67.0417
3637 67.0417 67.0417
3638 67.0417 67.0417
3639 67.0417 67.1084
3640 67.0417 67.0528
3641 67.0417 67.2603
3642 67.0417 67.0732
3643 67.0417 67.0897
3644 67.0417 67.0831
3645 67.0417 67.0483
3646 67.0417 67.1046
3647 67.0417 67.0417
3648 67.0417 67.0417
3649 67.0417 67.0417
3650 67.0417 67.1099
3651 67.0417 67.0743
3652 67.0417 67.1084
3653 67.0417 67.1352
3654 67.0417 67.1443
3655 67.0417 67.1134
3656 67.0417 67.1713
3657 67.0417 67.4377
3658 67.0417 67.4135
3659 67.0417 67.2372
3660 67.0417 67.1742
3661 67.0417 67.4487
3662 67.0417 67.3728
3663 67.0417 67.0827
3664 67.0417 67.0549
3665 67.0417 67.0488
3666 67.0417 67.0468
3667 67.0417 67.2
3668 67.0417 67.0494
3669 67.0417 67.0417
3670 67.0417 67.0417
3671 67.0417 67.0417
3672 67.0417 67.1556
3673 67.0417 67.0417
3674 67.0417 67.0697
3675 67.0417 67.0457
3676 67.0417 67.0456
3677 67.0417 67.0878
3678 67.0417 67.1917
3679 67.0417 67.1468
3680 67.0417 67.0483
3681 67.0417 67.0622
3682 67.0417 67.0608
3683 67.0417 67.0417
3684 67.0417 67.0417
3685 67.0417 67.1084
3686 67.0417 67.3054
3687 67.0417 67.1181
3688 67.0417 67.1659
3689 67.0417 67.1074
3690 67.0417 67.1706
3691 67.0417 67.1271
3692 67.0417 67.1907
3693 67.0417 67.0785
3694 67.0417 67.0478
3695 67.0417 67.2079
3696 67.0417 67.1007
3697 67.0417 67.0468
3698 67.0417 67.0521
3699 67.0417 67.1703
3700 67.0417 67.0823
3701 67.0417 67.0487
3702 67.0417 67.1505
3703 67.0417 67.1152
3704 67.0417 67.0504
3705 67.0417 67.0913
3706 67.0417 67.2095
3707 67.0417 67.2911
3708 67.0417 67.0662
3709 67.0417 67.1005
3710 67.0417 67.2012
3711 67.0417 67.1313
3712 67.0417 67.0985
3713 67.0417 67.1888
3714 67.0417 67.1874
3715 67.0417 67.0786
3716 67.0417 67.0417
3717 67.0417 67.0763
3718 67.0417 67.0503
3719 67.0417 67.0456
3720 67.0417 67.0417
3721 67.0417 67.0433
3722 67.0417 67.0417
3723 67.0417 67.0529
3724 67.0417 67.0436
3725 67.0417 67.052
3726 67.0417 67.2198
3727 67.0417 67.0417
3728 67.0417 67.0568
3729 67.0417 67.1952
3730 67.0417 67.135
3731 67.0417 67.236
3732 67.0417 67.1156
3733 67.0417 67.1434
3734 67.0417 67.1902
3735 67.0417 67.1364
3736 67.0417 67.272
3737 67.0417 67.4444
3738 67.0417 67.0865
3739 67.0417 67.1103
3740 67.0417 67.112
3741 67.0417 67.2469
3742 67.0417 67.4099
3743 67.0417 67.2481
3744 67.0417 67.0417
3745 67.0417 67.1011
3746 67.0417 67.1929
3747 67.0417 67.247
3748 67.0417 67.0769
3749 67.0417 67.0742
3750 67.0417 67.1194
3751 67.0417 67.1232
3752 67.0417 67.2311
3753 67.0417 67.1172
3754 67.0417 67.0822
3755 67.0417 67.0417
3756 67.0417 67.0771
3757 67.0417 67.2479
3758 67.0417 67.1053
3759 67.0417 67.0466
3760 67.0417 67.0521
3761 67.0417 67.1552
3762 67.0417 67.1325
3763 67.0417 67.161
3764 67.0417 67.2124
3765 67.0417 67.0643
3766 67.0417 67.0521
3767 67.0417 67.1499
3768 67.0417 67.2018
3769 66.9899 67.0416
3770 66.9899 67.0331
3771 66.9899 67.0142
3772 66.9899 66.9997
3773 66.9899 67.0022
3774 66.9899 67.0158
3775 66.9899 67.1051
3776 66.9899 67.2787
3777 66.9899 67.096
3778 66.9899 67.0552
3779 66.9899 67.2904
3780 66.9899 67.0515
3781 66.9899 66.9899
3782 66.9899 67.092
3783 66.9899 67.0453
3784 66.9899 67.3941
3785 66.9899 67.0552
3786 66.9899 66.9957
3787 66.9899 66.9937
3788 66.9899 66.9899
3789 66.9899 66.9899
3790 66.9899 66.9899
3791 66.9899 67.0766
3792 66.9899 67.0577
3793 66.9899 66.9899
3794 66.9899 67.0412
3795 66.9899 66.9899
3796 66.9899 66.9899
3797 66.9899 67.114
3798 66.9899 67.0906
3799 66.9899 67.0352
3800 66.9899 66.9899
3801 66.9899 67.2698
3802 66.9899 67.2877
3803 66.9899 67.3557
3804 66.9899 67.0268
3805 66.9899 66.9899
3806 66.9899 67.1537
3807 66.9899 67.0556
3808 66.9899 66.9975
3809 66.9899 67.0114
3810 66.9899 67.0077
3811 66.9899 67.039
3812 66.9899 66.9968
3813 66.9899 67.0054
3814 66.9899 67.1267
3815 66.9899 67.0673
3816 66.9899 66.9899
3817 66.9899 66.9941
3818 66.9899 67.1375
3819 66.9899 67.0758
3820 66.9899 66.9992
3821 66.9899 66.9899
3822 66.9899 67.0699
3823 66.9899 67.0278
3824 66.9899 67.0068
3825 66.9899 67.0063
3826 66.9899 67.0179
3827 66.9899 67.1276
3828 66.9899 67.1608
3829 66.9899 67.1062
3830 66.9899 67.1074
3831 66.9899 67.0499
3832 66.9899 67.1004
3833 66.9899 67.0213
3834 66.9899 66.9899
3835 66.9899 66.9899
3836 66.9899 66.9899
3837 66.9899 67.0178
3838 66.9899 67.1142
3839 66.9899 67.0228
3840 66.9899 66.9899
3841 66.9899 66.9899
3842 66.9899 66.9899
3843 66.9899 66.9899
3844 66.9899 67.0216
3845 66.9899 66.9899
3846 66.9899 67.0187
3847 66.9899 67.0192
3848 66.9899 67.0182
3849 66.9899 66.9899
3850 66.9899 66.9902
3851 66.9899 67.0553
3852 66.9899 67.0636
3853 66.9899 67.0536
3854 66.8264 67.1769
3855 66.8264 67.2148
3856 66.8264 67.152
3857 66.8264 66.9219
3858 66.8264 66.9296
3859 66.8264 67.0742
3860 66.8264 66.908
3861 66.8264 66.9268
3862 66.8264 66.985
3863 66.8264 67.0192
3864 66.8264 66.9551
3865 66.8264 66.971
3866 66.8264 66.9453
3867 66.8264 67.01
3868 66.8264 67.017
3869 66.8264 66.9837
3870 66.8264 67.0721
3871 66.8264 66.8854
3872 66.8264 66.8996
3873 66.8264 66.8264
3874 66.8264 66.9231
3875 66.8264 66.8688
3876 66.8264 66.9911
3877 66.8264 66.8559
3878 66.8264 67.0248
3879 66.8264 67.0076
3880 66.8264 66.9689
3881 66.8264 66.8264
3882 66.8264 67.0338
3883 66.8264 67.047
3884 66.8264 67.19
3885 66.8264 66.8506
3886 66.8264 67.0097
3887 66.8264 66.9725
3888 66.8264 67.1165
3889 66.8264 66.8339
3890 66.8264 66.8649
3891 66.8264 66.8605
3892 66.8264 66.9513
3893 66.8264 66.9755
3894 66.8264 66.9674
3895 66.8264 66.8264
3896 66.8264 66.9115
3897 66.8264 67.2464
3898 66.8264 66.9595
3899 66.8264 66.8266
3900 66.8264 66.8264
3901 66.8264 66.8264
3902 66.8264 66.8264
3903 66.8264 66.8265
3904 66.8264 66.9324
3905 66.8264 66.8264
3906 66.8264 66.912
3907 66.8264 66.8264
3908 66.8264 66.8875
3909 66.8264 66.9489
3910 66.8264 66.8539
3911 66.8264 66.8665
3912 66.8264 66.9284
3913 66.8264 66.9029
3914 66.8264 66.9475
3915 66.8264 66.9828
3916 66.8264 67.0997
3917 66.8264 66.9947
3918 66.8264 66.9292
3919 66.8264 66.8264
3920 66.8264 66.8264
3921 66.8264 67.1541
3922 66.8264 66.9505
3923 66.8264 66.8517
3924 66.8264 66.8284
3925 66.8264 66.8349
3926 66.8264 66.827
3927 66.8264 66.8264
3928 66.8264 66.8299
3929 66.8264 66.8447
3930 66.8264 67.1179
3931 66.8264 66.8684
3932 66.8264 66.8264
3933 66.8264 66.8579
3934 66.8264 66.8724
3935 66.8264 66.8897
3936 66.8264 66.9021
3937 66.8264 66.8374
3938 66.8264 66.8264
3939 66.8264 66.8264
3940 66.8264 66.8264
3941 66.8264 66.916
3942 66.8264 66.8497
3943 66.8264 66.8372
3944 66.8264 66.8485
3945 66.8264 66.8264
3946 66.8264 66.9109
3947 66.8264 66.8353
3948 66.8264 66.8264
3949 66.8264 66.8666
3950 66.8264 66.876
3951 66.8264 66.8405
3952 66.8264 66.8981
3953 66.8264 66.8474
3954 66.8264 66.8413
3955 66.8264 66.8264
3956 66.8264 66.8351
3957 66.8264 66.8304
3958 66.8264 66.8883
3959 66.8264 66.8312
3960 66.8264 66.9871
3961 66.8264 66.9613
3962 66.8264 67.1321
3963 66.8264 66.9486
3964 66.8264 66.998
3965 66.8264 66.8775
3966 66.8264 67.017
3967 66.8264 67.0615
3968 66.8264 66.9584
3969 66.8264 66.8352
3970 66.8264 66.8493
3971 66.8264 66.8307
3972 66.8264 66.8784
3973 66.8264 67.007
3974 66.8264 66.868
3975 66.8264 66.8264
3976 66.8264 66.8264
3977 66.8264 66.8264
3978 66.8264 66.8569
3979 66.8264 67.0374
3980 66.8264 66.88
3981 66.8264 66.8702
3982 66.8264 66.8387
3983 66.8264 66.8391
3984 66.8264 66.8264
3985 66.8264 66.898
3986 66.8264 67.0096
3987 66.8264 66.936
3988 66.8264 67.0391
3989 66.8264 66.8264
3990 66.8264 66.8264
3991 66.8264 66.8264
3992 66.8264 66.8345
3993 66.8264 66.8264
3994 66.8264 66.8334
3995 66.8264 66.829
3996 66.8264 66.9152
3997 66.8264 67.0691
3998 66.8264 66.9416
3999 66.8264 66.8846
