0 410.152 464.972
1 389.297 436.866
2 383.537 415.295
3 370.133 399.231
4 366.828 385.227
5 351.516 374.373
6 344.164 364.671
7 336.404 353.208
8 333.313 344.942
9 328.414 338.031
10 321.715 333.943
11 312.683 329.189
12 307.247 323.654
13 298.887 315.865
14 295.22 308.252
15 291.204 302.43
16 284.35 296.81
17 278.042 293.525
18 273.484 287.137
19 268.256 280.768
20 264.739 274.255
21 258.639 269.568
22 251.013 265.304
23 246.684 260.167
24 241.049 254.003
25 237.47 248.55
26 231.365 244.067
27 230.133 240.21
28 227.6 235.172
29 225.709 231.911
30 222.965 229.38
31 218.206 226.933
32 214.758 224.689
33 205.062 221.873
34 204.661 216.045
35 204.041 209.71
36 197.203 206.099
37 197.203 203.973
38 194.892 200.372
39 189.092 197.852
40 182.408 194.987
41 181.743 191.09
42 180.629 186.912
43 180.276 184.151
44 178.652 182.975
45 176.509 182.136
46 175.345 180.863
47 174.695 178.956
48 165.994 177.336
49 164.819 174.809
50 163.966 170.675
51 160.545 167.152
52 159.141 164.788
53 156.081 162.745
54 154.228 160.437
55 153.495 157.865
56 151.562 156.041
57 149.887 154.388
58 147.751 152.692
59 145.773 151.09
60 145.007 149.584
61 143.029 147.075
62 142.125 145.84
63 141.836 144.511
64 141.266 143.164
65 139.666 142.234
66 137.614 141.321
67 136.801 140.145
68 134.793 138.598
69 134.793 137.332
70 134.165 136.275
71 134.165 135.267
72 133.518 135.007
73 132.535 134.554
74 132.269 134.225
75 131.259 133.553
76 130.134 132.917
77 129.295 132.269
78 129.295 131.249
79 128.671 130.681
80 128.671 130.214
81 127.419 129.313
82 127.3 129.188
83 127.065 128.505
84 125.887 128.161
85 125.206 127.622
86 124.779 126.634
87 123.932 125.984
88 123.262 125.61
89 123.262 125.446
90 123.066 124.578
91 122.157 123.917
92 121.961 123.589
93 121.613 123.297
94 120.179 122.93
95 119.86 122.213
96 119.205 120.786
97 118.886 120.315
98 118.277 119.521
99 116.367 119.059
100 115.393 118.534
101 115.322 117.478
102 114.804 116.626
103 113.479 115.79
104 111.362 115.156
105 111.039 114.286
106 111.039 112.962
107 110.965 112.446
108 108.343 111.635
109 108.269 111.226
110 107.948 110.073
111 107.359 109.22
112 107.359 108.303
113 106.879 107.782
114 106.457 107.43
115 106.317 107.126
116 105.281 106.944
117 104.859 106.512
118 104.297 105.836
119 104.297 105.243
120 103.005 104.771
121 102.841 104.328
122 102.8 103.646
123 102.33 103.149
124 101.18 102.865
125 100.583 102.443
126 100.513 101.734
127 99.5994 101.198
128 98.9872 100.834
129 98.4954 100.037
130 98.3603 99.5264
131 97.8685 99.0429
132 97.8685 98.7141
133 97.5729 98.4558
134 97.5729 98.3175
135 97.5729 97.9565
136 97.5729 97.7006
137 97.0026 97.5959
138 97.0026 97.5927
139 96.6938 97.2946
140 96.6938 97.092
141 96.6056 96.9019
142 96.3856 96.7868
143 96.0298 96.8377
144 95.8933 96.4937
145 94.6334 96.5252
146 93.83 96.7716
147 93.6727 95.8175
148 93.5101 95.1713
149 93.2548 94.5236
150 92.935 93.6785
151 92.0889 93.361
152 91.769 93.0526
153 91.769 92.6248
154 91.6808 92.1368
155 91.5202 91.9249
156 91.2255 91.7197
157 91.0649 91.5763
158 91.0649 91.493
159 91.0649 91.4223
160 91.0649 91.2154
161 90.5952 91.1863
162 90.5952 91.2373
163 90.5952 91.0269
164 90.5952 91.0028
165 90.4968 90.6922
166 90.3295 90.6216
167 90.0138 90.6291
168 89.9461 90.4102
169 89.6486 90.2033
170 88.7928 90.2105
171 87.9131 89.7134
172 86.9793 89.0127
173 86.6818 88.2493
174 86.6141 87.6316
175 86.6141 87.0882
176 86.6141 86.8484
177 86.6141 86.6597
178 86.6141 86.642
179 86.6141 86.7384
180 86.6141 86.9296
181 86.6141 86.864
182 86.6141 86.7353
183 86.6141 86.6174
184 86.6141 86.8611
185 86.6141 87.102
186 86.6141 86.9729
187 86.6141 86.7144
188 86.6141 86.6837
189 82.2609 86.7305
190 82.2609 86.0924
191 82.0385 84.6197
192 81.6116 83.0027
193 81.3892 82.4979
194 81.3892 82.232
195 81.3388 81.6975
196 81.0458 81.7331
197 80.7055 81.4543
198 80.693 81.3048
199 80.3621 81.1029
200 80.3621 80.7377
201 80.0597 80.5721
202 79.7689 80.3587
203 79.4255 80.2553
204 79.4255 79.966
205 79.4255 79.8158
206 79.4255 79.5429
207 79.4226 79.4482
208 79.4226 79.4588
209 79.3992 79.4549
210 79.3992 79.4198
211 79.3992 79.4428
212 79.3992 79.4641
213 79.3992 79.4015
214 79.3992 79.5031
215 79.3992 79.3992
216 79.3992 79.424
217 79.3992 79.4359
218 79.3992 79.4356
219 79.3992 79.4959
220 79.3992 79.4926
221 78.776 79.3974
222 78.776 79.3282
223 78.776 79.0926
224 78.776 78.8945
225 78.0568 78.8329
226 77.8995 78.9834
227 77.8421 79.1598
228 77.8421 78.6671
229 77.8421 78.5518
230 77.4428 77.9549
231 77.4428 77.9258
232 77.4428 77.7519
233 77.4428 77.5938
234 77.4428 77.5768
235 77.4428 77.6214
236 77.4428 77.7682
237 77.4428 77.6096
238 77.1539 77.4851
239 77.1539 77.4222
240 76.7664 77.2968
241 76.7664 77.3306
242 76.7664 77.0956
243 76.7664 77.03
244 76.7664 76.9258
245 76.7664 76.8693
246 76.7664 76.8802
247 76.7664 76.7732
248 76.7664 76.9475
249 76.7519 76.7663
250 76.4331 76.8178
251 76.3912 76.8745
252 76.3912 76.8897
253 76.3766 76.7824
254 76.0553 76.4605
255 76.0553 76.3561
256 76.0408 76.2371
257 75.8347 76.1679
258 75.8202 76.1216
259 75.8202 76.1315
260 75.8202 75.8877
261 75.8202 75.9133
262 75.8202 75.9536
263 75.8202 75.9977
264 75.8202 75.8772
265 75.8202 75.8202
266 75.8202 75.8202
267 75.8202 75.8202
268 75.8202 75.8405
269 75.8202 75.8442
270 75.8202 75.8346
271 75.8202 75.9231
272 75.8202 75.9184
273 75.8202 75.8357
274 75.8202 75.8217
275 75.8202 75.8304
276 75.8202 75.8307
277 75.8202 75.8202
278 75.7647 75.9144
279 75.7647 75.8673
280 75.7647 75.7992
281 75.7647 75.7898
282 75.7647 75.8334
283 75.7647 75.8801
284 75.7647 76.0578
285 75.7647 75.8023
286 75.7647 75.8414
287 75.7647 75.8295
288 75.7647 75.8101
289 75.3745 75.8954
290 75.3745 75.7199
291 75.3745 75.5583
292 75.3745 75.4991
293 75.3745 75.3794
294 75.3745 75.3906
295 75.3745 75.3745
296 75.3745 75.3754
297 75.3745 75.3745
298 75.3745 75.4559
299 75.3745 75.4511
300 75.3745 75.381
301 75.3745 75.485
302 75.3745 75.5515
303 75.3745 75.6772
304 75.3745 75.509
305 75.3745 75.3745
306 75.3745 75.3745
307 75.3745 75.4693
308 75.3745 75.4454
309 75.3745 75.3745
310 75.3745 75.3745
311 75.3745 75.3745
312 75.3745 75.3895
313 75.3745 75.3745
314 75.3745 75.3968
315 75.3745 75.424
316 75.3745 75.3745
317 75.3745 75.3853
318 75.3745 75.3745
319 75.3745 75.4242
320 75.3745 75.3862
321 75.3745 75.3807
322 75.3745 75.5233
323 75.3745 75.4592
324 75.1402 75.4601
325 75.1402 75.3661
326 75.1402 75.3697
327 75.1402 75.3222
328 75.1402 75.165
329 75.1402 75.1461
330 75.1402 75.1944
331 75.1402 75.1748
332 75.1402 75.1402
333 75.1402 75.3428
334 75.1402 75.3132
335 75.1402 75.2337
336 75.1402 75.1402
337 75.1402 75.1455
338 75.1402 75.1402
339 75.1402 75.1402
340 75.1402 75.1638
341 75.1402 75.1402
342 75.1402 75.1438
343 75.1402 75.1569
344 75.1402 75.1833
345 75.1402 75.2182
346 75.1402 75.232
347 75.1402 75.2717
348 75.1402 75.1646
349 75.1402 75.2282
350 75.0057 75.1434
351 74.3637 75.1169
352 74.2292 75.0136
353 74.2292 74.7267
354 74.2292 74.4686
355 74.2292 74.4952
356 74.2292 74.3979
357 72.7539 74.2281
358 72.7539 74.4413
359 72.7539 74.7274
360 72.0454 74.5751
361 72.0454 73.5224
362 72.0454 73.0793
363 72.0454 72.6475
364 72.0454 72.1958
365 72.0454 72.1852
366 72.0454 72.3384
367 72.0454 72.2021
368 72.0454 72.0454
369 72.0454 72.0454
370 72.0454 72.0812
371 72.0454 72.4109
372 72.0454 72.1495
373 71.9766 72.0888
374 71.9766 72.0784
375 71.9766 72.1746
376 71.9766 72.2335
377 71.9766 72.0214
378 71.9766 71.9927
379 71.9766 71.9775
380 71.9766 71.9766
381 71.9766 71.9766
382 71.9766 71.9803
383 71.9766 71.9766
384 71.9766 71.9819
385 71.9766 71.9796
386 71.9766 71.9766
387 71.9766 72.0013
388 71.9766 72.0324
389 71.9766 72.0218
390 71.9766 71.9791
391 71.9766 71.981
392 71.9766 71.9914
393 71.9766 71.9886
394 71.9766 71.9939
395 71.9766 71.9766
396 71.9766 71.9783
397 71.9766 72.3692
398 71.9766 71.9837
399 71.9766 72.0052
400 71.9766 72.1067
401 71.9766 72.0414
402 71.9766 72.1258
403 71.83 72.04
404 71.83 71.9557
405 71.83 71.8909
406 71.83 71.8631
407 71.8119 71.8435
408 71.8119 71.9655
409 71.8119 71.9542
410 71.8119 71.8288
411 71.8119 71.8239
412 71.7174 71.8608
413 71.7174 71.7976
414 71.7174 71.8883
415 71.7174 71.8533
416 71.7174 71.8538
417 71.7174 71.7174
418 71.7174 71.7174
419 71.7174 71.7188
420 71.7174 71.8369
421 71.7174 71.8033
422 71.7174 71.8104
423 71.7174 71.7473
424 71.3226 71.8377
425 71.3226 71.7872
426 71.3226 71.6197
427 71.3226 71.4015
428 71.3226 71.3562
429 71.3226 71.4714
430 71.3226 71.5226
431 71.3226 71.3226
432 71.3226 71.3282
433 71.3226 71.3226
434 71.3226 71.3287
435 71.3226 71.3226
436 71.1114 71.3779
437 71.1114 71.3009
438 71.1114 71.5003
439 71.1114 71.5177
440 71.1114 71.2886
441 71.1114 71.3068
442 71.1114 71.3058
443 71.1114 71.178
444 71.1114 71.3594
445 71.1114 71.2501
446 71.1114 71.1114
447 71.1114 71.1125
448 71.1114 71.196
449 71.1114 71.1685
450 71.1114 71.1652
451 71.1114 71.1291
452 71.1114 71.1136
453 70.9506 71.1199
454 70.6601 71.2556
455 70.6601 71.2518
456 70.6601 71.0101
457 70.6601 70.7723
458 70.6601 70.7397
459 70.6601 70.7218
460 70.6601 70.8337
461 70.6601 70.8768
462 70.6601 70.8705
463 70.6601 70.6766
464 70.6601 70.6868
465 70.6601 70.662
466 70.6601 70.6601
467 70.6601 70.6643
468 70.6601 70.6601
469 70.6601 70.6601
470 70.6601 70.6709
471 70.6601 70.6601
472 70.6601 70.6725
473 70.6601 70.6601
474 70.6601 70.6601
475 70.6601 70.6683
476 70.6601 70.8023
477 70.6601 70.6951
478 70.6601 70.6814
479 70.6601 70.7733
480 70.6601 70.7032
481 70.6601 70.6602
482 70.6601 70.6601
483 70.6601 70.6872
484 70.6601 70.6875
485 70.6601 70.6619
486 70.6601 70.7825
487 70.6601 70.6722
488 70.6601 70.6601
489 70.6601 70.6601
490 70.6601 70.6601
491 70.566 70.6598
492 70.3996 70.6484
493 70.3055 70.577
494 70.3055 70.4748
495 70.3055 70.3832
496 70.3055 70.5036
497 70.3055 70.522
498 70.2273 70.3811
499 70.2273 70.295
500 70.2273 70.2639
501 70.2273 70.2432
502 70.2273 70.234
503 70.2273 70.2286
504 70.2273 70.2378
505 70.1805 70.2355
506 70.1805 70.2384
507 70.1805 70.2378
508 70.1805 70.2165
509 70.1805 70.2277
510 70.1805 70.2301
511 69.9761 70.2456
512 69.9761 70.4966
513 69.9761 70.3302
514 69.9761 70.1577
515 69.9761 70.1724
516 69.9761 70.0175
517 69.9761 70.0721
518 69.9761 70.0797
519 69.9761 70.049
520 69.9761 70.1621
521 69.9761 70.0475
522 69.9761 70.102
523 69.9761 70.1301
524 69.9761 69.9968
525 69.9761 70.0155
526 69.9761 70.022
527 69.9761 69.9822
528 69.9761 70.0126
529 69.9761 69.988
530 69.9761 70.2236
531 69.9761 70.0075
532 69.9761 69.9763
533 69.9761 70.0332
534 69.9761 69.9839
535 69.9761 69.9879
536 69.9761 69.9761
537 69.9761 69.9761
538 69.9761 70.0085
539 69.9761 70.0074
540 69.9761 70.0209
541 69.9761 70.0689
542 69.9761 70.1122
543 69.9761 70.07
544 69.9761 70.0126
545 69.9761 70.0447
546 69.9761 70.4276
547 69.9761 70.226
548 69.9761 70.2872
549 69.9761 70.0195
550 69.9761 69.9761
551 69.9761 70.081
552 69.9761 70.1665
553 69.9761 70.1276
554 69.9761 69.9924
555 69.9761 69.9761
556 69.9761 69.9779
557 69.9761 69.9835
558 69.9761 69.9836
559 69.9761 69.9763
560 69.9761 69.9761
561 69.9761 69.9761
562 69.9761 69.9761
563 69.9761 69.9761
564 69.9761 70.0136
565 69.9761 70.0214
566 69.9761 70.1692
567 69.9761 69.9869
568 69.9761 70.0529
569 69.9761 70.0359
570 69.9761 70.0135
571 69.9761 70.0213
572 69.9761 70.0558
573 69.9761 70.0138
574 69.9761 70.0357
575 69.9761 69.9761
576 69.9761 69.9774
577 69.9761 69.9941
578 69.9761 70.0539
579 69.9761 70.176
580 69.9761 70.1252
581 69.9761 69.9761
582 69.9761 70.0815
583 69.9761 69.9954
584 69.9761 69.9761
585 69.9761 69.9912
586 69.9761 70.1425
587 69.9761 70.0114
588 69.9761 70.0083
589 69.9761 69.9893
590 69.9761 70.0652
591 69.9761 69.9775
592 69.9761 69.9893
593 69.9761 69.9761
594 69.9761 70.0321
595 69.9761 70.4931
596 69.9761 70.1947
597 69.9761 70.1197
598 69.9761 70.0409
599 69.9761 70.0148
600 69.9761 70.1007
601 69.9761 69.9782
602 69.9761 69.9761
603 69.9761 70.0388
604 69.9761 69.9765
605 69.9761 70.159
606 69.9761 70.4471
607 69.9761 70.5237
608 69.9761 69.9883
609 69.9761 69.9761
610 69.9761 69.9761
611 69.9761 69.9761
612 69.9761 69.9761
613 69.9761 70.0538
614 69.9761 70.0225
615 69.9761 69.9761
616 69.9761 70.0616
617 69.9761 69.9932
618 69.9761 69.996
619 69.9761 69.9858
620 69.9761 69.9761
621 69.9761 69.98
622 69.9761 69.9901
623 69.9761 69.9761
624 69.9761 69.9785
625 69.9761 70.0117
626 69.9761 70.1795
627 69.9761 70.1847
628 69.9761 70.1826
629 69.9761 70.1408
630 69.9761 70.018
631 69.9761 70.0665
632 69.9761 69.9761
633 69.9761 69.9779
634 69.9761 69.9761
635 69.9761 69.9761
636 69.9761 69.9948
637 69.9761 70.1129
638 69.9761 69.9761
639 69.9761 69.9761
640 69.9761 69.9761
641 69.9761 70.0629
642 69.9761 69.9769
643 69.9761 70.0054
644 69.9761 70.0065
645 69.9761 70.0081
646 69.9761 70.116
647 69.9761 70.0349
648 69.9761 70.0127
649 69.9761 70.0788
650 69.9761 69.9761
651 69.9761 70.0386
652 69.9761 70.0526
653 69.9761 70.0315
654 69.9761 70.4037
655 69.9761 70.1183
656 69.9761 70.0413
657 69.9761 70.0479
658 69.9761 70.0337
659 69.9761 69.9761
660 69.9761 69.9761
661 69.9761 70.1468
662 69.9761 70.0713
663 69.9761 70.1617
664 69.9761 69.9761
665 69.9761 70.0034
666 69.9761 70.0129
667 69.8969 70.0475
668 69.8515 70.0821
669 69.8515 70.1512
670 69.8515 70.1345
671 69.8515 69.8997
672 69.8515 69.8643
673 69.8515 69.852
674 69.8515 69.8686
675 69.8515 69.8845
676 69.8515 69.8515
677 69.8515 69.9117
678 69.8515 70.1025
679 69.8515 69.9436
680 69.8515 70.0328
681 69.8515 70.0482
682 69.8515 69.9891
683 69.8515 69.8993
684 69.8515 69.8647
685 69.8515 69.8911
686 69.8515 69.8515
687 69.8515 69.861
688 69.8515 69.8515
689 69.8515 70.0302
690 69.8515 70.1018
691 69.8515 69.8797
692 69.8515 69.8515
693 69.8515 69.8583
694 69.8515 69.8798
695 69.8515 69.9516
696 69.8515 69.8803
697 69.8515 69.8566
698 69.8515 70.0614
699 69.8515 70.2597
700 69.8515 69.8517
701 69.8515 69.8941
702 69.8515 69.8549
703 69.8515 69.8522
704 69.8515 69.9526
705 69.8515 69.91
706 69.8515 70.1577
707 69.8515 70.028
708 69.8515 69.8888
709 69.8515 69.8529
710 69.8515 69.8515
711 69.8515 69.9169
712 69.8515 69.8515
713 69.8515 69.8602
714 69.8515 69.863
715 69.8515 69.8515
716 69.8515 69.8515
717 69.8515 69.8666
718 69.8515 69.9398
719 69.8515 70.1189
720 69.8515 70.0073
721 69.8515 69.9077
722 69.8515 69.8961
723 69.8515 69.8866
724 69.8515 69.8716
725 69.8515 69.8515
726 69.8515 69.8515
727 69.8515 69.8515
728 69.8515 69.8515
729 69.8515 69.8515
730 69.8515 69.8515
731 69.8515 69.8515
732 69.8515 69.8515
733 69.217 69.8497
734 69.217 70.0033
735 69.217 72.1562
736 69.217 72.7463
737 69.217 71.2767
738 69.217 70.2951
739 69.217 69.6304
740 69.217 69.4685
741 69.217 69.4604
742 69.217 69.527
743 69.217 69.3167
744 69.217 69.3452
745 69.217 69.217
746 69.217 69.217
747 69.217 69.4653
748 69.217 69.562
749 69.217 69.3069
750 69.217 69.217
751 69.217 69.29
752 69.217 69.3727
753 69.217 69.3756
754 69.217 69.2773
755 69.217 69.2364
756 69.217 69.4068
757 69.217 69.3774
758 69.217 69.4008
759 69.217 69.4815
760 69.217 69.452
761 69.217 69.3447
762 69.217 69.4095
763 69.217 69.2975
764 69.217 69.3014
765 69.217 69.2839
766 69.217 69.22
767 69.217 69.217
768 69.217 69.3653
769 69.217 69.2487
770 69.217 69.2497
771 69.217 69.2257
772 69.217 69.2638
773 69.217 69.2338
774 69.217 69.2412
775 69.217 69.2603
776 69.217 69.2369
777 69.217 69.217
778 69.217 69.217
779 69.217 69.4398
780 69.217 69.2649
781 69.217 69.2317
782 69.217 69.2582
783 69.217 69.224
784 69.217 69.2212
785 69.217 69.217
786 69.217 69.2563
787 69.217 69.2579
788 69.217 69.297
789 69.217 69.3298
790 69.217 69.3206
791 69.217 69.2489
792 69.217 69.3564
793 69.217 69.2958
794 69.217 69.32
795 69.217 69.2642
796 69.217 69.2212
797 69.217 69.217
798 69.217 69.2702
799 69.217 69.3619
800 69.217 69.2851
801 69.217 69.2277
802 69.217 69.248
803 69.217 69.3224
804 69.217 69.217
805 69.217 69.3592
806 69.217 69.5363
807 69.217 69.3473
808 69.217 69.2426
809 69.217 69.2722
810 69.217 69.217
811 69.217 69.2299
812 69.217 69.2175
813 69.217 69.3228
814 68.9638 69.2629
815 68.9638 69.325
816 68.9638 69.1304
817 68.9638 69.3038
818 68.9638 69.0704
819 68.9638 69.0221
820 68.9638 68.9879
821 68.9638 68.9638
822 68.9638 69.0515
823 68.9638 68.9782
824 68.9638 68.9963
825 68.9638 68.9879
826 68.9638 69.0394
827 68.9638 69.0221
828 68.9638 69.0728
829 68.9638 69.0976
830 68.9638 69.0294
831 68.9638 69.1675
832 68.9638 69.034
833 68.9638 68.9708
834 68.9638 69.0214
835 68.9638 68.9638
836 68.9638 68.9638
837 68.9638 69.0129
838 68.9638 68.9638
839 68.9638 69.0521
840 68.9638 68.9978
841 68.9638 68.9948
842 68.9638 68.9647
843 68.9638 68.9682
844 68.9638 68.9676
845 68.9638 68.9889
846 68.9638 68.9975
847 68.9638 68.9794
848 68.9638 68.9638
849 68.9638 69.0551
850 68.9638 69.2373
851 68.9638 69.0518
852 68.9638 68.9658
853 68.9638 68.9923
854 68.9638 68.9696
855 68.9638 68.9638
856 68.9638 69.134
857 68.9638 69.0772
858 68.9638 69.1005
859 68.9638 68.9712
860 68.9638 68.9771
861 68.9638 68.9781
862 68.9638 69.0024
863 68.9638 69.0808
864 68.9638 69.0862
865 68.9638 69.3204
866 68.9638 69.019
867 68.9638 69.0204
868 68.9638 68.9666
869 68.9638 68.9638
870 68.9638 68.9905
871 68.9638 68.9638
872 68.9638 68.9638
873 68.9638 68.9736
874 68.9638 69.0229
875 68.9638 69.1909
876 68.9638 69.0642
877 68.9638 69.175
878 68.9638 69.1919
879 68.9638 69.1473
880 68.9638 69.1846
881 68.9638 69.0002
882 68.9638 68.9681
883 68.9638 68.9653
884 68.9638 68.9776
885 68.7266 68.9701
886 68.7266 68.9748
887 68.7266 68.8167
888 68.7266 68.7714
889 68.7266 68.7553
890 68.7266 68.7847
891 68.7266 68.8867
892 68.7266 68.8272
893 68.7266 68.8465
894 68.7266 68.7266
895 68.7266 68.7306
896 68.7266 68.7754
897 68.7266 68.8035
898 68.7266 68.9506
899 68.7266 69.0217
900 68.7266 69.1229
901 68.7266 68.988
902 68.7266 68.9509
903 68.7266 68.7971
904 68.7266 68.9472
905 68.7266 68.8024
906 68.7266 68.7395
907 68.7266 68.9269
908 68.7266 68.8305
909 68.7266 68.8251
910 68.7266 68.8505
911 68.7266 68.8473
912 68.7266 69.1635
913 68.7266 68.8189
914 68.7266 68.8129
915 68.7266 68.7266
916 68.7266 68.7876
917 68.7266 68.7385
918 68.7266 68.7318
919 68.7266 68.8163
920 68.7266 68.7382
921 68.7266 68.9675
922 68.7266 68.9083
923 68.7266 69.0156
924 68.7266 68.8196
925 68.7266 68.7506
926 68.7266 68.8041
927 68.7266 68.7413
928 68.7266 68.7621
929 68.7266 68.7625
930 68.7266 68.8211
931 68.7266 68.7266
932 68.7266 68.7504
933 68.7266 68.7281
934 68.7266 68.7266
935 68.7266 68.7376
936 68.7266 68.9532
937 68.7266 69.1528
938 68.7266 69.0313
939 68.7266 68.7924
940 68.7266 68.8956
941 68.7266 68.8257
942 68.7266 68.7666
943 68.7266 68.7266
944 68.7266 68.7266
945 68.7266 68.7266
946 68.7266 68.8152
947 68.7266 68.8443
948 68.7266 68.7266
949 68.7266 68.7335
950 68.7266 68.7418
951 68.7266 68.7674
952 68.7266 68.7266
953 68.7266 68.8446
954 68.7266 68.7404
955 68.7266 68.7966
956 68.7266 68.7282
957 68.7266 68.7266
958 68.7266 68.7313
959 68.7266 68.7266
960 68.7266 68.7608
961 68.7266 68.8216
962 68.7266 68.7268
963 68.6411 68.7569
964 68.6411 68.8643
965 68.6411 68.8469
966 68.6411 68.704
967 68.6411 68.6547
968 68.6411 68.7005
969 68.6411 68.9183
970 68.6411 68.8354
971 68.6411 68.7451
972 68.2638 68.64
973 68.2638 68.607
974 68.2638 68.4639
975 68.2638 68.5081
976 68.2638 68.5841
977 68.2638 68.5567
978 68.2638 68.3589
979 68.2638 68.5137
980 68.2638 68.3465
981 68.2638 68.2638
982 68.2638 68.2638
983 68.2638 68.5737
984 68.2638 68.6513
985 68.2638 68.4092
986 68.2638 68.3969
987 68.2638 68.3423
988 68.2638 68.3619
989 68.2638 68.2896
990 68.2638 68.2638
991 68.2638 68.3036
992 68.2638 68.2638
993 68.2638 68.2691
994 68.2638 68.3377
995 68.2638 68.3671
996 68.2638 68.2846
997 68.2638 68.3366
998 68.2638 68.4071
999 68.2638 68.6475
1000 68.2638 68.4968
1001 68.2638 68.2892
1002 68.2638 68.3746
1003 68.0368 68.4697
1004 68.0368 68.3174
1005 68.0368 68.4039
1006 68.0368 68.2477
1007 68.0368 68.2724
1008 68.0368 68.061
1009 68.0368 68.0469
1010 68.0368 68.0431
1011 68.0368 68.2405
1012 68.0368 68.0868
1013 68.0368 68.1209
1014 68.0368 68.122
1015 68.0368 68.0368
1016 68.0368 68.0368
1017 68.0368 68.0598
1018 68.0368 68.0368
1019 68.0368 68.0374
1020 68.0368 68.0384
1021 68.0368 68.0368
1022 68.0368 68.0647
1023 68.0368 68.0614
1024 68.0368 68.1433
1025 68.0368 68.1564
1026 68.0368 68.0368
1027 68.0368 68.0368
1028 68.0368 68.0368
1029 68.0368 68.046
1030 68.0368 68.1493
1031 68.0368 68.1271
1032 68.0368 68.0368
1033 68.0368 68.0798
1034 68.0368 68.0368
1035 68.0368 68.0368
1036 68.0368 68.0757
1037 68.0368 68.0368
1038 68.0368 68.1435
1039 68.0368 68.0957
1040 68.0368 68.0452
1041 68.0368 68.177
1042 68.0368 68.0501
1043 68.0368 68.0502
1044 68.0368 68.0595
1045 68.0368 68.0498
1046 68.0368 68.1973
1047 68.0368 68.064
1048 68.0368 68.0495
1049 68.0368 68.1163
1050 68.0368 68.0368
1051 68.0368 68.0368
1052 68.0368 68.0368
1053 68.0368 68.0552
1054 68.0368 68.0389
1055 68.0368 68.0368
1056 68.0368 68.0372
1057 68.0368 68.0368
1058 68.0368 68.0368
1059 68.0368 68.0368
1060 68.0368 68.0829
1061 68.0368 68.0368
1062 68.0368 68.0379
1063 68.0368 68.0458
1064 68.0368 68.051
1065 68.0368 68.0368
1066 68.0368 68.0399
1067 68.0368 68.1164
1068 68.0368 68.0368
1069 68.0368 68.047
1070 68.0368 68.0368
1071 68.0368 68.0678
1072 68.0368 68.1391
1073 68.0368 68.0481
1074 68.0368 68.0368
1075 68.0368 68.0426
1076 68.0368 68.0608
1077 68.0368 68.183
1078 68.0368 68.2468
1079 68.0368 68.0368
1080 68.0368 68.0708
1081 68.0368 68.0582
1082 68.0368 68.1209
1083 68.0368 68.0368
1084 68.0368 68.142
1085 68.0368 68.1122
1086 68.0368 68.0761
1087 68.0368 68.1868
1088 68.0368 68.1055
1089 68.0368 68.0527
1090 68.0368 68.078
1091 68.0368 68.0389
1092 68.0368 68.0814
1093 68.0368 68.1299
1094 68.0368 68.1463
1095 68.0368 68.0691
1096 68.0368 68.1353
1097 68.0368 68.3512
1098 68.0368 68.155
1099 68.0368 68.0952
1100 68.0368 68.0921
1101 68.0368 68.0962
1102 68.0368 68.045
1103 68.0368 68.1799
1104 68.0368 68.0453
1105 68.0368 68.0506
1106 68.0368 68.1087
1107 68.0368 68.1292
1108 68.0368 68.1119
1109 68.0368 68.4981
1110 68.0368 68.0649
1111 68.0368 68.0471
1112 68.0368 68.0706
1113 68.0368 68.1024
1114 68.0368 68.1672
1115 68.0368 68.0556
1116 68.0368 68.1105
1117 68.0368 68.0454
1118 68.0368 68.0368
1119 68.0368 68.0368
1120 68.0368 68.0368
1121 68.0368 68.0692
1122 68.0368 68.0473
1123 68.0368 68.0368
1124 68.0368 68.0426
1125 68.0368 68.2682
1126 68.0368 68.1192
1127 68.0368 68.2823
1128 68.0368 68.1678
1129 68.0368 68.0368
1130 68.0368 68.0487
1131 68.0368 68.0769
1132 68.0368 68.1476
1133 68.0368 68.1083
1134 68.0368 68.0368
1135 68.0368 68.0368
1136 68.0368 68.0757
1137 68.0368 68.0635
1138 68.0368 68.0918
1139 68.0368 68.1325
1140 68.0368 68.041
1141 68.0368 68.0927
1142 68.0368 68.0368
1143 68.0368 68.0368
1144 68.0368 68.0368
1145 68.0368 68.0668
1146 68.0368 68.0437
1147 68.0368 68.1469
1148 68.0368 68.2789
1149 68.0368 68.1969
1150 68.0368 68.0368
1151 68.0368 68.0537
1152 68.0368 68.0412
1153 68.0368 68.0368
1154 68.0368 68.0381
1155 68.0368 68.0675
1156 68.0368 68.0852
1157 68.0368 68.0495
1158 68.0368 68.0368
1159 68.0368 68.0368
1160 68.0368 68.1318
1161 68.0368 68.1055
1162 68.0368 68.3653
1163 68.0368 68.3363
1164 68.0368 68.1719
1165 68.0368 68.142
1166 68.0368 68.2071
1167 68.0368 68.2204
1168 68.0368 68.0498
1169 68.0368 68.0368
1170 68.0368 68.0411
1171 68.0368 68.1411
1172 68.0368 68.0503
1173 68.0368 68.2878
1174 68.0368 68.1339
1175 68.0368 68.0965
1176 68.0368 68.088
1177 68.0368 68.3913
1178 68.0368 68.0368
1179 68.0368 68.0526
1180 68.0368 68.1546
1181 68.0368 68.1726
1182 68.0368 68.605
1183 68.0368 68.3023
1184 68.0368 68.3162
1185 68.0368 68.1851
1186 68.0368 68.0381
1187 68.0368 68.0395
1188 68.0368 68.1015
1189 68.0368 68.0368
1190 68.0368 68.0368
1191 68.0368 68.0429
1192 68.0368 68.0368
1193 68.0368 68.1549
1194 68.0368 68.0368
1195 68.0368 68.0368
1196 68.0368 68.0605
1197 68.0368 68.0551
1198 68.0368 68.0458
1199 68.0368 68.1214
1200 68.0368 68.0927
1201 68.0368 68.1626
1202 68.0368 68.3685
1203 68.0368 68.0757
1204 68.0368 68.0368
1205 68.0368 68.0439
1206 68.0368 68.266
1207 68.0368 68.0519
1208 68.0368 68.0491
1209 68.0368 68.1346
1210 68.0368 68.0368
1211 68.0368 68.0966
1212 68.0368 68.0835
1213 68.0368 68.0536
1214 68.0368 68.0368
1215 68.0368 68.0368
1216 68.0368 68.0368
1217 68.0368 68.0787
1218 68.0368 68.0368
1219 68.0368 68.106
1220 68.0368 68.0368
1221 68.0368 68.1165
1222 68.0368 68.0879
1223 68.0368 68.044
1224 68.0368 68.2518
1225 68.0368 68.738
1226 68.0368 68.4218
1227 68.0368 68.148
1228 68.0368 68.0368
1229 68.0368 68.0689
1230 68.0368 68.074
1231 68.0368 68.0368
1232 68.0368 68.0585
1233 68.0368 68.0463
1234 68.0368 68.1339
1235 68.0368 68.0413
1236 68.0368 68.0368
1237 68.0368 68.052
1238 68.0368 68.2005
1239 68.0368 68.0584
1240 68.0368 68.0368
1241 68.0368 68.0368
1242 68.0368 68.039
1243 68.0368 68.052
1244 68.0368 68.0631
1245 68.0368 68.1115
1246 68.0368 68.4907
1247 68.0368 68.6831
1248 68.0368 68.346
1249 68.0368 68.4057
1250 68.0368 68.1122
1251 68.0368 68.3347
1252 68.0368 68.1073
1253 68.0368 68.2285
1254 68.0368 68.0585
1255 68.0368 68.0566
1256 68.0368 68.0726
1257 68.0368 68.0526
1258 68.0368 68.1579
1259 68.0368 68.1042
1260 68.0368 68.2056
1261 68.0368 68.1087
1262 68.0368 68.0368
1263 68.0368 68.0458
1264 68.0368 68.1018
1265 68.0368 68.1494
1266 68.0368 68.0673
1267 68.0368 68.1367
1268 68.0368 68.1602
1269 68.0368 68.0989
1270 68.0368 68.1981
1271 68.0368 68.0448
1272 68.0368 68.0819
1273 68.0368 68.0497
1274 68.0368 68.1336
1275 68.0368 68.2971
1276 68.0368 68.2499
1277 68.0368 68.1416
1278 68.0368 68.1619
1279 68.0368 68.1628
1280 68.0368 68.1162
1281 68.0368 68.0815
1282 68.0368 68.1355
1283 68.0368 68.065
1284 68.0368 68.1967
1285 68.0368 68.0639
1286 68.0368 68.0492
1287 68.0368 68.1099
1288 68.0368 68.0368
1289 68.0368 68.0368
1290 68.0368 68.0966
1291 68.0368 68.0686
1292 68.0368 68.0866
1293 68.0368 68.0368
1294 68.0368 68.0368
1295 68.0368 68.0368
1296 68.0368 68.1008
1297 68.0368 68.0979
1298 68.0368 68.0368
1299 68.0368 68.0649
1300 68.0368 68.2404
1301 68.0368 68.0467
1302 68.0368 68.0369
1303 68.0368 68.1899
1304 68.0368 68.3117
1305 68.0368 68.3126
1306 68.0368 68.0377
1307 68.0368 68.0559
1308 68.0368 68.0759
1309 68.0368 68.0368
1310 68.0368 68.0583
1311 68.0368 68.2018
1312 68.0368 68.0679
1313 68.0368 68.2603
1314 68.0368 68.1057
1315 68.0368 68.1473
1316 68.0368 68.2612
1317 68.0368 68.2034
1318 68.0368 68.0454
1319 68.0368 68.0395
1320 68.0368 68.2336
1321 68.0368 68.3363
1322 68.0368 68.2124
1323 68.0368 68.0947
1324 68.0368 68.3007
1325 68.0368 68.0368
1326 68.0368 68.0368
1327 68.0368 68.1273
1328 68.0368 68.0913
1329 68.0368 68.0368
1330 68.0368 68.2412
1331 68.0368 68.0734
1332 68.0368 68.1062
1333 68.0368 68.2315
1334 68.0368 68.2066
1335 68.0368 68.137
1336 68.0368 68.0545
1337 68.0368 68.297
1338 68.0368 68.2584
1339 68.0368 68.3362
1340 68.0368 68.1084
1341 68.0368 68.1666
1342 68.0368 68.2346
1343 68.0368 68.101
1344 68.0368 68.0468
1345 68.0368 68.0368
1346 68.0368 68.0368
1347 68.0368 68.0368
1348 68.0368 68.0368
1349 68.0368 68.0368
1350 68.0368 68.0368
1351 68.0368 68.0678
1352 68.0368 68.337
1353 68.0368 68.0635
1354 68.0368 68.3138
1355 68.0368 68.0592
1356 68.0368 68.0399
1357 68.0368 68.2442
1358 68.0368 68.4256
1359 68.0368 68.2089
1360 68.0368 68.0652
1361 68.0368 68.0623
1362 68.0368 68.0439
1363 68.0368 68.0432
1364 68.0368 68.2848
1365 68.0368 68.1732
1366 68.0368 68.0443
1367 68.0368 68.0486
1368 68.0368 68.4207
1369 68.0368 68.2009
1370 68.0368 68.1488
1371 68.0368 68.0774
1372 68.0368 68.0565
1373 68.0368 68.1907
1374 68.0368 68.1253
1375 68.0368 68.0437
1376 68.0368 68.0368
1377 68.0368 68.0368
1378 68.0368 68.0368
1379 68.0368 68.118
1380 68.0368 68.0955
1381 68.0368 68.1648
1382 68.0368 68.1324
1383 68.0368 68.1351
1384 68.0368 68.0929
1385 68.0368 68.0368
1386 68.0368 68.0764
1387 68.0368 68.1026
1388 68.0368 68.2045
1389 68.0368 68.1812
1390 68.0368 68.2561
1391 68.0368 68.1617
1392 68.0368 68.1335
1393 68.0368 68.0368
1394 68.0368 68.0915
1395 68.0368 68.0368
1396 68.0368 68.0988
1397 68.0368 68.1354
1398 68.0368 68.0383
1399 68.0368 68.0368
1400 68.0368 68.0368
1401 68.0368 68.0412
1402 68.0368 68.2001
1403 68.0368 68.1838
1404 68.0368 68.0368
1405 68.0368 68.1
1406 68.0368 68.0896
1407 68.0368 68.1864
1408 68.0368 68.1416
1409 68.0368 68.1262
1410 68.0368 68.0368
1411 68.0368 68.0395
1412 68.0368 68.0368
1413 68.0368 68.077
1414 68.0368 68.218
1415 68.0368 68.0368
1416 68.0368 68.0368
1417 68.0368 68.136
1418 68.0368 68.0721
1419 68.0368 68.1458
1420 68.0368 68.0441
1421 68.0368 68.4113
1422 68.0368 68.0745
1423 68.0368 68.2274
1424 68.0368 68.1056
1425 68.0368 68.1988
1426 68.0368 68.0707
1427 68.0368 68.0769
1428 68.0368 68.086
1429 68.0368 68.0368
1430 68.0368 68.1035
1431 68.0368 68.0944
1432 68.0368 68.0368
1433 68.0368 68.0368
1434 68.0368 68.0474
1435 68.0368 68.143
1436 68.0368 68.7045
1437 68.0368 68.0485
1438 68.0368 68.0368
1439 68.0368 68.0368
1440 68.0368 68.0368
1441 68.0368 68.098
1442 68.0368 68.0541
1443 68.0368 68.0618
1444 68.0368 68.0368
1445 68.0368 68.0732
1446 68.0368 68.1086
1447 68.0368 68.0438
1448 68.0368 68.0433
1449 68.0368 68.0368
1450 68.0368 68.0368
1451 68.0368 68.1993
1452 68.0368 68.0951
1453 68.0368 68.0979
1454 68.0368 68.0368
1455 68.0368 68.0368
1456 68.0368 68.0368
1457 68.0368 68.1087
1458 68.0368 68.0527
1459 68.0368 68.0911
1460 68.0368 68.2187
1461 68.0368 68.2522
1462 68.0368 68.1333
1463 68.0368 68.0459
1464 68.0368 68.0397
1465 68.0368 68.0368
1466 68.0368 68.1165
1467 68.0368 68.1117
1468 68.0368 68.149
1469 68.0368 68.1367
1470 68.0368 68.09
1471 68.0368 68.2787
1472 68.0368 68.1666
1473 68.0368 68.183
1474 68.0368 68.1651
1475 68.0368 68.039
1476 68.0368 68.0368
1477 68.0368 68.1825
1478 68.0368 68.1523
1479 68.0368 68.0607
1480 68.0368 68.0964
1481 68.0368 68.0421
1482 68.0368 68.0368
1483 68.0368 68.0368
1484 68.0368 68.0472
1485 68.0368 68.0368
1486 68.0368 68.0368
1487 68.0368 68.0368
1488 68.0368 68.0368
1489 68.0368 68.0542
1490 68.0368 68.0959
1491 68.0368 68.0783
1492 68.0368 68.316
1493 68.0368 68.2506
1494 68.0368 68.2466
1495 68.0368 68.0879
1496 68.0368 68.0523
1497 68.0368 68.1427
1498 68.0368 68.0813
1499 68.0368 68.2266
1500 68.0368 68.128
1501 68.0368 68.069
1502 68.0368 68.0394
1503 68.0368 68.0368
1504 68.0368 68.0707
1505 68.0368 68.3161
1506 68.0368 68.183
1507 68.0368 68.4116
1508 68.0368 68.3509
1509 68.0368 68.1763
1510 68.0368 68.0954
1511 68.0368 68.1744
1512 68.0368 68.0548
1513 68.0368 68.0368
1514 68.0368 68.0368
1515 68.0368 68.198
1516 68.0368 68.0368
1517 68.0368 68.0491
1518 68.0368 68.1101
1519 68.0368 68.0457
1520 68.0368 68.0368
1521 68.0368 68.0516
1522 68.0368 68.0602
1523 68.0368 68.1734
1524 68.0368 68.3036
1525 68.0368 68.1309
1526 68.0368 68.2337
1527 68.0368 68.0368
1528 68.0368 68.0713
1529 68.0368 68.1189
1530 68.0368 68.1181
1531 68.0368 68.1153
1532 68.0368 68.2142
1533 68.0368 68.0771
1534 68.0368 68.1323
1535 68.0368 68.0368
1536 68.0368 68.0377
1537 68.0368 68.0449
1538 68.0368 68.0665
1539 68.0368 68.1827
1540 68.0368 68.138
1541 68.0368 68.0475
1542 68.0368 68.0508
1543 68.0368 68.1402
1544 68.0368 68.2555
1545 68.0368 68.0706
1546 68.0368 68.2488
1547 68.0368 68.1022
1548 68.0368 68.0983
1549 68.0368 68.1404
1550 68.0368 68.0992
1551 68.0368 68.0412
1552 68.0368 68.0388
1553 68.0368 68.0374
1554 68.0368 68.0368
1555 68.0368 68.0679
1556 68.0368 68.2006
1557 68.0368 68.0992
1558 68.0368 68.1148
1559 68.0368 68.3567
1560 68.0368 68.3006
1561 68.0368 68.0382
1562 68.0368 68.143
1563 68.0368 68.1378
1564 68.0368 68.0728
1565 68.0368 68.2438
1566 68.0368 68.122
1567 68.0368 68.1389
1568 68.0368 68.0469
1569 68.0368 68.5118
1570 68.0368 68.0999
1571 68.0368 68.0831
1572 68.0368 68.0368
1573 68.0368 68.1353
1574 68.0368 68.0368
1575 68.0368 68.0955
1576 68.0368 68.1887
1577 68.0368 68.3405
1578 68.0368 68.0368
1579 68.0368 68.0659
1580 68.0368 68.043
1581 68.0368 68.0381
1582 68.0368 68.0827
1583 68.0368 68.1517
1584 68.0368 68.1853
1585 68.0368 68.1055
1586 68.0368 68.1334
1587 68.0368 68.0844
1588 68.0368 68.2236
1589 68.0368 68.3136
1590 68.0368 68.1499
1591 68.0368 68.2973
1592 68.0368 68.0808
1593 68.0368 68.0773
1594 68.0368 68.1657
1595 68.0368 68.0368
1596 68.0368 68.0414
1597 68.0368 68.0368
1598 68.0368 68.0467
1599 68.0368 68.0594
1600 68.0368 68.0597
1601 68.0368 68.0368
1602 68.0368 68.1142
1603 68.0368 68.0555
1604 68.0368 68.0416
1605 68.0368 68.0415
1606 68.0368 68.0395
1607 68.0368 68.1083
1608 68.0368 68.1071
1609 68.0368 68.0849
1610 68.0368 68.0744
1611 68.0368 68.17
1612 68.0368 68.0614
1613 68.0368 68.0414
1614 68.0368 68.1902
1615 68.0368 68.0368
1616 68.0368 68.0417
1617 68.0368 68.053
1618 68.0368 68.1229
1619 68.0368 68.0672
1620 68.0368 68.0368
1621 68.0368 68.0693
1622 68.0368 68.2118
1623 68.0368 68.1131
1624 68.0368 68.1616
1625 68.0368 68.1811
1626 68.0368 68.2693
1627 68.0368 68.071
1628 68.0368 68.2335
1629 68.0368 68.2785
1630 68.0368 68.2686
1631 68.0368 68.3237
1632 68.0368 68.1355
1633 68.0368 68.0932
1634 68.0368 68.0726
1635 68.0368 68.0368
1636 68.0368 68.0368
1637 68.0368 68.0368
1638 68.0368 68.0587
1639 68.0368 68.0368
1640 68.0368 68.0546
1641 68.0368 68.0368
1642 68.0368 68.0368
1643 68.0368 68.195
1644 68.0368 68.1593
1645 68.0368 68.0491
1646 68.0368 68.0744
1647 68.0368 68.0368
1648 68.0368 68.0617
1649 68.0368 68.0538
1650 68.0368 68.1166
1651 68.0368 68.1019
1652 68.0368 68.0417
1653 68.0368 68.0622
1654 68.0368 68.25
1655 68.0368 68.0847
1656 68.0368 68.0532
1657 68.0368 68.2249
1658 68.0368 68.1231
1659 68.0368 68.0864
1660 68.0368 68.0368
1661 68.0368 68.0731
1662 68.0368 68.0395
1663 68.0368 68.1934
1664 68.0368 68.0489
1665 68.0368 68.0767
1666 68.0368 68.0614
1667 68.0368 68.0368
1668 68.0368 68.2254
1669 68.0368 68.0919
1670 68.0368 68.0673
1671 68.0368 68.349
1672 68.0368 68.1115
1673 68.0368 68.1357
1674 68.0368 68.051
1675 68.0368 68.0637
1676 68.0368 68.0444
1677 68.0368 68.0852
1678 68.0368 68.0456
1679 68.0368 68.0368
1680 68.0368 68.2579
1681 68.0368 68.0539
1682 68.0368 68.0635
1683 68.0368 68.1506
1684 68.0368 68.1012
1685 68.0368 68.0497
1686 68.0368 68.0601
1687 68.0368 68.0368
1688 68.0368 68.0368
1689 68.0368 68.1248
1690 68.0368 68.0547
1691 68.0368 68.0617
1692 68.0368 68.158
1693 68.0368 68.0608
1694 68.0368 68.1654
1695 68.0368 68.1067
1696 68.0368 68.0368
1697 68.0368 68.0897
1698 68.0368 68.0368
1699 68.0368 68.0975
1700 68.0368 68.0534
1701 68.0368 68.0774
1702 68.0368 68.0368
1703 68.0368 68.0368
1704 68.0368 68.0368
1705 68.0368 68.0368
1706 68.0368 68.0375
1707 68.0368 68.0368
1708 68.0368 68.0368
1709 68.0368 68.0368
1710 68.0368 68.2028
1711 68.0368 68.0641
1712 68.0368 68.2901
1713 68.0368 68.0368
1714 68.0368 68.08
1715 68.0368 68.0368
1716 68.0368 68.1338
1717 68.0368 68.0686
1718 68.0368 68.0692
1719 68.0368 68.0368
1720 68.0368 68.0368
1721 68.0368 68.0429
1722 68.0368 68.0409
1723 68.0368 68.093
1724 68.0368 68.0368
1725 68.0368 68.0799
1726 68.0368 68.0368
1727 68.0368 68.1964
1728 68.0368 68.0743
1729 68.0368 68.0368
1730 68.0368 68.1625
1731 68.0368 68.1352
1732 68.0368 68.1506
1733 68.0368 68.1708
1734 68.0368 68.0575
1735 68.0368 68.0368
1736 68.0368 68.2252
1737 68.0368 68.1543
1738 68.0368 68.3826
1739 68.0368 68.0718
1740 68.0368 68.0489
1741 68.0368 68.0368
1742 68.0368 68.0368
1743 68.0368 68.1133
1744 68.0368 68.0663
1745 68.0368 68.0368
1746 68.0368 68.0368
1747 68.0368 68.0727
1748 68.0368 68.056
1749 68.0368 68.0415
1750 68.0368 68.0512
1751 68.0368 68.1642
1752 68.0368 68.125
1753 68.0368 68.0975
1754 68.0368 68.0488
1755 68.0368 68.0368
1756 68.0368 68.0408
1757 68.0368 68.0621
1758 68.0368 68.1676
1759 68.0368 68.0788
1760 68.0368 68.0426
1761 68.0368 68.0368
1762 68.0368 68.0368
1763 68.0368 68.0408
1764 68.0368 68.0941
1765 68.0368 68.3571
1766 68.0368 68.0492
1767 68.0368 68.0824
1768 68.0368 68.0458
1769 68.0368 68.0386
1770 68.0368 68.0749
1771 68.0368 68.0368
1772 68.0368 68.0808
1773 68.0368 68.0368
1774 68.0368 68.1482
1775 68.0368 68.2169
1776 68.0368 68.3111
1777 68.0368 68.0822
1778 68.0368 68.1127
1779 68.0368 68.1414
1780 68.0368 68.0768
1781 68.0368 68.0368
1782 68.0368 68.0872
1783 68.0368 68.6218
1784 68.0368 68.3007
1785 68.0368 68.0789
1786 68.0368 68.1112
1787 68.0368 68.0368
1788 68.0368 68.0368
1789 68.0368 68.1177
1790 68.0368 68.2058
1791 68.0368 68.2145
1792 68.0368 68.0424
1793 68.0368 68.1608
1794 68.0368 68.4044
1795 68.0368 68.1086
1796 68.0368 68.0615
1797 68.0368 68.0663
1798 68.0368 68.0649
1799 68.0368 68.0368
1800 68.0368 68.0523
1801 68.0368 68.043
1802 68.0368 68.0368
1803 68.0368 68.1311
1804 68.0368 68.0487
1805 68.0368 68.0368
1806 68.0368 68.0941
1807 68.0368 68.0612
1808 68.0368 68.0683
1809 68.0368 68.0934
1810 68.0368 68.1035
1811 68.0368 68.0499
1812 68.0368 68.0771
1813 68.0368 68.1018
1814 68.0368 68.4134
1815 68.0368 68.2103
1816 68.0368 68.141
1817 68.0368 68.0956
1818 68.0368 68.2575
1819 68.0368 68.2677
1820 68.0368 68.3074
1821 68.0368 68.2444
1822 68.0368 68.204
1823 68.0368 68.2489
1824 68.0368 68.0368
1825 68.0368 68.0428
1826 68.0368 68.1839
1827 68.0368 68.0403
1828 68.0368 68.0885
1829 68.0368 68.0368
1830 68.0368 68.0607
1831 68.0368 68.0368
1832 68.0368 68.0368
1833 68.0368 68.0458
1834 68.0368 68.0454
1835 68.0368 68.099
1836 68.0368 68.1931
1837 68.0368 68.1826
1838 68.0368 68.0515
1839 68.0368 68.0651
1840 68.0368 68.0368
1841 68.0368 68.0689
1842 68.0368 68.0456
1843 68.0368 68.0405
1844 68.0368 68.0712
1845 68.0368 68.1788
1846 68.0368 68.1561
1847 68.0368 68.129
1848 68.0368 68.2189
1849 68.0368 68.0753
1850 68.0368 68.0896
1851 68.0368 68.0522
1852 68.0368 68.2015
1853 68.0368 68.0726
1854 68.0368 68.0558
1855 68.0368 68.108
1856 68.0368 68.0384
1857 68.0368 68.1028
1858 68.0368 68.205
1859 68.0368 68.2232
1860 68.0368 68.0368
1861 68.0368 68.0575
1862 68.0368 68.0368
1863 68.0368 68.0491
1864 68.0368 68.1651
1865 68.0368 68.1701
1866 68.0368 68.2975
1867 68.0368 68.043
1868 68.0368 68.0998
1869 68.0368 68.4058
1870 68.0368 68.1033
1871 68.0368 68.0604
1872 68.0368 68.0399
1873 68.0368 68.0379
1874 68.0368 68.0423
1875 68.0368 68.1108
1876 68.0368 68.0368
1877 68.0368 68.0657
1878 68.0368 68.1662
1879 68.0368 68.3753
1880 68.0368 68.2032
1881 68.0368 68.1477
1882 68.0368 68.2667
1883 68.0368 68.1153
1884 68.0368 68.0802
1885 68.0368 68.0368
1886 68.0368 68.0888
1887 68.0368 68.0368
1888 68.0368 68.1113
1889 68.0368 68.0368
1890 68.0368 68.1046
1891 68.0368 68.0368
1892 68.0368 68.065
1893 68.0368 68.0459
1894 68.0368 68.0368
1895 68.0368 68.3137
1896 68.0368 68.2673
1897 68.0368 68.2698
1898 68.0368 68.1166
1899 68.0368 68.1207
1900 68.0368 68.1752
1901 68.0368 68.132
1902 68.0368 68.099
1903 68.0368 68.1377
1904 68.0368 68.0368
1905 68.0368 68.0527
1906 68.0368 68.0368
1907 68.0368 68.0369
1908 68.0368 68.0368
1909 68.0368 68.0792
1910 68.0368 68.0723
1911 68.0368 68.0484
1912 68.0368 68.0978
1913 68.0368 68.0368
1914 68.0368 68.0368
1915 68.0368 68.1471
1916 68.0368 68.0368
1917 68.0368 68.1153
1918 68.0368 68.0383
1919 68.0368 68.2002
1920 68.0368 68.05
1921 68.0368 68.0943
1922 68.0368 68.0651
1923 68.0368 68.0512
1924 68.0368 68.0728
1925 68.0368 68.2031
1926 68.0368 68.15
1927 68.0368 68.0592
1928 68.0368 68.2602
1929 68.0368 68.1088
1930 68.0368 68.1126
1931 68.0368 68.0412
1932 68.0368 68.295
1933 68.0368 68.0587
1934 68.0368 68.0505
1935 68.0368 68.1126
1936 68.0368 68.1707
1937 68.0368 68.2371
1938 68.0368 68.2471
1939 68.0368 68.0488
1940 68.0368 68.0368
1941 68.0368 68.0368
1942 68.0368 68.0498
1943 68.0368 68.0368
1944 68.0368 68.0368
1945 68.0368 68.0368
1946 68.0368 68.0993
1947 68.0368 68.0984
1948 68.0368 68.2184
1949 68.0368 68.0368
1950 68.0368 68.0574
1951 68.0368 68.0368
1952 68.0368 68.0368
1953 68.0368 68.1941
1954 68.0368 68.3499
1955 68.0368 68.0593
1956 68.0368 68.0815
1957 68.0368 68.0545
1958 68.0368 68.0368
1959 68.0368 68.0578
1960 68.0368 68.1685
1961 68.0368 68.1287
1962 68.0368 68.083
1963 68.0368 68.0368
1964 68.0368 68.0822
1965 68.0368 68.0394
1966 68.0368 68.1427
1967 68.0368 68.1198
1968 68.0368 68.3098
1969 68.0368 68.1928
1970 68.0368 68.0645
1971 68.0368 68.0407
1972 68.0368 68.0745
1973 68.0368 68.0368
1974 68.0368 68.0368
1975 68.0368 68.0599
1976 68.0368 68.0752
1977 68.0368 68.2278
1978 68.0368 68.0596
1979 68.0368 68.0514
1980 68.0368 68.1729
1981 68.0368 68.0869
1982 68.0368 68.0446
1983 68.0368 68.0566
1984 68.0368 68.0368
1985 68.0368 68.0368
1986 68.0368 68.0368
1987 68.0368 68.0368
1988 68.0368 68.062
1989 68.0368 68.1554
1990 68.0368 68.0488
1991 68.0368 68.072
1992 68.0368 68.0368
1993 68.0368 68.0369
1994 68.0368 68.1583
1995 68.0368 68.0712
1996 68.0368 68.0578
1997 68.0368 68.2291
1998 68.0368 68.0368
1999 68.0368 68.1109
2000 68.0368 68.0475
2001 68.0368 68.0727
2002 68.0368 68.2406
2003 68.0368 68.5669
2004 68.0368 68.1201
2005 68.0368 68.0905
2006 68.0368 68.1017
2007 68.0368 68.0368
2008 68.0368 68.0368
2009 68.0368 68.0578
2010 68.0368 68.0368
2011 68.0368 68.0392
2012 68.0368 68.0368
2013 68.0368 68.0896
2014 68.0368 68.0652
2015 68.0368 68.1409
2016 68.0368 68.0648
2017 68.0368 68.1645
2018 68.0368 68.0368
2019 68.0368 68.0686
2020 68.0368 68.084
2021 68.0368 68.0368
2022 68.0368 68.1488
2023 68.0368 68.0368
2024 68.0368 68.0368
2025 68.0368 68.0368
2026 68.0368 68.0777
2027 68.0368 68.1286
2028 68.0368 68.0787
2029 68.0368 68.0921
2030 68.0368 68.0368
2031 68.0368 68.0673
2032 68.0368 68.1319
2033 68.0368 68.1421
2034 68.0368 68.0704
2035 68.0368 68.0368
2036 68.0368 68.0368
2037 68.0368 68.0368
2038 68.0368 68.0425
2039 68.0368 68.0462
2040 68.0368 68.1533
2041 68.0368 68.1022
2042 68.0368 68.0476
2043 68.0368 68.0404
2044 68.0368 68.0429
2045 68.0368 68.0807
2046 68.0368 68.1896
2047 68.0368 68.1463
2048 68.0368 68.0368
2049 68.0368 68.0368
2050 68.0368 68.0368
2051 68.0368 68.0368
2052 68.0368 68.0368
2053 68.0368 68.0368
2054 68.0368 68.0394
2055 68.0368 68.1445
2056 68.0368 68.0612
2057 68.0368 68.0456
2058 68.0368 68.0821
2059 68.0368 68.0368
2060 68.0368 68.1099
2061 68.0368 68.0791
2062 68.0368 68.057
2063 68.0368 68.0494
2064 68.0368 68.2195
2065 68.0368 68.3008
2066 68.0368 68.4107
2067 68.0368 68.191
2068 68.0368 68.1547
2069 68.0368 68.0828
2070 68.0368 68.0368
2071 68.0368 68.0385
2072 68.0368 68.0368
2073 68.0368 68.0487
2074 68.0368 68.1557
2075 68.0368 68.1874
2076 68.0368 68.1848
2077 68.0368 68.081
2078 68.0368 68.0477
2079 68.0368 68.1722
2080 68.0368 68.0379
2081 68.0368 68.0511
2082 68.0368 68.0368
2083 68.0368 68.0368
2084 68.0368 68.0373
2085 68.0368 68.0368
2086 68.0368 68.0552
2087 68.0368 68.1409
2088 68.0368 68.0368
2089 68.0368 68.1105
2090 68.0368 68.0396
2091 68.0368 68.0368
2092 68.0368 68.0782
2093 68.0368 68.0531
2094 68.0368 68.0627
2095 68.0368 68.0793
2096 68.0368 68.0368
2097 68.0368 68.1407
2098 68.0368 68.1024
2099 68.0368 68.2171
2100 68.0368 68.1696
2101 68.0368 68.0715
2102 68.0368 68.1334
2103 68.0368 68.2256
2104 68.0368 68.1563
2105 68.0368 68.1598
2106 68.0368 68.0809
2107 68.0368 68.1491
2108 68.0368 68.2459
2109 68.0368 68.0619
2110 68.0368 68.2103
2111 68.0368 68.1731
2112 68.0368 68.1193
2113 68.0368 68.2113
2114 68.0368 68.1234
2115 68.0368 68.1007
2116 68.0368 68.0368
2117 68.0368 68.0368
2118 68.0368 68.1618
2119 68.0368 68.2959
2120 68.0368 68.0441
2121 68.0368 68.0769
2122 68.0368 68.0446
2123 68.0368 68.0368
2124 68.0368 68.1428
2125 68.0368 68.0368
2126 68.0368 68.0368
2127 68.0368 68.0368
2128 68.0368 68.0401
2129 68.0368 68.0635
2130 68.0368 68.0368
2131 68.0368 68.0368
2132 68.0368 68.0368
2133 68.0368 68.0368
2134 68.0368 68.1116
2135 68.0368 68.1288
2136 68.0368 68.1391
2137 68.0368 68.0616
2138 68.0368 68.144
2139 68.0368 68.0635
2140 68.0368 68.1283
2141 68.0368 68.159
2142 68.0368 68.1577
2143 68.0368 68.3268
2144 68.0368 68.2019
2145 68.0368 68.0887
2146 68.0368 68.0368
2147 68.0368 68.1014
2148 68.0368 68.1432
2149 68.0368 68.0406
2150 68.0368 68.0718
2151 68.0368 68.304
2152 68.0368 68.1615
2153 68.0368 68.149
2154 68.0368 68.0423
2155 68.0368 68.0386
2156 68.0368 68.0799
2157 68.0368 68.0945
2158 68.0368 68.079
2159 68.0368 68.1484
2160 68.0368 68.0748
2161 68.0368 68.1207
2162 68.0368 68.077
2163 68.0368 68.4138
2164 68.0368 68.3121
2165 68.0368 68.1572
2166 68.0368 68.0368
2167 68.0368 68.0435
2168 68.0368 68.1405
2169 68.0368 68.0368
2170 68.0368 68.0752
2171 68.0368 68.0864
2172 68.0368 68.1598
2173 68.0368 68.1442
2174 68.0368 68.1317
2175 68.0368 68.2986
2176 68.0368 68.0515
2177 68.0368 68.0368
2178 68.0368 68.0368
2179 68.0368 68.0368
2180 68.0368 68.0368
2181 68.0368 68.0368
2182 68.0368 68.0789
2183 68.0368 68.0368
2184 68.0368 68.1063
2185 68.0368 68.112
2186 68.0368 68.1208
2187 68.0368 68.0926
2188 68.0368 68.0368
2189 68.0368 68.0377
2190 68.0368 68.1876
2191 68.0368 68.098
2192 68.0368 68.0484
2193 68.0368 68.1156
2194 68.0368 68.2719
2195 68.0368 68.1275
2196 68.0368 68.1527
2197 68.0368 68.0368
2198 68.0368 68.0688
2199 68.0368 68.0688
2200 68.0368 68.0368
2201 68.0368 68.0963
2202 68.0368 68.2759
2203 68.0368 68.0473
2204 68.0368 68.2351
2205 68.0368 68.3211
2206 68.0368 68.3151
2207 68.0368 68.1205
2208 68.0368 68.1291
2209 68.0368 68.0496
2210 68.0368 68.2448
2211 68.0368 68.0393
2212 68.0368 68.0584
2213 68.0368 68.0368
2214 68.0368 68.0368
2215 68.0368 68.0368
2216 68.0368 68.0462
2217 68.0368 68.0368
2218 68.0368 68.0368
2219 68.0368 68.0847
2220 68.0368 68.0464
2221 68.0368 68.0432
2222 68.0368 68.0368
2223 68.0368 68.0368
2224 68.0368 68.0726
2225 68.0368 68.0793
2226 68.0368 68.1673
2227 68.0368 68.1005
2228 68.0368 68.1275
2229 68.0368 68.0368
2230 68.0368 68.0553
2231 68.0368 68.0788
2232 68.0368 68.0368
2233 68.0368 68.0368
2234 68.0368 68.0368
2235 68.0368 68.0443
2236 68.0368 68.1381
2237 68.0368 68.0667
2238 68.0368 68.0749
2239 68.0368 68.0383
2240 68.0368 68.0862
2241 68.0368 68.1658
2242 68.0368 68.1409
2243 68.0368 68.2401
2244 68.0368 68.2114
2245 68.0368 68.1554
2246 68.0368 68.1554
2247 68.0368 68.0368
2248 68.0368 68.0718
2249 68.0368 68.4032
2250 68.0368 68.0548
2251 68.0368 68.0368
2252 68.0368 68.0368
2253 68.0368 68.0368
2254 68.0368 68.0368
2255 68.0368 68.0368
2256 68.0368 68.0484
2257 68.0368 68.0405
2258 68.0368 68.0368
2259 68.0368 68.2641
2260 68.0368 68.2194
2261 68.0368 68.1033
2262 68.0368 68.0654
2263 68.0368 68.0546
2264 68.0368 68.0404
2265 68.0368 68.1015
2266 68.0368 68.1704
2267 68.0368 68.1366
2268 68.0368 68.0368
2269 68.0368 68.18
2270 68.0368 68.4384
2271 68.0368 68.2777
2272 68.0368 68.0368
2273 68.0368 68.1372
2274 68.0368 68.2766
2275 68.0368 68.2756
2276 68.0368 68.126
2277 68.0368 68.1187
2278 68.0368 68.054
2279 68.0368 68.0946
2280 68.0368 68.0872
2281 68.0368 68.0859
2282 68.0368 68.0368
2283 68.0368 68.0616
2284 68.0368 68.2171
2285 68.0368 68.0485
2286 68.0368 68.0368
2287 68.0368 68.1126
2288 68.0368 68.07
2289 68.0368 68.0817
2290 68.0368 68.2378
2291 68.0368 68.0368
2292 68.0368 68.0368
2293 68.0368 68.0368
2294 68.0368 68.0447
2295 68.0368 68.0368
2296 68.0368 68.0368
2297 68.0368 68.044
2298 68.0368 68.0401
2299 68.0368 68.043
2300 68.0368 68.1006
2301 68.0368 68.0921
2302 68.0368 68.0695
2303 68.0368 68.0457
2304 68.0368 68.0368
2305 68.0368 68.0368
2306 68.0368 68.1937
2307 68.0368 68.2441
2308 68.0368 68.038
2309 68.0368 68.0411
2310 68.0368 68.0368
2311 68.0368 68.0368
2312 68.0368 68.0528
2313 68.0368 68.0368
2314 68.0368 68.1389
2315 68.0368 68.0368
2316 68.0368 68.0587
2317 68.0368 68.0379
2318 68.0368 68.0494
2319 68.0368 68.0842
2320 68.0368 68.0394
2321 68.0368 68.0368
2322 68.0368 68.0368
2323 68.0368 68.1545
2324 68.0368 68.0585
2325 68.0368 68.411
2326 68.0368 68.1575
2327 68.0368 68.1966
2328 68.0368 68.0744
2329 68.0368 68.0368
2330 68.0368 68.1078
2331 68.0368 68.0482
2332 68.0368 68.0574
2333 68.0368 68.0368
2334 68.0368 68.0368
2335 68.0368 68.0983
2336 68.0368 68.0641
2337 68.0368 68.0639
2338 68.0368 68.2118
2339 68.0368 68.101
2340 68.0368 68.0906
2341 68.0368 68.1687
2342 68.0368 68.0571
2343 68.0368 68.0562
2344 68.0368 68.1439
2345 68.0368 68.0588
2346 68.0368 68.1046
2347 68.0368 68.0368
2348 68.0368 68.0896
2349 68.0368 68.1332
2350 68.0368 68.237
2351 68.0368 68.0398
2352 68.0368 68.152
2353 68.0368 68.0368
2354 68.0368 68.0368
2355 68.0368 68.0368
2356 68.0368 68.0448
2357 68.0368 68.0368
2358 68.0368 68.0368
2359 68.0368 68.0735
2360 68.0368 68.0369
2361 68.0368 68.1829
2362 68.0368 68.2095
2363 68.0368 68.0651
2364 68.0368 68.0781
2365 68.0368 68.0817
2366 68.0368 68.1077
2367 68.0368 68.0374
2368 68.0368 68.0797
2369 68.0368 68.0368
2370 68.0368 68.0368
2371 68.0368 68.0368
2372 68.0368 68.2272
2373 68.0368 68.119
2374 68.0368 68.1567
2375 68.0368 68.1248
2376 68.0368 68.0368
2377 68.0368 68.0565
2378 68.0368 68.3242
2379 68.0368 68.0372
2380 68.0368 68.1558
2381 68.0368 68.0557
2382 68.0368 68.0484
2383 68.0368 68.0748
2384 68.0368 68.1981
2385 68.0368 68.088
2386 68.0368 68.0368
2387 68.0368 68.0412
2388 68.0368 68.14
2389 68.0368 68.1652
2390 68.0368 68.0424
2391 68.0368 68.0368
2392 68.0368 68.2367
2393 68.0368 68.1553
2394 68.0368 68.0817
2395 68.0368 68.1055
2396 68.0368 68.1922
2397 68.0368 68.0861
2398 68.0368 68.2185
2399 68.0368 68.4587
2400 68.0368 68.5301
2401 68.0368 68.0913
2402 68.0368 68.0368
2403 68.0368 68.061
2404 68.0368 68.0463
2405 68.0368 68.0368
2406 68.0368 68.2283
2407 68.0368 68.1251
2408 68.0368 68.0492
2409 68.0368 68.1101
2410 68.0368 68.042
2411 68.0368 68.1096
2412 68.0368 68.0525
2413 68.0368 68.0368
2414 68.0368 68.038
2415 68.0368 68.0368
2416 68.0368 68.1116
2417 68.0368 68.0473
2418 68.0368 68.0368
2419 68.0368 68.0368
2420 68.0368 68.0368
2421 68.0368 68.1407
2422 68.0368 68.1201
2423 68.0368 68.1234
2424 68.0368 68.0726
2425 68.0368 68.0575
2426 68.0368 68.0368
2427 68.0368 68.0368
2428 68.0368 68.0384
2429 68.0368 68.1353
2430 68.0368 68.0403
2431 68.0368 68.0368
2432 68.0368 68.0386
2433 68.0368 68.0368
2434 68.0368 68.047
2435 68.0368 68.0867
2436 68.0368 68.1174
2437 68.0368 68.0479
2438 68.0368 68.0368
2439 68.0368 68.0406
2440 68.0368 68.0739
2441 68.0368 68.0496
2442 68.0368 68.0368
2443 68.0368 68.0368
2444 68.0368 68.0487
2445 68.0368 68.1428
2446 68.0368 68.146
2447 68.0368 68.0449
2448 68.0368 68.3075
2449 68.0368 68.0718
2450 68.0368 68.1803
2451 68.0368 68.1279
2452 68.0368 68.26
2453 68.0368 68.228
2454 68.0368 68.1377
2455 68.0368 68.0685
2456 68.0368 68.0413
2457 68.0368 68.0368
2458 68.0368 68.0368
2459 68.0368 68.0368
2460 68.0368 68.0368
2461 68.0368 68.045
2462 68.0368 68.0441
2463 68.0368 68.1221
2464 68.0368 68.0375
2465 68.0368 68.0368
2466 68.0368 68.0368
2467 68.0368 68.0754
2468 68.0368 68.0843
2469 68.0368 68.0747
2470 68.0368 68.0817
2471 68.0368 68.2385
2472 68.0368 68.0902
2473 68.0368 68.2593
2474 68.0368 68.1931
2475 68.0368 68.177
2476 68.0368 68.1226
2477 68.0368 68.0745
2478 68.0368 68.2732
2479 68.0368 68.088
2480 68.0368 68.0678
2481 68.0368 68.0368
2482 68.0368 68.0368
2483 68.0368 68.0429
2484 68.0368 68.1553
2485 68.0368 68.2001
2486 68.0368 68.1964
2487 68.0368 68.0818
2488 68.0368 68.05
2489 68.0368 68.064
2490 68.0368 68.0368
2491 68.0368 68.0368
2492 68.0368 68.0806
2493 68.0368 68.1341
2494 68.0368 68.2277
2495 68.0368 68.2335
2496 68.0368 68.2696
2497 68.0368 68.055
2498 68.0368 68.0368
2499 68.0368 68.048
2500 68.0368 68.3575
2501 68.0368 68.2712
2502 68.0368 68.0431
2503 68.0368 68.044
2504 68.0368 68.1165
2505 68.0368 68.0732
2506 68.0368 68.2114
2507 68.0368 68.2407
2508 68.0368 68.3022
2509 68.0368 68.3207
2510 68.0368 68.1799
2511 68.0368 68.0368
2512 68.0368 68.1812
2513 68.0368 68.0849
2514 68.0368 68.178
2515 68.0368 68.0368
2516 68.0368 68.0368
2517 68.0368 68.2191
2518 68.0368 68.1939
2519 68.0368 68.0612
2520 68.0368 68.0909
2521 68.0368 68.0368
2522 68.0368 68.1049
2523 68.0368 68.1043
2524 68.0368 68.0368
2525 68.0368 68.0368
2526 68.0368 68.0875
2527 68.0368 68.3416
2528 68.0368 68.066
2529 68.0368 68.2078
2530 68.0368 68.23
2531 68.0368 68.4904
2532 68.0368 68.1776
2533 68.0368 68.0773
2534 68.0368 68.0832
2535 68.0368 68.1609
2536 68.0368 68.2764
2537 68.0368 68.2117
2538 68.0368 68.0837
2539 68.0368 68.0368
2540 68.0368 68.0368
2541 68.0368 68.2902
2542 68.0368 68.1836
2543 68.0368 68.1953
2544 68.0368 68.0511
2545 68.0368 68.1951
2546 68.0368 68.2158
2547 68.0368 68.3649
2548 68.0368 68.0818
2549 68.0368 68.086
2550 68.0368 68.0374
2551 68.0368 68.0846
2552 68.0368 68.0504
2553 68.0368 68.0368
2554 68.0368 68.0458
2555 68.0368 68.0368
2556 68.0368 68.0404
2557 68.0368 68.0368
2558 68.0368 68.0368
2559 68.0368 68.0415
2560 68.0368 68.0665
2561 68.0368 68.0368
2562 68.0368 68.0368
2563 68.0368 68.0549
2564 68.0368 68.0368
2565 68.0368 68.0604
2566 68.0368 68.1927
2567 68.0368 68.1525
2568 68.0368 68.0863
2569 68.0368 68.0368
2570 68.0368 68.0411
2571 68.0368 68.1925
2572 68.0368 68.0937
2573 68.0368 68.1136
2574 68.0368 68.1314
2575 68.0368 68.1173
2576 68.0368 68.0368
2577 68.0368 68.0552
2578 68.0368 68.1408
2579 68.0368 68.0783
2580 68.0368 68.0705
2581 68.0368 68.0414
2582 68.0368 68.0368
2583 68.0368 68.1758
2584 68.0368 68.0918
2585 68.0368 68.0735
2586 68.0368 68.0493
2587 68.0368 68.0397
2588 68.0368 68.1769
2589 68.0368 68.2493
2590 68.0368 68.0368
2591 68.0368 68.0679
2592 67.9537 68.1516
2593 67.9537 68.0307
2594 67.9537 67.9938
2595 67.9537 68.0281
2596 67.9537 68.2974
2597 67.9537 68.1768
2598 67.9537 68.2307
2599 67.9537 68.0761
2600 67.9537 68.0375
2601 67.9537 67.9556
2602 67.9537 67.9898
2603 67.9537 68.0769
2604 67.9537 68.2581
2605 67.9537 67.9655
2606 67.9537 67.9537
2607 67.9537 67.9537
2608 67.9537 67.9574
2609 67.9537 67.9582
2610 67.9537 67.9537
2611 67.9537 67.9537
2612 67.9537 67.9537
2613 67.9537 67.9537
2614 67.9537 67.9537
2615 67.9537 67.9537
2616 67.9537 67.9537
2617 67.9537 67.9537
2618 67.9537 67.9537
2619 67.9537 68.0142
2620 67.9537 68.1116
2621 67.9537 68.0745
2622 67.9537 68.0209
2623 67.9537 68.0529
2624 67.9537 68.0459
2625 67.9537 68.0086
2626 67.9537 68.0747
2627 67.9537 68.0183
2628 67.9537 68.0617
2629 67.9537 68.0647
2630 67.9537 68.0617
2631 67.9537 68.0154
2632 67.9537 67.9724
2633 67.9537 68.1761
2634 67.9537 68.0886
2635 67.9537 67.9543
2636 67.9537 67.9537
2637 67.9537 67.9584
2638 67.9537 67.9537
2639 67.9537 67.9537
2640 67.9537 68.0533
2641 67.9537 68.0405
2642 67.9537 67.972
2643 67.9537 68.0727
2644 67.9537 67.9699
2645 67.9537 67.9813
2646 67.9537 68.0009
2647 67.9537 67.9537
2648 67.9537 67.9953
2649 67.9537 68.0489
2650 67.9537 67.9999
2651 67.9537 67.9537
2652 67.9537 68.0891
2653 67.9537 67.9983
2654 67.9537 68.0345
2655 67.9537 68.018
2656 67.9537 67.9566
2657 67.9537 67.9537
2658 67.9537 67.9643
2659 67.9537 68.2373
2660 67.9537 68.1613
2661 67.9537 67.979
2662 67.9537 67.9789
2663 67.9537 67.9537
2664 67.9537 68.0661
2665 67.9537 67.9537
2666 67.9537 67.9537
2667 67.9537 68.0056
2668 67.9537 68.16
2669 67.9537 68.0119
2670 67.9537 67.9642
2671 67.9537 68.0346
2672 67.9537 67.9588
2673 67.9537 68.0873
2674 67.9537 67.9905
2675 67.9537 67.9646
2676 67.9537 67.979
2677 67.9537 67.9818
2678 67.9537 68.0494
2679 67.9537 68.0082
2680 67.9537 67.9656
2681 67.9537 67.9537
2682 67.9537 67.9537
2683 67.9537 67.9864
2684 67.9537 67.9655
2685 67.9537 67.9839
2686 67.9537 67.9879
2687 67.9537 68.0128
2688 67.9537 68.2235
2689 67.9537 68.0142
2690 67.9537 67.9537
2691 67.9537 67.9636
2692 67.9537 67.9537
2693 67.9537 67.9537
2694 67.9537 67.9537
2695 67.9537 67.9537
2696 67.9537 67.9537
2697 67.9537 68.0039
2698 67.9537 68.1039
2699 67.9537 68.2546
2700 67.9537 68.0927
2701 67.9537 67.9537
2702 67.9537 68.3557
2703 67.9537 67.9859
2704 67.9537 68.1694
2705 67.9537 68.0194
2706 67.9537 67.9537
2707 67.9537 67.9537
2708 67.9537 67.9537
2709 67.9537 67.9537
2710 67.9537 67.9537
2711 67.9537 68.0216
2712 67.9537 68.1098
2713 67.9537 68.0377
2714 67.9537 68.0524
2715 67.9537 68.0335
2716 67.9537 68.0313
2717 67.9537 68.1136
2718 67.9537 68.3403
2719 67.9537 68.1234
2720 67.9537 68.2639
2721 67.9537 68.0563
2722 67.9537 68.2875
2723 67.9537 68.049
2724 67.9537 68.4332
2725 67.9537 67.9676
2726 67.9537 68.06
2727 67.9537 67.9777
2728 67.9537 67.9537
2729 67.9537 67.9833
2730 67.9537 68.208
2731 67.9537 68.0196
2732 67.9537 68.1346
2733 67.9537 68.0598
2734 67.9537 68.0238
2735 67.9537 68.0542
2736 67.9537 68.0706
2737 67.9537 68.0351
2738 67.9537 68.0391
2739 67.9537 68.0183
2740 67.9537 68.0245
2741 67.9537 67.9662
2742 67.9537 67.9628
2743 67.9537 68.0177
2744 67.9537 67.966
2745 67.9537 67.9537
2746 67.9537 67.9537
2747 67.9537 67.9537
2748 67.9537 67.9537
2749 67.9537 68.035
2750 67.9537 68.0272
2751 67.9537 67.9729
2752 67.9537 67.9589
2753 67.9537 68.3235
2754 67.9537 67.9653
2755 67.9537 68.0017
2756 67.9537 68.0452
2757 67.9537 68.1806
2758 67.9537 68.006
2759 67.9537 67.9537
2760 67.9537 67.9705
2761 67.9537 67.9537
2762 67.9537 68.0079
2763 67.9537 67.9662
2764 67.9537 67.9961
2765 67.9537 67.9568
2766 67.9537 68.042
2767 67.9537 67.9957
2768 67.9537 67.9537
2769 67.9537 67.9537
2770 67.9537 67.9924
2771 67.9537 68.0276
2772 67.9537 68.0961
2773 67.9537 68.0418
2774 67.9537 68.0063
2775 67.9537 68.0699
2776 67.9537 67.9772
2777 67.9537 67.9954
2778 67.9537 68.0632
2779 67.9537 67.9537
2780 67.9537 67.9579
2781 67.9537 68.003
2782 67.9537 68.0977
2783 67.9537 68.1284
2784 67.9537 68.0196
2785 67.9537 67.9537
2786 67.9537 68.1408
2787 67.9537 68.0462
2788 67.9537 67.9537
2789 67.9537 67.972
2790 67.9537 67.9545
2791 67.9537 67.9625
2792 67.9537 67.9639
2793 67.9537 67.9753
2794 67.9537 67.99
2795 67.9537 68.0173
2796 67.9537 67.9537
2797 67.9537 67.9537
2798 67.9537 68.1458
2799 67.9537 67.9537
2800 67.9537 67.9575
2801 67.9537 68.1323
2802 67.9537 67.9646
2803 67.9537 67.9835
2804 67.9537 68.0347
2805 67.9537 67.975
2806 67.9537 67.9557
2807 67.9537 68.1044
2808 67.9537 67.9675
2809 67.9537 68.0533
2810 67.9537 67.9537
2811 67.9537 67.9787
2812 67.9537 67.9658
2813 67.9537 67.9537
2814 67.9537 67.9935
2815 67.9537 68.0489
2816 67.9537 67.9537
2817 67.9537 67.9553
2818 67.9537 67.9884
2819 67.9537 67.9853
2820 67.9537 67.9635
2821 67.9537 68.0008
2822 67.9537 68.0156
2823 67.9537 68.0865
2824 67.9537 67.994
2825 67.9537 67.9816
2826 67.9537 67.9548
2827 67.9537 67.9589
2828 67.9537 68.0126
2829 67.9537 67.9537
2830 67.9537 67.9537
2831 67.9537 67.9537
2832 67.9537 67.9537
2833 67.9537 67.9537
2834 67.9537 68.1224
2835 67.9537 68.1264
2836 67.9537 68.1492
2837 67.9537 67.9601
2838 67.9537 67.9563
2839 67.9537 67.9537
2840 67.9537 67.9626
2841 67.9537 67.9537
2842 67.9537 68.0166
2843 67.9537 67.9541
2844 67.9537 67.9789
2845 67.9537 68.2615
2846 67.9537 68.0932
2847 67.9537 67.9537
2848 67.9537 67.978
2849 67.9537 67.9537
2850 67.9537 68.0153
2851 67.9537 68.0844
2852 67.9537 67.9666
2853 67.9537 68.0137
2854 67.9537 68.0465
2855 67.9537 67.954
2856 67.9537 67.9537
2857 67.9537 67.9935
2858 67.9537 68.1198
2859 67.9537 68.0059
2860 67.9537 67.9856
2861 67.9537 67.9922
2862 67.9537 67.9537
2863 67.9537 67.9537
2864 67.9537 67.9537
2865 67.9537 67.9537
2866 67.9537 68.0131
2867 67.9537 68.0632
2868 67.9537 68.1204
2869 67.9537 67.9563
2870 67.9537 67.9537
2871 67.9537 67.9537
2872 67.9537 67.9989
2873 67.9537 68.1559
2874 67.9537 68.1701
2875 67.9537 67.9604
2876 67.9537 68.1142
2877 67.9537 68.1271
2878 67.9537 68.0872
2879 67.9537 68.0606
2880 67.9537 68.0291
2881 67.9537 68.0115
2882 67.9537 68.0341
2883 67.9537 68.0886
2884 67.9537 67.9655
2885 67.9537 67.9537
2886 67.9537 67.9936
2887 67.9537 68.0579
2888 67.9537 67.9785
2889 67.9537 68.0519
2890 67.9537 68.0852
2891 67.9537 68.2056
2892 67.9537 68.1521
2893 67.9537 68.0722
2894 67.9537 68.1593
2895 67.9537 67.9554
2896 67.9537 67.9564
2897 67.9537 67.9537
2898 67.9537 68.0196
2899 67.9537 68.0209
2900 67.9537 67.9566
2901 67.9537 67.9537
2902 67.9537 68.0689
2903 67.9537 68.098
2904 67.9537 68.2359
2905 67.9537 68.0579
2906 67.9537 67.9537
2907 67.9537 68.0536
2908 67.9537 68.0355
2909 67.9537 67.9611
2910 67.9537 67.9724
2911 67.9537 68.0134
2912 67.9537 67.9537
2913 67.9537 67.9537
2914 67.9537 67.9537
2915 67.9537 67.9537
2916 67.9537 67.9537
2917 67.9537 67.9718
2918 67.9537 68.1267
2919 67.9537 68.023
2920 67.9537 67.9775
2921 67.9537 68.0533
2922 67.9537 68.0897
2923 67.9537 68.1995
2924 67.9537 68.0434
2925 67.9537 68.0153
2926 67.9537 67.9867
2927 67.9537 68.1561
2928 67.9537 68.3037
2929 67.9537 68.0098
2930 67.9537 67.9537
2931 67.9537 68.1054
2932 67.9537 67.9836
2933 67.9537 67.9565
2934 67.9537 67.9681
2935 67.9537 67.9961
2936 67.9537 68.1254
2937 67.9537 68.1296
2938 67.9537 68.0249
2939 67.9537 68.0769
2940 67.9537 67.9537
2941 67.9537 67.9537
2942 67.9537 67.9732
2943 67.9537 68.0211
2944 67.9537 68.1007
2945 67.9537 68.0288
2946 67.9537 68.1065
2947 67.9537 67.9537
2948 67.9537 68.0527
2949 67.9537 67.9665
2950 67.9537 68.5202
2951 67.9537 68.4936
2952 67.9537 68.1942
2953 67.9537 68.1162
2954 67.9537 67.9537
2955 67.9537 67.9712
2956 67.9537 67.9602
2957 67.9537 68.0456
2958 67.9537 67.9631
2959 67.9537 68.1855
2960 67.9537 68.0592
2961 67.9537 67.9537
2962 67.9537 67.9537
2963 67.9537 67.9571
2964 67.9537 67.9557
2965 67.9537 68.0783
2966 67.9537 68.122
2967 67.9537 67.9911
2968 67.9537 67.9541
2969 67.9537 68.1299
2970 67.9537 68.0034
2971 67.9537 68.12
2972 67.9537 68.2283
2973 67.9537 68.0885
2974 67.9537 68.1236
2975 67.9537 67.9792
2976 67.9537 67.9537
2977 67.9537 68.0482
2978 67.9537 67.9648
2979 67.9537 68.121
2980 67.9537 68.0361
2981 67.9537 68.0816
2982 67.9537 68.2536
2983 67.9537 67.9831
2984 67.9537 68.0255
2985 67.9537 68.0513
2986 67.9537 68.0201
2987 67.9537 68.0975
2988 67.9537 67.9879
2989 67.9537 68.1137
2990 67.9537 67.9627
2991 67.9537 67.9537
2992 67.9537 67.9537
2993 67.9537 67.9575
2994 67.9537 68.0587
2995 67.9537 67.9983
2996 67.9537 68.0101
2997 67.9537 67.9537
2998 67.9537 67.9538
2999 67.9537 67.9671
3000 67.9537 67.9537
3001 67.9537 68.0659
3002 67.9537 67.9798
3003 67.9537 67.9537
3004 67.9537 67.9766
3005 67.9537 67.9537
3006 67.9537 67.9537
3007 67.9537 68.0186
3008 67.9537 67.9634
3009 67.9537 67.9537
3010 67.9537 68.0232
3011 67.9537 67.9711
3012 67.9537 68.0762
3013 67.9537 67.9537
3014 67.9537 67.9537
3015 67.9537 67.9735
3016 67.9537 68.1578
3017 67.9537 68.1188
3018 67.9537 68.2327
3019 67.9537 67.9652
3020 67.9537 68.0082
3021 67.9537 68.2158
3022 67.9537 68.168
3023 67.9537 67.9915
3024 67.9537 67.9994
3025 67.9537 67.9992
3026 67.9537 68.056
3027 67.9537 68.0505
3028 67.9537 68.0823
3029 67.9537 67.9813
3030 67.9537 67.9628
3031 67.9537 68.0756
3032 67.9537 68.2271
3033 67.9537 68.0954
3034 67.9537 67.9537
3035 67.9537 67.9589
3036 67.9537 68.0594
3037 67.9537 68.0791
3038 67.9537 68.2689
3039 67.9537 68.0873
3040 67.9537 68.0855
3041 67.9537 68.101
3042 67.9537 68.0967
3043 67.9537 68.0989
3044 67.9537 68.0996
3045 67.9537 68.0134
3046 67.9537 67.9537
3047 67.9537 67.9876
3048 67.9537 67.9883
3049 67.9537 67.9537
3050 67.9537 68.104
3051 67.9537 67.9889
3052 67.9537 67.9537
3053 67.9537 68.0898
3054 67.9537 68.0785
3055 67.9537 68.0072
3056 67.9537 67.9924
3057 67.9537 67.9808
3058 67.9537 67.9633
3059 67.9537 68.1744
3060 67.9537 67.9953
3061 67.9537 67.9953
3062 67.9537 67.9879
3063 67.9537 68.0109
3064 67.9537 67.9575
3065 67.9537 68.0464
3066 67.9537 67.9872
3067 67.9537 68.0691
3068 67.9537 67.9548
3069 67.9537 68.0416
3070 67.9537 67.9925
3071 67.9537 68.0188
3072 67.9537 68.01
3073 67.9537 67.9753
3074 67.9537 67.9537
3075 67.9537 67.9537
3076 67.9537 67.9556
3077 67.9537 67.9537
3078 67.9537 67.9537
3079 67.9537 67.9537
3080 67.9537 67.9628
3081 67.9537 68.0032
3082 67.9537 67.9763
3083 67.9537 67.9537
3084 67.9537 68.0614
3085 67.9537 68.2284
3086 67.9537 68.2545
3087 67.9537 68.1433
3088 67.9537 68.0461
3089 67.9537 68.1
3090 67.9537 68.1017
3091 67.9537 67.9613
3092 67.9537 67.9714
3093 67.9537 68.0741
3094 67.9537 67.9978
3095 67.9537 67.9537
3096 67.9537 68.0533
3097 67.9537 68.0013
3098 67.9537 67.964
3099 67.9537 67.9971
3100 67.9537 67.9537
3101 67.9537 67.9537
3102 67.9537 67.9537
3103 67.9537 68.0241
3104 67.9537 67.9556
3105 67.9537 67.9537
3106 67.9537 67.9537
3107 67.9537 67.9537
3108 67.9537 67.965
3109 67.9537 68.0109
3110 67.9537 67.9818
3111 67.9537 67.9537
3112 67.9537 67.9603
3113 67.9537 67.9537
3114 67.9537 68.2387
3115 67.9537 68.2614
3116 67.9537 68.0752
3117 67.9537 68.0688
3118 67.9537 68.1036
3119 67.9537 68.0224
3120 67.9537 67.9812
3121 67.9537 67.957
3122 67.9537 68.145
3123 67.9537 68.1663
3124 67.9537 68.0625
3125 67.9537 68.0917
3126 67.9537 68.0442
3127 67.9537 68.0752
3128 67.9537 68.0475
3129 67.9537 67.9998
3130 67.9537 67.9537
3131 67.9537 67.9544
3132 67.9537 68.0086
3133 67.9537 67.9965
3134 67.9537 67.9692
3135 67.9537 67.9537
3136 67.9537 68.1411
3137 67.9537 68.4697
3138 67.9537 68.0644
3139 67.9537 67.9815
3140 67.9537 67.9537
3141 67.9537 67.9537
3142 67.9537 67.9971
3143 67.9537 68.0491
3144 67.9537 68.0095
3145 67.9537 68.0767
3146 67.9537 67.9629
3147 67.9537 67.9641
3148 67.9537 67.9704
3149 67.9537 68.3831
3150 67.9537 68.3793
3151 67.9537 67.9537
3152 67.9537 67.9537
3153 67.9537 67.9537
3154 67.9537 68.0316
3155 67.9537 68.0016
3156 67.9537 67.9635
3157 67.9537 67.9537
3158 67.9537 67.9577
3159 67.9537 68.0401
3160 67.9537 67.9866
3161 67.9537 68.0002
3162 67.9537 68.0463
3163 67.9537 67.9557
3164 67.9537 67.9631
3165 67.9537 67.987
3166 67.9537 67.9537
3167 67.9537 67.9537
3168 67.9537 68.1157
3169 67.9537 68.2277
3170 67.9537 67.9693
3171 67.9537 68.0323
3172 67.9537 68.1189
3173 67.9537 68.0558
3174 67.9537 68.08
3175 67.9537 67.9537
3176 67.9537 67.9537
3177 67.9537 67.9537
3178 67.9537 68.1641
3179 67.9537 67.9884
3180 67.9537 68.0206
3181 67.9537 67.9554
3182 67.9537 67.9537
3183 67.9537 67.9546
3184 67.9537 67.9537
3185 67.9537 68.0206
3186 67.9537 68.0479
3187 67.9537 68.0415
3188 67.9537 67.9564
3189 67.9537 67.9667
3190 67.9537 67.957
3191 67.9537 67.9682
3192 67.9537 68.0599
3193 67.9537 67.9587
3194 67.9537 68.2216
3195 67.9537 68.0277
3196 67.9537 68.0797
3197 67.9537 68.214
3198 67.9537 67.9537
3199 67.9537 67.9563
3200 67.9537 67.9709
3201 67.9537 68.0197
3202 67.9537 68.0097
3203 67.9537 67.9844
3204 67.9537 67.9741
3205 67.9537 68.0332
3206 67.9537 67.9817
3207 67.9537 67.9572
3208 67.9537 68.0533
3209 67.9537 68.0641
3210 67.9537 68.0253
3211 67.9537 67.9537
3212 67.9537 67.9551
3213 67.9537 67.9559
3214 67.9537 67.9537
3215 67.9537 67.9537
3216 67.9537 68.0023
3217 67.9537 67.9537
3218 67.9537 67.9537
3219 67.9537 68.1274
3220 67.9537 68.0794
3221 67.9537 67.9724
3222 67.9537 67.9537
3223 67.9537 67.9537
3224 67.9537 68.0082
3225 67.9537 67.9724
3226 67.9537 67.9683
3227 67.9537 67.9584
3228 67.9537 67.9537
3229 67.9537 67.9537
3230 67.9537 67.9537
3231 67.9537 67.9656
3232 67.9537 67.9971
3233 67.9537 67.9537
3234 67.9537 67.9868
3235 67.9537 67.9699
3236 67.9537 68.0751
3237 67.9537 68.002
3238 67.9537 67.9611
3239 67.9537 67.9607
3240 67.9537 67.9688
3241 67.9537 67.9692
3242 67.9537 67.9785
3243 67.9537 67.9934
3244 67.9537 67.9955
3245 67.9537 67.9619
3246 67.9537 67.9906
3247 67.9537 68.1459
3248 67.9537 68.0264
3249 67.9537 67.9987
3250 67.9537 68.0002
3251 67.9537 67.9537
3252 67.9537 67.9835
3253 67.9537 68.0101
3254 67.9537 67.9968
3255 67.9537 68.1477
3256 67.9537 68.1412
3257 67.9537 68.1904
3258 67.9537 68.1588
3259 67.9537 68.127
3260 67.9537 68.0181
3261 67.9537 67.9612
3262 67.9537 68.3673
3263 67.9537 68.0671
3264 67.9537 68.1514
3265 67.9537 68.2712
3266 67.9537 68.0699
3267 67.9537 67.9819
3268 67.9537 67.9537
3269 67.9537 67.9591
3270 67.9537 67.9731
3271 67.9537 68.0378
3272 67.9537 67.9656
3273 67.9537 68.2156
3274 67.9537 68.0026
3275 67.9537 68.0578
3276 67.9537 68.029
3277 67.9537 68.1292
3278 67.9537 67.9537
3279 67.9537 67.9992
3280 67.9537 67.9717
3281 67.9537 68.0743
3282 67.9537 68.1945
3283 67.9537 68.4373
3284 67.9537 68.0404
3285 67.9537 68.1862
3286 67.9537 68.3696
3287 67.9537 68.0951
3288 67.9537 67.9693
3289 67.9537 68.041
3290 67.9537 68.2426
3291 67.9537 67.9635
3292 67.9537 67.9747
3293 67.9537 68.1591
3294 67.9537 68.1656
3295 67.9537 67.957
3296 67.9537 67.9537
3297 67.9537 67.9537
3298 67.9537 67.9537
3299 67.9537 67.9537
3300 67.9537 68.0608
3301 67.9537 68.0348
3302 67.9537 67.9928
3303 67.9537 67.9537
3304 67.9537 67.9537
3305 67.9537 67.9537
3306 67.9537 68.0675
3307 67.9537 67.9749
3308 67.9537 67.9722
3309 67.9537 68.056
3310 67.9537 67.9889
3311 67.9537 67.9537
3312 67.9537 68.0554
3313 67.9537 68.1098
3314 67.9537 68.0312
3315 67.9537 68.0021
3316 67.9537 67.9537
3317 67.9537 67.9692
3318 67.9537 67.9571
3319 67.9537 68.0163
3320 67.9537 67.9537
3321 67.9537 68.1307
3322 67.9537 68.0297
3323 67.9537 67.9537
3324 67.9537 67.9606
3325 67.9537 67.9537
3326 67.9537 67.9537
3327 67.9537 67.9919
3328 67.9537 67.9734
3329 67.9537 67.9931
3330 67.9537 67.97
3331 67.9537 68.0491
3332 67.9537 68.0066
3333 67.9537 67.9537
3334 67.9537 67.9537
3335 67.9537 67.9537
3336 67.9537 67.9669
3337 67.9537 67.9735
3338 67.9537 68.0609
3339 67.9537 68.3046
3340 67.9537 68.0973
3341 67.9537 68.0888
3342 67.9537 68.0516
3343 67.9537 68.0506
3344 67.9537 68.0642
3345 67.9537 68.0551
3346 67.9537 67.9537
3347 67.9537 67.9537
3348 67.9537 68.0382
3349 67.9537 67.9537
3350 67.9537 67.9537
3351 67.9537 67.9537
3352 67.9537 68.0135
3353 67.9537 68.0056
3354 67.9537 67.9537
3355 67.9537 68.0195
3356 67.9537 67.9661
3357 67.9537 68.027
3358 67.9537 67.9816
3359 67.9537 67.9791
3360 67.9537 67.9814
3361 67.9537 67.9728
3362 67.9537 67.9759
3363 67.9537 67.9614
3364 67.9537 68.0123
3365 67.9537 67.9537
3366 67.9537 67.9537
3367 67.9537 67.9537
3368 67.9537 67.9537
3369 67.9537 67.9537
3370 67.9537 67.9646
3371 67.9537 67.958
3372 67.9537 67.9543
3373 67.9537 67.9622
3374 67.9537 68.0072
3375 67.9537 67.9625
3376 67.9537 67.9537
3377 67.9537 67.9929
3378 67.9537 67.9714
3379 67.9537 68.0392
3380 67.9537 67.9537
3381 67.9537 68.1225
3382 67.9537 68.1989
3383 67.9537 68.0984
3384 67.9537 68.091
3385 67.9537 68.0131
3386 67.9537 68.0129
3387 67.9537 67.9578
3388 67.9537 67.9717
3389 67.9537 67.9644
3390 67.9537 68.0859
3391 67.9537 67.9537
3392 67.9537 67.959
3393 67.9537 68.003
3394 67.9537 67.9537
3395 67.9537 67.9815
3396 67.9537 68.0129
3397 67.9537 68.0643
3398 67.9537 68.0506
3399 67.9537 67.9917
3400 67.9537 67.9578
3401 67.9537 67.9968
3402 67.9537 68.0241
3403 67.9537 68.5476
3404 67.9537 68.1171
3405 67.9537 68.3598
3406 67.9537 67.9537
3407 67.9537 67.995
3408 67.9537 68.0753
3409 67.9537 67.9709
3410 67.9537 67.9537
3411 67.9537 68.009
3412 67.9537 67.9852
3413 67.9537 68.0022
3414 67.9537 68.0213
3415 67.9537 68.0654
3416 67.9537 68.1847
3417 67.9537 68.3415
3418 67.9537 68.1055
3419 67.9537 68.0399
3420 67.9537 67.9557
3421 67.9537 68.034
3422 67.9537 68.1465
3423 67.9537 68.144
3424 67.9537 68.008
3425 67.9537 67.9953
3426 67.9537 67.9537
3427 67.9537 67.9537
3428 67.9537 67.9537
3429 67.9537 68.0202
3430 67.9537 67.9985
3431 67.9537 68.1261
3432 67.9537 68.1622
3433 67.9537 68.0632
3434 67.9537 67.9537
3435 67.9537 68.0426
3436 67.9537 67.9687
3437 67.9537 67.9537
3438 67.9537 67.9728
3439 67.9537 67.9882
3440 67.9537 68.0759
3441 67.9537 68.0059
3442 67.9537 67.9542
3443 67.9537 68.1902
3444 67.9537 68.0385
3445 67.9537 67.9537
3446 67.9537 68.0984
3447 67.9537 68.2558
3448 67.9537 68.308
3449 67.9537 68.53
3450 67.9537 68.2425
3451 67.9537 68.2708
3452 67.9537 67.9537
3453 67.9537 67.9568
3454 67.9537 67.9883
3455 67.9537 68.0663
3456 67.9537 68.225
3457 67.9537 67.9742
3458 67.9537 68.0136
3459 67.9537 68.0406
3460 67.9537 67.9603
3461 67.9537 67.9741
3462 67.9537 67.9644
3463 67.9537 68.0212
3464 67.9537 67.9537
3465 67.9537 67.9544
3466 67.9537 67.9705
3467 67.9537 67.9537
3468 67.9537 67.9537
3469 67.9537 68.0403
3470 67.9537 67.9995
3471 67.9537 67.9906
3472 67.9537 67.9805
3473 67.9537 67.9957
3474 67.9537 68.0298
3475 67.9537 67.977
3476 67.9537 67.9909
3477 67.9537 67.9612
3478 67.9537 68.0648
3479 67.9537 68.0456
3480 67.9537 68.1319
3481 67.9537 68.2695
3482 67.9537 68.1082
3483 67.9537 68.0013
3484 67.9537 68.0432
3485 67.9537 68.1497
3486 67.9537 68.1117
3487 67.9537 67.9541
3488 67.9537 67.9537
3489 67.9537 68.0204
3490 67.9537 67.9537
3491 67.9537 68.0864
3492 67.9537 68.1908
3493 67.9537 68.0666
3494 67.9537 67.9568
3495 67.9537 68.1185
3496 67.9537 68.0243
3497 67.9537 68.0444
3498 67.9537 68.0167
3499 67.9537 67.9623
3500 67.9537 67.9725
3501 67.9537 68.2616
3502 67.9537 68.3398
3503 67.9537 68.131
3504 67.9537 68.1575
3505 67.9537 68.2174
3506 67.9537 67.9767
3507 67.9537 68.0077
3508 67.9537 67.9546
3509 67.9537 67.9897
3510 67.9537 67.9537
3511 67.9537 67.9713
3512 67.9537 68.0363
3513 67.9537 68.2925
3514 67.9537 68.1007
3515 67.9537 67.9537
3516 67.9537 67.9537
3517 67.9537 67.9537
3518 67.9537 67.9537
3519 67.9537 68.0358
3520 67.9537 67.9537
3521 67.9537 67.9999
3522 67.9537 67.984
3523 67.9537 67.9551
3524 67.9537 67.9738
3525 67.9537 68.0292
3526 67.9537 67.9799
3527 67.9537 67.9537
3528 67.9537 67.9731
3529 67.9537 67.961
3530 67.9537 67.9537
3531 67.9537 67.9537
3532 67.9537 67.9537
3533 67.9537 67.9537
3534 67.9537 67.9895
3535 67.9537 68.0056
3536 67.9537 67.9794
3537 67.9537 67.9881
3538 67.9537 67.9537
3539 67.9537 67.9537
3540 67.9537 67.9561
3541 67.9537 68.0168
3542 67.9537 67.9897
3543 67.9537 67.988
3544 67.9537 67.9562
3545 67.9537 68.1363
3546 67.9537 67.982
3547 67.9537 67.9702
3548 67.9537 68.0618
3549 67.9537 68.2046
3550 67.9537 68.0637
3551 67.9537 68.0158
3552 67.9537 67.9537
3553 67.9537 68.0624
3554 67.9537 67.9537
3555 67.9537 67.9882
3556 67.9537 67.9775
3557 67.9537 68.134
3558 67.9537 67.9756
3559 67.9537 67.9537
3560 67.9537 68.1119
3561 67.9537 68.248
3562 67.9537 67.9537
3563 67.9537 67.9537
3564 67.9537 67.9537
3565 67.9537 67.9809
3566 67.9537 68.0525
3567 67.9537 68.0909
3568 67.9537 68.0225
3569 67.9537 67.9921
3570 67.9537 68.0084
3571 67.9537 68.3266
3572 67.9537 68.0261
3573 67.9537 67.9537
3574 67.9537 68.0898
3575 67.9537 67.9926
3576 67.9537 68.2146
3577 67.9537 68.0738
3578 67.9537 67.9744
3579 67.9537 67.966
3580 67.9537 67.9809
3581 67.9537 67.9896
3582 67.9537 67.9961
3583 67.9537 67.9537
3584 67.9537 67.971
3585 67.9537 68.0243
3586 67.9537 67.9569
3587 67.9537 67.9907
3588 67.9537 67.9786
3589 67.9537 67.9537
3590 67.9537 67.9902
3591 67.9537 67.9537
3592 67.9537 68.1257
3593 67.9537 67.9807
3594 67.9537 67.9537
3595 67.9537 68.0256
3596 67.9537 67.9537
3597 67.9537 68.2579
3598 67.9537 67.992
3599 67.9537 67.9537
3600 67.9537 68.0393
3601 67.9537 67.9826
3602 67.9537 67.9649
3603 67.9537 68.0382
3604 67.9537 68.0601
3605 67.9537 68.1097
3606 67.9537 68.1164
3607 67.9537 67.9537
3608 67.9537 67.9624
3609 67.9537 67.962
3610 67.9537 67.9545
3611 67.9537 67.9583
3612 67.9537 68.0021
3613 67.9537 68.0422
3614 67.9537 68.0765
3615 67.9537 68.2327
3616 67.9537 68.0692
3617 67.9537 67.9545
3618 67.9537 67.9619
3619 67.9537 67.9537
3620 67.9537 67.9578
3621 67.9537 68.0639
3622 67.9537 67.9663
3623 67.9537 68.2395
3624 67.9537 68.0345
3625 67.9537 68.0436
3626 67.9537 68.0368
3627 67.9537 67.9537
3628 67.9537 67.9537
3629 67.9537 68.0485
3630 67.9537 68.0841
3631 67.9537 68.2457
3632 67.9537 68.2313
3633 67.9537 68.1068
3634 67.9537 68.0607
3635 67.9537 68.0059
3636 67.9537 68.1817
3637 67.9537 68.2247
3638 67.9537 68.0601
3639 67.9537 68.0323
3640 67.9537 68.1774
3641 67.9537 67.9938
3642 67.9537 67.9537
3643 67.9537 67.9537
3644 67.9537 68.1034
3645 67.9537 68.0003
3646 67.9537 68.041
3647 67.9537 68.0276
3648 67.9537 68.0095
3649 67.9537 67.9805
3650 67.9537 67.9826
3651 67.9537 68.3298
3652 67.9537 68.0281
3653 67.9537 68.0256
3654 67.9537 68.1862
3655 67.9537 68.0531
3656 67.9537 68.0502
3657 67.9537 68.0468
3658 67.9537 68.1039
3659 67.9537 67.9835
3660 67.9537 68.0134
3661 67.9537 67.9537
3662 67.9537 67.9856
3663 67.9537 67.9537
3664 67.9537 67.9585
3665 67.9537 67.9546
3666 67.9537 68.0779
3667 67.9537 68.1286
3668 67.9537 67.9537
3669 67.9537 67.9644
3670 67.9537 67.956
3671 67.9537 68.0384
3672 67.9537 67.9537
3673 67.9537 68.0617
3674 67.9537 67.9537
3675 67.9537 67.9814
3676 67.9537 67.9537
3677 67.9537 68.0155
3678 67.9537 67.9554
3679 67.9537 67.9891
3680 67.9537 67.9537
3681 67.9537 67.9688
3682 67.9537 68.0679
3683 67.9537 68.2061
3684 67.9537 68.0559
3685 67.9537 67.9678
3686 67.9537 67.9609
3687 67.9537 67.9672
3688 67.9537 68.0368
3689 67.9537 67.9537
3690 67.9537 67.9784
3691 67.9537 67.9838
3692 67.9537 67.9559
3693 67.9537 67.9537
3694 67.9537 67.9537
3695 67.9537 67.9537
3696 67.9537 68.0802
3697 67.9537 67.9671
3698 67.9537 67.9821
3699 67.9537 67.9962
3700 67.9537 68.1359
3701 67.9537 68.0272
3702 67.9537 68.0338
3703 67.9537 68.0039
3704 67.9537 67.9933
3705 67.9537 68.0344
3706 67.9537 68.0685
3707 67.9537 68.0297
3708 67.9537 68.0656
3709 67.9537 67.973
3710 67.9537 68.0401
3711 67.9537 68.039
3712 67.9537 67.9727
3713 67.9537 67.9537
3714 67.9537 68.0919
3715 67.9537 68.1033
3716 67.9537 68.169
3717 67.9537 68.0307
3718 67.9537 68.0468
3719 67.9537 68.0456
3720 67.9537 67.9799
3721 67.9537 67.9584
3722 67.9537 68.0292
3723 67.9537 68.0824
3724 67.9537 67.9638
3725 67.9537 67.9537
3726 67.9537 67.9716
3727 67.9537 67.9746
3728 67.9537 67.9614
3729 67.9537 67.9537
3730 67.9537 68.062
3731 67.9537 68.4128
3732 67.9537 67.9551
3733 67.9537 68.1225
3734 67.9537 68.0196
3735 67.9537 68.1832
3736 67.9537 68.089
3737 67.9537 68.089
3738 67.9537 67.9537
3739 67.9537 67.9537
3740 67.9537 67.9808
3741 67.9537 67.9537
3742 67.9537 68.0279
3743 67.9537 68.0394
3744 67.9537 68.5169
3745 67.9537 68.0806
3746 67.9537 68.0683
3747 67.9537 68.1757
3748 67.9537 67.9537
3749 67.9537 67.9569
3750 67.9537 67.9594
3751 67.9537 68.0052
3752 67.9537 68.1267
3753 67.9537 67.994
3754 67.9537 68.0139
3755 67.9537 67.9991
3756 67.9537 67.9709
3757 67.9537 67.9847
3758 67.9537 68.0406
3759 67.9537 67.9901
3760 67.9537 67.955
3761 67.9537 67.9537
3762 67.9537 67.9557
3763 67.9537 68.0162
3764 67.9537 67.9714
3765 67.9537 68.0014
3766 67.9537 68.0393
3767 67.9537 68.2584
3768 67.9537 68.0787
3769 67.9537 67.9537
3770 67.9537 68.0522
3771 67.9537 68.2528
3772 67.9537 68.1027
3773 67.9537 67.9671
3774 67.9537 68.0711
3775 67.9537 67.9716
3776 67.9537 67.9953
3777 67.9537 68.1081
3778 67.9537 67.9878
3779 67.9537 68.0628
3780 67.9537 68.0102
3781 67.9537 67.9537
3782 67.9537 67.9537
3783 67.9537 67.9939
3784 67.9537 67.9973
3785 67.9537 67.9712
3786 67.9537 67.9537
3787 67.9537 67.968
3788 67.9537 68.0192
3789 67.9537 68.0195
3790 67.9537 67.9537
3791 67.9537 67.9537
3792 67.9537 67.9553
3793 67.9537 67.9537
3794 67.9537 67.9537
3795 67.9537 68.2626
3796 67.9537 68.1806
3797 67.9537 67.9627
3798 67.9537 68.0172
3799 67.9537 67.9537
3800 67.9537 68.0207
3801 67.9537 68.0219
3802 67.9537 68.2824
3803 67.9537 68.4682
3804 67.9537 68.055
3805 67.9537 68.0204
3806 67.9537 67.999
3807 67.9537 68.0862
3808 67.9537 68
3809 67.9537 67.9537
3810 67.9537 67.9537
3811 67.9537 67.9854
3812 67.9537 67.9774
3813 67.9537 68.087
3814 67.9537 68.0342
3815 67.9537 68.0093
3816 67.9537 67.9537
3817 67.9537 68.0261
3818 67.9537 68.1068
3819 67.9537 67.9913
3820 67.9537 68.2034
3821 67.9537 68.5536
3822 67.9537 68.1834
3823 67.9537 67.9646
3824 67.9537 67.9641
3825 67.9537 67.9629
3826 67.9537 67.9538
3827 67.9537 68.034
3828 67.9537 68.032
3829 67.9537 67.9571
3830 67.9537 68.0588
3831 67.9537 67.9809
3832 67.9537 68.1854
3833 67.9537 68.0486
3834 67.9537 67.9954
3835 67.9537 68.1553
3836 67.9537 67.9699
3837 67.9537 67.9537
3838 67.9537 67.9642
3839 67.9537 67.9712
3840 67.9537 67.9578
3841 67.9537 67.9537
3842 67.9537 67.9537
3843 67.9537 67.9537
3844 67.9537 67.9537
3845 67.9537 67.9537
3846 67.9537 67.9537
3847 67.9537 68.1125
3848 67.9537 67.9999
3849 67.9537 67.9781
3850 67.9537 67.9881
3851 67.9537 68.0665
3852 67.9537 68.0425
3853 67.9537 68.0018
3854 67.9537 67.9592
3855 67.9537 68.1976
3856 67.9537 68.0895
3857 67.9537 68.0773
3858 67.9537 68.0321
3859 67.9537 67.9736
3860 67.9537 67.9593
3861 67.9537 68.1582
3862 67.9537 68.1748
3863 67.9537 68.1595
3864 67.9537 67.981
3865 67.9537 67.9675
3866 67.9537 68.0071
3867 67.9537 68.0384
3868 67.9537 67.9537
3869 67.9537 67.9537
3870 67.9537 67.9537
3871 67.9537 67.9827
3872 67.9537 67.9651
3873 67.9537 68.1875
3874 67.9537 68.0234
3875 67.9537 68.1627
3876 67.9537 68.1744
3877 67.9537 68.1837
3878 67.9537 68.0373
3879 67.9537 68.0039
3880 67.9537 67.9537
3881 67.9537 67.9537
3882 67.9537 68.0214
3883 67.9537 68.156
3884 67.9537 67.9906
3885 67.9537 67.9537
3886 67.9537 67.975
3887 67.9537 67.9599
3888 67.9537 67.9537
3889 67.9537 67.9542
3890 67.9537 68.0643
3891 67.9537 67.9537
3892 67.9537 67.9537
3893 67.9537 67.9537
3894 67.9537 67.9537
3895 67.9537 67.9943
3896 67.9537 68.3407
3897 67.9537 68.0777
3898 67.9537 68.0095
3899 67.9537 67.9617
3900 67.9537 67.9746
3901 67.9537 67.9537
3902 67.9537 67.9537
3903 67.9537 67.9537
3904 67.9537 67.9583
3905 67.9537 67.9687
3906 67.9537 67.9537
3907 67.9537 67.9537
3908 67.9537 67.9537
3909 67.9537 67.9676
3910 67.9537 67.9693
3911 67.9537 67.9537
3912 67.9537 67.9665
3913 67.9537 67.9537
3914 67.9537 68.017
3915 67.9537 68.0389
3916 67.9537 68.2189
3917 67.9537 67.9858
3918 67.9537 67.956
3919 67.9537 67.9546
3920 67.9537 67.9575
3921 67.9537 67.9537
3922 67.9537 68.1654
3923 67.9537 67.9581
3924 67.9537 68.1683
3925 67.9537 68.0734
3926 67.9537 67.9776
3927 67.9537 67.9537
3928 67.9537 67.9537
3929 67.9537 67.9736
3930 67.9537 67.9764
3931 67.9537 68.0957
3932 67.9537 67.9866
3933 67.9537 67.9622
3934 67.9537 67.9627
3935 67.9537 67.9592
3936 67.9537 67.9537
3937 67.9537 68.2608
3938 67.9537 68.2101
3939 67.9537 68.0989
3940 67.9537 67.99
3941 67.9537 67.9615
3942 67.9537 67.9546
3943 67.9537 67.9537
3944 67.8691 67.9577
3945 67.8691 67.9872
3946 67.8691 68.0804
3947 67.8691 67.9032
3948 67.8691 68.0176
3949 67.8691 67.929
3950 67.8691 68.0721
3951 67.8691 68.1321
3952 67.8691 68.023
3953 67.8691 67.9853
3954 67.8691 67.9368
3955 67.8691 67.8691
3956 67.8691 67.9683
3957 67.8691 67.8798
3958 67.8691 67.8691
3959 67.8691 68.1749
3960 67.8691 67.9093
3961 67.8691 67.8701
3962 67.8691 67.8691
3963 67.8691 67.8691
3964 67.8691 67.8729
3965 67.8691 67.8691
3966 67.8691 67.8691
3967 67.8691 67.9089
3968 67.8691 67.916
3969 67.8691 67.9003
3970 67.8691 67.9424
3971 67.8691 68.0077
3972 67.8691 67.9517
3973 67.8691 67.8695
3974 67.8691 67.9754
3975 67.8691 67.932
3976 67.8691 68.0125
3977 67.8691 67.9528
3978 67.8691 68.0292
3979 67.8691 67.9652
3980 67.8691 67.9294
3981 67.8691 67.8722
3982 67.8691 67.9144
3983 67.8691 67.8997
3984 67.8691 67.9268
3985 67.8691 67.9133
3986 67.8691 67.9778
3987 67.8691 67.93
3988 67.8691 67.9844
3989 67.8691 67.8941
3990 67.8691 67.8691
3991 67.8691 68.2394
3992 67.8691 67.9432
3993 67.8691 67.876
3994 67.8691 67.8691
3995 67.8691 67.8691
3996 67.8691 67.8704
3997 67.8691 67.9113
3998 67.8691 67.9018
3999 67.8691 67.9938
