0 422.184 464.327
1 403.809 437.665
2 393.73 420.008
3 381.822 406.183
4 369.378 394.35
5 350.882 381.454
6 343.971 367.249
7 339.983 353.819
8 329.962 346.324
9 325.828 339.106
10 322.329 332.58
11 313.263 327.143
12 308.427 322.017
13 302.443 314.478
14 297.779 308.69
15 291.728 303.1
16 286.983 298.239
17 283.522 293.819
18 277.065 290.06
19 273.568 284.52
20 268.644 278.652
21 266.994 274.976
22 260.845 271.731
23 254.132 267.623
24 251.166 263.24
25 244.364 256.993
26 241.481 251.633
27 237.711 246.43
28 235.26 242.813
29 229.728 239.623
30 226.399 235.69
31 222.73 231.896
32 222.121 227.732
33 217.994 225.42
34 216.843 223.099
35 214.429 220.352
36 214.163 218.208
37 211.268 216.34
38 210.068 214.59
39 204.648 213.075
40 199.701 210.247
41 198.341 207.109
42 197.701 202.609
43 195.561 199.921
44 191.579 198.439
45 188.526 195.913
46 187.322 193.578
47 185.949 190.572
48 184.293 188.348
49 182.196 186.631
50 180.341 184.901
51 179.612 183.328
52 178.111 182.032
53 177.154 180.938
54 176.539 179.409
55 174.957 178.321
56 173.417 177.305
57 173.337 175.698
58 171.267 174.795
59 170.796 173.428
60 168.968 172.386
61 168.575 171.411
62 167.167 170.444
63 166.513 169.693
64 164.712 168.304
65 164.139 166.98
66 163.054 165.731
67 161.686 164.457
68 158.875 163.364
69 158.161 161.792
70 157.246 160.083
71 155.922 159.199
72 154.645 157.61
73 153.986 156.465
74 152.994 155.741
75 151.372 154.925
76 150.908 153.852
77 150.437 152.769
78 150.437 151.708
79 149.457 151.121
80 149.457 151.327
81 149.33 151.383
82 148.273 151.437
83 147.976 151.414
84 147.553 149.771
85 145.8 149.13
86 145.8 148.232
87 145.631 147.28
88 145.631 146.535
89 144.901 146.168
90 144.803 145.981
91 144.326 146.339
92 143.639 145.603
93 141.937 144.605
94 141.08 144.297
95 139.138 143.182
96 138.592 142.159
97 136.927 140.585
98 136.545 139.09
99 136.191 137.917
100 135.628 137.176
101 134.483 136.639
102 133.968 136.289
103 133.968 135.577
104 133.563 134.815
105 133.239 134.53
106 132.033 133.849
107 131.91 133.454
108 131.714 133.12
109 131.337 132.846
110 131.199 132.493
111 130.419 131.666
112 129.341 131.326
113 128.56 130.611
114 128.178 129.703
115 128.178 128.803
116 128.153 128.559
117 128.153 128.323
118 125.634 128.249
119 125.608 127.761
120 124.685 127.015
121 124.359 126.16
122 121.814 125.548
123 120.891 124.409
124 120.32 122.957
125 120.276 121.708
126 120.276 120.737
127 120.118 120.373
128 119.55 120.275
129 118.471 120.158
130 118.314 120.086
131 117.63 119.352
132 117.472 118.772
133 115.762 118.205
134 115.317 117.506
135 115.159 116.823
136 114.492 115.945
137 114.234 115.668
138 114.234 116.029
139 114.234 116.483
140 114.126 115.53
141 113.297 114.713
142 113.159 115.037
143 113.159 113.954
144 110.582 113.5
145 110.582 113.224
146 110.324 112.296
147 110.324 111.339
148 110.324 111.289
149 110.324 110.685
150 110.324 110.348
151 109.432 110.341
152 109.432 110.182
153 108.987 109.918
154 108.823 109.604
155 108.751 109.451
156 108.751 109.24
157 107.662 108.905
158 107.589 108.723
159 107.582 108.348
160 107.555 108.02
161 102.244 107.782
162 102.244 106.906
163 102.218 104.824
164 101.796 103.056
165 101.335 102.826
166 100.861 102.029
167 100.861 101.594
168 100.861 101.316
169 100.622 101.091
170 100.285 101.091
171 100.046 100.721
172 100.046 100.526
173 99.233 100.442
174 99.233 100.278
175 99.233 99.7178
176 99.1369 99.4183
177 99.1369 99.3686
178 98.6703 99.197
179 98.4552 99.0757
180 98.3595 98.997
181 97.9886 99.3907
182 97.9886 99.7049
183 97.9886 99.517
184 97.9886 98.8268
185 97.5167 98.5931
186 97.5167 98.1909
187 97.5167 97.7422
188 97.3216 97.6277
189 97.3216 97.5706
190 96.8509 97.4593
191 96.8509 97.717
192 96.0961 97.8524
193 96.0961 97.6702
194 96.0961 97.283
195 96.0961 96.7821
196 95.7017 96.2533
197 95.5092 96.0954
198 95.4815 96.0396
199 95.289 95.7659
200 95.289 95.5243
201 94.8171 95.3964
202 94.6246 95.2497
203 94.6246 94.9499
204 94.4169 94.8208
205 93.3215 94.6656
206 92.4581 94.369
207 91.1317 93.999
208 91.1317 93.2046
209 90.7231 92.5083
210 89.42 92.0298
211 89.42 90.6417
212 89.2758 90.0324
213 89.2758 89.9367
214 89.0915 90.2077
215 89.0915 90.7253
216 88.9286 90.0839
217 88.9286 90.0526
218 88.9286 90.306
219 88.8832 89.9415
220 88.7079 89.5648
221 88.7079 89.0906
222 88.7079 89.112
223 88.0299 88.8812
224 88.0299 88.6175
225 87.9416 88.3711
226 86.293 88.4876
227 86.2047 88.0002
228 85.4046 87.2426
229 85.2169 86.5408
230 85.2169 85.8568
231 84.5148 85.7755
232 83.8097 85.317
233 83.258 84.9264
234 82.5183 84.2723
235 82.5183 83.5725
236 82.5183 83.2088
237 82.5002 83
238 82.5002 82.8036
239 82.2977 82.5975
240 82.2977 83.2575
241 82.2977 84.7414
242 82.2977 85.5727
243 81.2095 85.0655
244 81.1914 84.1954
245 81.1914 83.3435
246 81.1914 82.4703
247 81.1914 81.8354
248 80.647 81.6504
249 80.647 81.1514
250 80.647 80.8886
251 80.3528 80.8563
252 80.3528 80.6514
253 80.0683 80.5084
254 80.0683 80.3584
255 80.0683 80.2002
256 80.0683 80.1981
257 79.4062 80.2033
258 79.4062 80.0198
259 79.4062 79.7403
260 79.4062 79.5823
261 79.4062 79.436
262 79.2892 79.4129
263 79.2892 79.4411
264 79.1767 79.6896
265 79.1767 79.4776
266 77.8785 79.285
267 77.766 79.0713
268 77.2013 78.5211
269 77.0573 78.0909
270 77.0573 77.558
271 76.5684 77.4028
272 76.5684 77.3936
273 75.8812 76.8624
274 75.8812 76.621
275 75.8812 76.3511
276 75.8812 76.1814
277 75.8812 75.997
278 75.8812 76.1676
279 75.8812 76.0859
280 75.8812 76.3369
281 75.8812 76.0641
282 75.8216 75.9534
283 75.8216 75.9587
284 75.7432 76.0391
285 75.6836 76.2109
286 75.3295 76.193
287 75.3284 76.0048
288 74.9744 75.6947
289 74.9744 75.6707
290 74.4 75.3835
291 74.3742 75.1623
292 74.3742 74.7532
293 74.3742 74.8074
294 74.3742 74.4734
295 74.3742 74.4196
296 74.3742 74.3901
297 74.3742 74.4025
298 74.3742 74.3742
299 74.3742 74.383
300 74.3742 74.3742
301 74.3742 74.3752
302 74.3742 74.4156
303 74.3742 74.3742
304 74.3742 74.3758
305 74.3742 74.3861
306 74.3742 74.4366
307 74.3742 74.4961
308 74.3742 74.3742
309 74.3742 74.3742
310 74.3742 74.4145
311 74.3742 74.4151
312 74.3742 74.8658
313 74.3742 75.0104
314 74.3742 74.4888
315 74.3742 74.436
316 74.3742 74.5538
317 74.1735 74.3906
318 74.1735 74.3468
319 74.1735 74.5322
320 74.1735 74.3564
321 74.1735 74.4438
322 74.0214 74.2247
323 73.8711 74.1855
324 73.719 74.0795
325 73.3712 74.0407
326 73.3712 73.8069
327 73.3712 73.9052
328 73.3712 73.6518
329 73.3712 73.505
330 73.3712 73.4754
331 73.3712 73.4746
332 73.3712 73.3931
333 73.3712 73.6648
334 73.3712 73.4172
335 73.3712 73.477
336 73.3712 73.3734
337 73.3712 73.422
338 73.0195 73.3735
339 73.0195 73.332
340 73.0195 73.2074
341 73.0195 73.1245
342 73.0195 73.1971
343 73.0195 73.0276
344 73.0195 73.0195
345 72.7805 73.0189
346 72.7805 73.1843
347 72.7805 73.1732
348 72.7805 73.0336
349 72.7805 73.0024
350 72.7805 73.1486
351 72.7805 72.8767
352 72.7805 73.0294
353 72.7805 72.8952
354 72.7805 72.831
355 72.7805 73.0106
356 72.7805 72.7805
357 72.7805 73.0782
358 72.7805 73.0726
359 72.7805 72.8207
360 72.7805 72.8237
361 72.7769 72.8264
362 72.7769 72.9395
363 72.7769 72.8138
364 72.7769 72.9516
365 72.7769 72.991
366 72.7769 72.8183
367 72.7217 72.8311
368 72.4135 72.875
369 72.3583 72.774
370 72.3583 72.69
371 71.7272 72.5696
372 71.7272 72.5045
373 71.7272 72.2837
374 71.7272 72.0439
375 71.7272 71.7825
376 71.7272 71.7424
377 71.7272 71.7272
378 71.7272 71.7558
379 71.7272 71.7689
380 71.7272 71.8067
381 71.7272 71.8022
382 71.7272 71.9616
383 71.7272 71.814
384 71.7272 71.799
385 71.7272 71.9398
386 71.7272 71.7884
387 71.7272 71.7932
388 71.7272 71.822
389 71.7042 71.8095
390 71.7042 71.8643
391 71.7042 71.9127
392 71.7042 71.9645
393 71.7042 71.8195
394 71.7042 71.7317
395 71.7042 71.7293
396 71.7042 71.7042
397 71.7042 71.7042
398 71.7042 71.7803
399 71.56 71.7038
400 71.56 71.7284
401 71.56 71.7297
402 71.56 71.6069
403 71.56 71.5658
404 71.56 71.5641
405 71.56 71.56
406 71.56 71.5608
407 71.56 71.6351
408 71.56 71.56
409 71.56 71.56
410 71.56 71.56
411 71.56 71.56
412 71.56 71.56
413 71.56 71.56
414 71.56 71.5659
415 71.56 71.5733
416 71.56 71.5968
417 71.56 71.6056
418 71.56 71.5719
419 71.56 71.6417
420 71.56 71.6246
421 71.56 71.561
422 71.56 71.56
423 71.56 71.562
424 71.56 71.6086
425 71.2966 71.5592
426 71.2966 71.577
427 71.2966 71.471
428 71.2966 71.6093
429 71.2966 71.5297
430 71.2966 71.4048
431 71.2966 71.2966
432 71.2966 71.3225
433 71.2966 71.371
434 71.2966 71.3237
435 71.2966 71.3354
436 71.2966 71.3759
437 71.2966 71.4278
438 71.2966 71.3243
439 71.2966 71.3045
440 71.2966 71.3239
441 71.2966 71.3707
442 71.2966 71.3286
443 71.2966 71.3326
444 71.2966 71.3185
445 71.2966 71.3356
446 71.2966 71.3659
447 71.2966 71.4224
448 71.2966 71.3715
449 71.2966 71.2977
450 71.2966 71.297
451 71.2966 71.3493
452 71.2966 71.3459
453 71.2966 71.3876
454 71.2966 71.3196
455 71.2966 71.3099
456 71.2966 71.3606
457 71.2966 71.2966
458 71.2966 71.3406
459 71.2966 71.3029
460 71.2966 71.2966
461 71.2966 71.2992
462 71.2966 71.3189
463 71.2966 71.2966
464 71.2966 71.3349
465 71.2966 71.313
466 71.2966 71.2966
467 71.2966 71.2979
468 71.2966 71.2966
469 71.2966 71.3578
470 71.2966 71.3972
471 71.2966 71.3161
472 71.2966 71.2966
473 71.2966 71.3733
474 71.2966 71.3251
475 71.2966 71.3134
476 71.2966 71.2966
477 71.2966 71.2966
478 71.2966 71.2966
479 71.2966 71.3456
480 71.2966 71.3334
481 71.2966 71.3564
482 71.2966 71.3719
483 71.2966 71.2966
484 71.2966 71.2966
485 71.2966 71.3154
486 71.2966 71.3412
487 71.2966 71.3313
488 71.2966 71.2985
489 71.2966 71.3595
490 71.2966 71.4186
491 71.2966 71.7151
492 71.2966 71.3742
493 71.2966 71.5025
494 71.2966 71.5539
495 71.2966 71.4122
496 71.2966 71.5467
497 71.2966 71.3952
498 70.9567 71.4079
499 70.9567 71.4506
500 70.9567 71.2328
501 70.9567 71.2079
502 70.9567 71.1916
503 70.9567 71.0506
504 70.9567 70.9567
505 70.9567 70.9874
506 70.9567 70.9567
507 70.9567 70.9731
508 70.9567 71.2148
509 70.9567 70.9598
510 70.9567 71.0433
511 70.9567 71.276
512 70.9567 71.0769
513 70.8986 71.0403
514 70.8986 71.0019
515 70.8986 70.9429
516 70.8986 71.2095
517 70.8986 71.2168
518 70.7352 71.0145
519 70.7352 71.0119
520 70.7352 71.0053
521 70.7352 70.8578
522 70.7352 70.8276
523 70.7352 70.739
524 70.7352 70.7884
525 70.7352 70.743
526 70.7352 70.7539
527 70.7352 71.0104
528 70.7352 70.9727
529 70.7352 70.7352
530 70.7352 70.7433
531 70.7352 70.7531
532 70.7352 70.7352
533 70.7352 70.7434
534 70.7352 70.8175
535 70.7352 70.7976
536 70.7352 70.8597
537 70.7352 70.7397
538 70.7352 70.7352
539 70.7352 70.9675
540 70.7352 70.7455
541 70.7352 70.9353
542 70.7352 70.8625
543 70.7352 71.122
544 70.7352 71.0289
545 70.7352 70.9183
546 70.7352 70.8211
547 70.7352 70.8262
548 70.7352 70.9159
549 70.7352 70.7534
550 70.7352 70.8006
551 70.7352 70.8476
552 70.7352 70.8481
553 70.7352 70.7929
554 70.7352 70.8195
555 70.7352 70.7352
556 70.7352 70.7352
557 70.7352 70.7352
558 70.7352 70.7456
559 70.7352 70.8157
560 70.7352 70.7371
561 70.7352 70.7352
562 70.7352 70.7353
563 70.0464 70.7332
564 70.0464 70.6273
565 70.0464 70.4483
566 70.0464 70.2763
567 70.0464 70.0922
568 70.0464 70.0841
569 70.0464 70.1914
570 70.0464 70.168
571 70.0464 70.1878
572 70.0464 70.1493
573 70.0464 70.0691
574 70.0464 70.0762
575 70.0464 70.0936
576 70.0464 70.2198
577 70.0464 70.0644
578 70.0464 70.0775
579 70.0464 70.118
580 70.0464 70.0854
581 70.0464 70.0503
582 70.0464 70.0595
583 70.0464 70.0464
584 70.0464 70.0646
585 70.0464 70.0515
586 70.0464 70.0612
587 70.0464 70.0694
588 70.0464 70.0563
589 70.0464 70.1506
590 70.0464 70.1478
591 70.0464 70.047
592 70.0464 70.1238
593 70.0464 70.2009
594 70.0464 70.0679
595 70.0464 70.2328
596 70.0464 70.0911
597 70.0464 70.1039
598 70.0464 70.0541
599 70.0464 70.2202
600 70.0464 70.1565
601 70.0464 70.0991
602 70.0464 70.2219
603 70.0464 70.0858
604 70.0464 70.0464
605 70.0464 70.0464
606 70.0464 70.0467
607 70.0464 70.0875
608 70.0464 70.0464
609 70.0464 70.0464
610 70.0464 70.2109
611 70.0464 70.1947
612 70.0464 70.0773
613 70.0464 70.2141
614 70.0464 70.1954
615 70.0464 70.0719
616 70.0464 70.2916
617 70.0464 70.0538
618 70.0464 70.0464
619 70.0464 70.0464
620 70.0464 70.0496
621 70.0464 70.0464
622 70.0464 70.0633
623 70.0464 70.2281
624 70.0464 70.4295
625 70.0464 70.4192
626 70.0464 70.2922
627 70.0464 70.0954
628 70.0464 70.3966
629 70.0464 70.0464
630 70.0464 70.1048
631 70.0464 70.1389
632 70.0464 70.1366
633 70.0464 70.0717
634 70.0464 70.1425
635 70.0464 70.0637
636 70.0464 70.0464
637 70.0464 70.0464
638 70.0464 70.0523
639 70.0464 70.0556
640 70.0464 70.0464
641 70.0464 70.1207
642 70.0464 70.0476
643 70.0464 70.0571
644 70.0464 70.0477
645 70.0464 70.2721
646 70.0464 70.1186
647 70.0464 70.1751
648 70.0464 70.0695
649 70.0464 70.0836
650 70.0464 70.0597
651 70.0464 70.0866
652 70.0464 70.1011
653 70.0464 70.054
654 70.0464 70.0482
655 70.0464 70.0527
656 70.0464 70.1002
657 70.0464 70.1199
658 70.0464 70.1697
659 70.0464 70.0464
660 70.0464 70.1217
661 70.0464 70.0464
662 70.0464 70.0973
663 70.0464 70.0464
664 70.0464 70.0464
665 70.0464 70.0464
666 70.0464 70.0464
667 70.0464 70.0475
668 70.0464 70.0464
669 70.0464 70.1522
670 70.0464 70.0886
671 70.0464 70.2324
672 70.0464 70.1325
673 70.0464 70.0511
674 70.0464 70.1703
675 70.0464 70.0551
676 70.0464 70.1148
677 70.0464 70.072
678 70.0464 70.0464
679 70.0464 70.0642
680 70.0464 70.0944
681 70.0464 70.1671
682 70.0464 70.0787
683 70.0464 70.1702
684 70.0464 70.2463
685 70.0464 70.2315
686 70.0464 70.2109
687 70.0464 70.2313
688 70.0464 70.0464
689 70.0464 70.0506
690 70.0464 70.2028
691 70.0464 70.2103
692 70.0464 70.0464
693 70.0464 70.1015
694 70.0464 70.07
695 70.0464 70.1349
696 70.0464 70.3323
697 70.0464 70.1111
698 70.0464 70.1506
699 70.0464 70.0754
700 70.0464 70.1657
701 70.0464 70.1403
702 70.0464 70.1543
703 70.0464 70.1086
704 70.0464 70.1602
705 70.0464 70.0837
706 70.0464 70.0929
707 70.0464 70.3733
708 70.0464 70.2197
709 70.0464 70.0464
710 70.0464 70.0708
711 70.0464 70.0856
712 70.0464 70.0722
713 70.0464 70.2217
714 70.0464 70.1808
715 70.0464 70.1542
716 70.0464 70.1663
717 70.0464 70.2335
718 70.0464 70.2003
719 70.0464 70.2086
720 70.0464 70.0611
721 70.0464 70.0464
722 70.0464 70.0525
723 70.0464 70.0566
724 70.0464 70.1596
725 70.0464 70.1086
726 70.0464 70.0464
727 70.0464 70.0464
728 70.0464 70.07
729 70.0464 70.1121
730 70.0464 70.0553
731 70.0464 70.1292
732 70.0464 70.0781
733 70.0464 70.0888
734 70.0464 70.0508
735 70.0464 70.1744
736 70.0464 70.0464
737 70.0464 70.0471
738 70.0464 70.0464
739 70.0464 70.0671
740 70.0464 70.162
741 70.0464 70.2493
742 70.0464 70.1477
743 70.0464 70.0969
744 70.0464 70.1869
745 70.0464 70.0863
746 70.0464 70.0655
747 70.0464 70.0516
748 70.0464 70.0464
749 70.0464 70.0465
750 70.0464 70.0999
751 70.0464 70.2268
752 70.0464 70.1372
753 70.0464 70.0464
754 70.0464 70.1453
755 70.0464 70.1518
756 70.0464 70.2216
757 70.0464 70.1868
758 70.0464 70.063
759 70.0464 70.0737
760 70.0464 70.1098
761 70.0464 70.2593
762 70.0464 70.091
763 70.0464 70.1944
764 70.0464 70.0464
765 70.0464 70.053
766 70.0464 70.1395
767 70.0464 70.2376
768 70.0464 70.1665
769 70.0464 70.0464
770 70.0464 70.0464
771 70.0464 70.0464
772 70.0464 70.0908
773 70.0464 70.1652
774 70.0464 70.0827
775 70.0464 70.0733
776 70.0464 70.0464
777 70.0464 70.1541
778 70.0464 70.109
779 70.0464 70.1799
780 70.0464 70.2447
781 70.0464 70.346
782 70.0464 70.2108
783 70.0464 70.377
784 70.0464 70.1632
785 70.0464 70.1214
786 70.0464 70.0464
787 70.0464 70.0464
788 70.0464 70.1028
789 70.0464 70.0769
790 70.0464 70.1171
791 70.0464 70.2036
792 70.0464 70.056
793 70.0464 70.0464
794 70.0464 70.0772
795 70.0464 70.0866
796 70.0464 70.0991
797 70.0464 70.0501
798 70.0464 70.085
799 70.0464 70.0546
800 70.0464 70.3232
801 70.0464 70.1875
802 70.0464 70.4663
803 70.0464 70.1137
804 70.0464 70.09
805 70.0464 70.093
806 70.0464 70.1542
807 70.0464 70.0711
808 70.0464 70.1649
809 70.0464 70.2517
810 70.0464 70.2573
811 70.0464 70.201
812 70.0464 70.1615
813 70.0464 70.1154
814 70.0464 70.0765
815 70.0464 70.0464
816 70.0464 70.0539
817 70.0464 70.1026
818 70.0464 70.38
819 70.0464 70.1783
820 70.0464 70.2258
821 70.0464 70.2148
822 70.0464 70.0991
823 70.0464 70.0464
824 70.0464 70.0464
825 70.0464 70.0774
826 70.0464 70.1985
827 70.0464 70.0648
828 70.0464 70.1706
829 70.0464 70.114
830 70.0464 70.2387
831 70.0464 70.1238
832 70.0464 70.0464
833 70.0464 70.0964
834 70.0464 70.0775
835 70.0464 70.0632
836 70.0464 70.0692
837 70.0464 70.1132
838 70.0464 70.1045
839 70.0464 70.1705
840 70.0464 70.0693
841 70.004 70.1902
842 70.004 70.178
843 70.004 70.0303
844 70.004 70.0115
845 70.004 70.008
846 70.004 70.106
847 70.004 70.027
848 70.004 70.004
849 70.004 70.0308
850 70.004 70.0252
851 69.7768 70.055
852 69.7768 70.0405
853 69.7768 70.0016
854 69.7768 69.9516
855 69.7768 69.8179
856 69.7768 69.8448
857 69.7768 69.7932
858 69.7768 69.7816
859 69.7768 69.8617
860 69.7768 69.8332
861 69.7768 69.9648
862 69.7768 69.9541
863 69.7768 69.9354
864 69.7768 69.8033
865 69.7768 69.7902
866 69.7768 69.7816
867 69.7768 69.8429
868 69.7768 69.7768
869 69.7768 69.7768
870 69.7768 69.8073
871 69.7768 69.8721
872 69.7768 69.8125
873 69.7768 70.0024
874 69.7768 69.8391
875 69.7768 69.8418
876 69.2251 69.7752
877 69.2251 69.7514
878 69.2251 69.5555
879 69.2251 69.3427
880 69.2251 69.3397
881 69.2251 69.2679
882 69.2251 69.4492
883 69.2251 69.2346
884 69.2251 69.2295
885 69.2251 69.2589
886 69.2251 69.2251
887 69.2251 69.2611
888 69.2251 69.3237
889 69.2251 69.389
890 69.2251 69.2514
891 69.2251 69.2936
892 69.2251 69.3021
893 69.2251 69.274
894 69.2251 69.4472
895 69.2251 69.278
896 69.2251 69.2251
897 69.2251 69.2434
898 69.2251 69.2522
899 69.2251 69.5306
900 69.2251 69.2849
901 69.2251 69.2251
902 69.2251 69.2251
903 69.2251 69.3289
904 69.2251 69.3135
905 69.2251 69.254
906 69.2251 69.2251
907 69.2251 69.2524
908 69.2251 69.2383
909 69.2251 69.2298
910 69.2251 69.2251
911 69.2251 69.2251
912 69.2251 69.2283
913 69.2251 69.304
914 69.2251 69.2579
915 69.2251 69.2684
916 69.2251 69.7523
917 69.2251 69.462
918 69.2251 69.2251
919 69.2251 69.251
920 69.2251 69.2251
921 69.2251 69.2864
922 69.2251 69.4421
923 69.2251 69.4779
924 69.2251 69.2881
925 69.2251 69.3045
926 69.2251 69.2326
927 69.2251 69.2946
928 69.2251 69.2287
929 69.2251 69.2606
930 69.2251 69.2885
931 69.2251 69.4943
932 69.2251 69.3987
933 69.2251 69.3734
934 69.2251 69.248
935 69.2251 69.2934
936 69.2251 69.357
937 69.2251 69.3208
938 69.2251 69.2251
939 69.2251 69.2251
940 69.2251 69.235
941 69.2251 69.2251
942 69.2251 69.2935
943 69.2251 69.2251
944 69.2251 69.2257
945 69.2251 69.2251
946 69.2251 69.3121
947 69.2251 69.2824
948 69.2251 69.5427
949 69.2251 69.2911
950 69.2251 69.23
951 69.2251 69.2251
952 69.2251 69.2251
953 69.2251 69.2386
954 69.2251 69.2251
955 69.2251 69.2251
956 69.2251 69.2847
957 69.2251 69.5028
958 69.2251 69.2361
959 69.2251 69.2545
960 69.2251 69.2251
961 69.2251 69.2251
962 69.2251 69.3053
963 69.2251 69.3316
964 69.2251 69.4159
965 69.2251 69.2254
966 69.2251 69.2553
967 69.2251 69.2717
968 69.2251 69.2299
969 69.2251 69.2251
970 69.2251 69.2251
971 69.2251 69.2251
972 69.2251 69.2251
973 69.2251 69.2251
974 69.2251 69.2417
975 69.2251 69.2265
976 69.2251 69.4924
977 69.2251 69.4556
978 69.2251 69.2638
979 69.2251 69.3712
980 69.2251 69.5576
981 69.2251 69.2736
982 69.2251 69.2251
983 69.2251 69.2251
984 69.2251 69.2457
985 69.2251 69.5647
986 69.2251 69.2578
987 69.2251 69.2341
988 69.2251 69.2251
989 69.2251 69.2251
990 69.2251 69.2251
991 69.2251 69.2251
992 69.2251 69.2611
993 69.2251 69.2995
994 69.2251 69.4815
995 69.2251 69.3205
996 69.2251 69.3053
997 69.2251 69.2289
998 69.2251 69.2301
999 69.2251 69.2775
1000 69.2251 69.4142
1001 69.2251 69.2251
1002 69.2251 69.2358
1003 69.2251 69.2871
1004 69.2251 69.241
1005 69.2251 69.2251
1006 69.2251 69.3157
1007 69.2251 69.2755
1008 69.2251 69.4577
1009 69.2251 69.4332
1010 69.2251 69.2972
1011 69.2251 69.2251
1012 69.2251 69.2414
1013 69.2251 69.2251
1014 69.2251 69.2357
1015 69.2251 69.3092
1016 69.2251 69.5327
1017 69.2251 69.4987
1018 69.2251 69.3237
1019 69.2251 69.3575
1020 69.2251 69.4472
1021 69.2251 69.394
1022 69.2251 69.2367
1023 69.2251 69.3007
1024 69.2251 69.477
1025 69.2251 69.3807
1026 69.2251 69.4119
1027 69.2251 69.6107
1028 69.2251 69.4744
1029 69.2251 69.3302
1030 69.2251 69.43
1031 69.2251 69.2755
1032 69.2251 69.2251
1033 69.2251 69.2251
1034 69.2251 69.2692
1035 69.2251 69.2973
1036 69.2251 69.263
1037 69.2251 69.2251
1038 69.2251 69.2251
1039 69.2251 69.2251
1040 69.2251 69.2251
1041 69.2251 69.2251
1042 69.2251 69.2251
1043 69.2251 69.3233
1044 69.2251 69.2806
1045 69.2251 69.2828
1046 69.2251 69.4163
1047 69.2251 69.3392
1048 69.2251 69.3053
1049 69.2251 69.2613
1050 69.2251 69.361
1051 69.2251 69.456
1052 69.2251 69.24
1053 69.2251 69.3348
1054 69.2251 69.2458
1055 69.2251 69.2251
1056 69.2251 69.2737
1057 69.2251 69.3902
1058 69.2251 69.2346
1059 69.2251 69.3216
1060 69.2251 69.2603
1061 69.2251 69.2294
1062 69.2251 69.271
1063 69.2251 69.2251
1064 69.2251 69.2251
1065 69.2251 69.247
1066 69.2251 69.2942
1067 69.2251 69.2265
1068 69.2251 69.2251
1069 69.2251 69.2251
1070 69.2251 69.252
1071 69.2251 69.3321
1072 69.2251 69.2957
1073 69.2251 69.2251
1074 69.2251 69.2438
1075 69.2251 69.3196
1076 69.2251 69.3147
1077 69.2251 69.4288
1078 69.2251 69.3852
1079 69.2251 69.2251
1080 69.2251 69.261
1081 69.2251 69.2589
1082 69.2251 69.2869
1083 69.2251 69.4739
1084 69.2251 69.4233
1085 69.2251 69.3471
1086 69.2251 69.2627
1087 69.2251 69.2521
1088 69.2251 69.3425
1089 69.2251 69.5012
1090 69.2251 69.2315
1091 69.2251 69.3653
1092 69.2251 69.6623
1093 69.2251 69.4372
1094 69.2251 69.252
1095 69.2251 69.3046
1096 69.2251 69.3509
1097 69.2251 69.2767
1098 69.2251 69.3109
1099 69.2251 69.3646
1100 69.2251 69.4998
1101 69.2251 69.2543
1102 69.2251 69.3198
1103 69.2251 69.2729
1104 69.2251 69.4254
1105 69.2251 69.2449
1106 69.2251 69.2925
1107 69.2251 69.2671
1108 69.2251 69.2386
1109 69.2251 69.2749
1110 69.2251 69.2627
1111 69.2251 69.3659
1112 69.2251 69.3722
1113 69.2251 69.2916
1114 69.2251 69.2425
1115 69.2251 69.2251
1116 69.2251 69.2407
1117 69.2251 69.2251
1118 69.2251 69.2251
1119 69.2251 69.232
1120 69.2251 69.2251
1121 69.2251 69.335
1122 69.2251 69.2251
1123 69.2251 69.2251
1124 69.2251 69.3164
1125 69.2251 69.2573
1126 69.2251 69.2328
1127 69.2251 69.2615
1128 69.2251 69.2251
1129 69.2251 69.245
1130 69.2251 69.2648
1131 69.2251 69.3123
1132 69.2251 69.2303
1133 69.2251 69.3273
1134 69.2251 69.2251
1135 69.2251 69.2995
1136 69.2251 69.2251
1137 69.2251 69.2297
1138 69.2251 69.2991
1139 69.2251 69.5486
1140 69.2251 69.2414
1141 69.2251 69.2439
1142 69.2251 69.4398
1143 69.2251 69.3505
1144 69.2251 69.2702
1145 69.2251 69.2947
1146 69.2251 69.2378
1147 69.2251 69.2251
1148 69.2251 69.2251
1149 69.2251 69.2355
1150 69.2251 69.4665
1151 69.2251 69.3232
1152 69.2251 69.2869
1153 69.2251 69.3859
1154 69.2251 69.2324
1155 69.2251 69.2282
1156 69.2251 69.2488
1157 69.2251 69.2251
1158 69.2251 69.2509
1159 69.2251 69.2756
1160 69.2251 69.2614
1161 69.2251 69.2639
1162 69.2251 69.2617
1163 69.2251 69.3693
1164 69.2251 69.383
1165 69.2251 69.2933
1166 69.2251 69.3824
1167 69.2251 69.3835
1168 69.2251 69.6014
1169 69.2251 69.2503
1170 69.2251 69.2251
1171 69.2251 69.2541
1172 69.2251 69.4084
1173 69.2251 69.2851
1174 69.2251 69.2404
1175 69.2251 69.2576
1176 69.2251 69.2543
1177 69.2251 69.3985
1178 69.2251 69.2856
1179 69.2251 69.2251
1180 69.2251 69.2251
1181 69.2251 69.2251
1182 69.2251 69.2251
1183 69.2251 69.2964
1184 69.2251 69.2427
1185 69.2251 69.2436
1186 69.2251 69.2429
1187 69.2251 69.2259
1188 69.2251 69.2251
1189 69.2251 69.2251
1190 69.2251 69.3125
1191 69.2251 69.2395
1192 69.2251 69.2436
1193 69.2251 69.3237
1194 69.2251 69.2317
1195 69.2251 69.2721
1196 69.2251 69.3009
1197 69.2251 69.2938
1198 69.2251 69.2251
1199 69.2251 69.3187
1200 69.2251 69.3345
1201 69.2251 69.5039
1202 69.2251 69.5485
1203 69.2251 69.2543
1204 69.2251 69.2912
1205 69.2251 69.2672
1206 69.2251 69.2528
1207 69.2251 69.2825
1208 69.2251 69.2538
1209 69.2251 69.2821
1210 69.2251 69.5241
1211 69.2251 69.3251
1212 69.2251 69.2924
1213 69.2251 69.2965
1214 69.2251 69.2493
1215 69.2251 69.2251
1216 69.2251 69.2851
1217 69.2251 69.5159
1218 69.2251 69.3554
1219 69.2251 69.2251
1220 69.2251 69.3515
1221 69.2251 69.3313
1222 69.2251 69.3208
1223 69.2251 69.301
1224 69.2251 69.3272
1225 69.2251 69.2745
1226 69.2251 69.3386
1227 69.2251 69.3671
1228 69.2251 69.2634
1229 69.2251 69.2746
1230 69.2251 69.3633
1231 69.2251 69.3036
1232 69.2251 69.2287
1233 69.2251 69.2744
1234 69.2251 69.2251
1235 69.2251 69.2251
1236 69.2251 69.2585
1237 69.2251 69.2562
1238 69.2251 69.3521
1239 69.2251 69.2282
1240 69.2251 69.2298
1241 69.2251 69.2692
1242 69.2251 69.2328
1243 69.2251 69.2323
1244 69.2251 69.2878
1245 69.2251 69.4414
1246 69.2251 69.3647
1247 69.2251 69.2251
1248 69.2251 69.2267
1249 69.2251 69.2768
1250 69.2251 69.406
1251 69.2251 69.359
1252 69.2251 69.3551
1253 69.2251 69.2251
1254 69.2251 69.2854
1255 69.2251 69.2268
1256 69.2251 69.3351
1257 69.2251 69.3762
1258 69.2251 69.231
1259 69.2251 69.2351
1260 69.2251 69.309
1261 69.2251 69.3629
1262 69.2251 69.2251
1263 69.2251 69.2558
1264 69.2251 69.2635
1265 69.2251 69.2609
1266 69.2251 69.3474
1267 69.2251 69.335
1268 69.2251 69.3488
1269 69.2251 69.4875
1270 69.2251 69.4866
1271 69.2251 69.6231
1272 69.2251 69.4131
1273 69.2251 69.4598
1274 69.2251 69.3964
1275 69.2251 69.7356
1276 69.2251 69.3554
1277 69.2251 69.2567
1278 69.2251 69.2382
1279 69.2251 69.3406
1280 69.2251 69.2436
1281 69.2251 69.3887
1282 69.2251 69.3217
1283 69.2251 69.2937
1284 69.2251 69.2251
1285 69.2251 69.2825
1286 69.2251 69.2879
1287 69.2251 69.3222
1288 69.2251 69.4839
1289 69.2251 69.4766
1290 69.2251 69.3391
1291 69.2251 69.2673
1292 69.2251 69.3206
1293 69.2251 69.2909
1294 69.2251 69.2838
1295 69.2251 69.2251
1296 69.2251 69.2255
1297 69.2251 69.2251
1298 69.2251 69.3558
1299 69.2251 69.268
1300 69.2251 69.3081
1301 69.2251 69.2736
1302 69.2251 69.306
1303 69.2251 69.3997
1304 69.2251 69.6323
1305 69.2251 69.3765
1306 69.2251 69.2316
1307 69.2251 69.2731
1308 69.2251 69.4951
1309 69.2251 69.3827
1310 69.2251 69.3593
1311 69.2251 69.2258
1312 69.2251 69.3937
1313 69.2251 69.3688
1314 69.2251 69.4493
1315 69.2251 69.3587
1316 69.2251 69.2293
1317 69.2251 69.2407
1318 69.2251 69.2564
1319 69.2251 69.2759
1320 69.2251 69.5651
1321 69.2251 69.4786
1322 69.2251 69.3147
1323 69.2251 69.3627
1324 69.2251 69.2964
1325 69.2251 69.3076
1326 69.2251 69.2665
1327 69.2251 69.241
1328 69.2251 69.2859
1329 69.2251 69.2801
1330 69.2251 69.2251
1331 69.2251 69.2782
1332 69.2251 69.2251
1333 69.2251 69.2251
1334 69.2251 69.228
1335 69.2251 69.2607
1336 69.2251 69.3822
1337 69.2251 69.2251
1338 69.2251 69.2251
1339 69.2251 69.2251
1340 69.2251 69.3363
1341 69.2251 69.3517
1342 69.2251 69.5193
1343 69.2251 69.5044
1344 69.2251 69.2373
1345 69.2251 69.2485
1346 69.2251 69.2251
1347 69.2251 69.2536
1348 69.2251 69.2648
1349 69.2251 69.2251
1350 69.2251 69.2251
1351 69.2251 69.2251
1352 69.2251 69.2251
1353 69.2251 69.2251
1354 69.2251 69.2263
1355 69.2251 69.265
1356 69.2251 69.2385
1357 69.2251 69.3544
1358 69.2251 69.251
1359 69.2251 69.2251
1360 69.2251 69.2251
1361 69.2251 69.2251
1362 69.2251 69.4271
1363 69.2251 69.2772
1364 69.2251 69.2785
1365 69.2251 69.2251
1366 69.2251 69.2623
1367 69.2251 69.2251
1368 69.2251 69.3258
1369 69.2251 69.2251
1370 69.2251 69.2251
1371 69.2251 69.2527
1372 69.2251 69.2251
1373 69.2251 69.2251
1374 69.2251 69.2526
1375 69.2251 69.2683
1376 69.2251 69.3179
1377 69.2251 69.3496
1378 69.2251 69.4761
1379 69.2251 69.4181
1380 69.2251 69.5092
1381 69.2251 69.2618
1382 69.2251 69.2704
1383 69.2251 69.2593
1384 69.2251 69.2251
1385 69.2251 69.2394
1386 69.2251 69.3515
1387 69.2251 69.5983
1388 69.2251 69.546
1389 69.2251 69.3951
1390 69.2251 69.2824
1391 69.2251 69.2719
1392 69.2251 69.3142
1393 69.2251 69.3315
1394 69.2251 69.2674
1395 69.2251 69.2855
1396 69.2251 69.228
1397 69.2251 69.2529
1398 69.2251 69.2251
1399 69.2251 69.2251
1400 69.2251 69.2251
1401 69.2251 69.2251
1402 69.2251 69.2251
1403 69.2251 69.2251
1404 69.2251 69.2346
1405 69.2251 69.2459
1406 69.2251 69.2251
1407 69.2251 69.2251
1408 69.2251 69.2251
1409 69.2251 69.2251
1410 69.2251 69.334
1411 69.2251 69.3884
1412 69.2251 69.3052
1413 69.2251 69.3451
1414 69.2251 69.3214
1415 69.2251 69.2735
1416 69.2251 69.2451
1417 69.2251 69.2251
1418 69.2251 69.2516
1419 69.2251 69.2643
1420 69.2251 69.321
1421 69.2251 69.2457
1422 69.2251 69.2294
1423 69.2251 69.2903
1424 69.2251 69.2943
1425 69.2251 69.2457
1426 69.2251 69.2525
1427 69.2251 69.3769
1428 69.2251 69.5115
1429 69.2251 69.3083
1430 69.2251 69.2251
1431 69.2251 69.2873
1432 69.2251 69.2743
1433 69.2251 69.2716
1434 69.2251 69.2954
1435 69.2251 69.2251
1436 69.2251 69.2382
1437 69.2251 69.3695
1438 69.2251 69.3428
1439 69.2251 69.2317
1440 69.2251 69.2682
1441 69.2251 69.2336
1442 69.2251 69.2251
1443 69.2251 69.2579
1444 69.2251 69.297
1445 69.2251 69.289
1446 69.2251 69.3113
1447 69.2251 69.3052
1448 69.2251 69.3415
1449 69.2251 69.3655
1450 69.2251 69.6801
1451 69.2251 69.3841
1452 69.2251 69.2909
1453 69.2251 69.2668
1454 69.2251 69.2251
1455 69.2251 69.2251
1456 69.2251 69.2251
1457 69.2251 69.2251
1458 69.2251 69.2251
1459 69.2251 69.2573
1460 69.2251 69.4801
1461 69.2251 69.2251
1462 69.2251 69.2251
1463 69.2251 69.2977
1464 69.2251 69.3262
1465 69.2251 69.2794
1466 69.2251 69.3764
1467 69.2251 69.2251
1468 69.2251 69.3425
1469 69.2251 69.3287
1470 69.2251 69.2475
1471 69.2251 69.2814
1472 69.2251 69.2251
1473 69.2251 69.2251
1474 69.2251 69.2756
1475 69.2251 69.2891
1476 69.2251 69.4207
1477 69.2251 69.2726
1478 69.2251 69.2623
1479 69.2251 69.3367
1480 69.2251 69.2251
1481 69.2251 69.2251
1482 69.2251 69.271
1483 69.2251 69.2699
1484 69.2251 69.3459
1485 69.2251 69.409
1486 69.2251 69.2251
1487 69.2251 69.3317
1488 69.2251 69.2251
1489 69.2251 69.2315
1490 69.2251 69.2251
1491 69.2251 69.2251
1492 69.2251 69.285
1493 69.2251 69.3252
1494 69.2251 69.2824
1495 69.2251 69.3642
1496 69.2251 69.5778
1497 69.2251 69.6016
1498 69.2251 69.2251
1499 69.2251 69.2251
1500 69.2251 69.2289
1501 69.2251 69.2292
1502 69.2251 69.2251
1503 69.2251 69.254
1504 69.2251 69.2251
1505 69.2251 69.2891
1506 69.2251 69.271
1507 69.2251 69.2852
1508 69.2251 69.2911
1509 69.2251 69.2566
1510 69.2251 69.2281
1511 69.2251 69.2383
1512 69.2251 69.2845
1513 69.2251 69.254
1514 69.2251 69.2251
1515 69.2251 69.235
1516 69.2251 69.2274
1517 69.2251 69.2258
1518 69.2251 69.2402
1519 69.2251 69.2625
1520 69.2251 69.2634
1521 69.2251 69.241
1522 69.2251 69.3066
1523 69.2251 69.2251
1524 69.2251 69.3081
1525 69.2251 69.3495
1526 69.2251 69.2321
1527 69.2251 69.5913
1528 69.2251 69.336
1529 69.2251 69.2822
1530 69.2251 69.6744
1531 69.2251 69.6181
1532 69.2251 69.4845
1533 69.2251 69.3615
1534 69.2251 69.3169
1535 69.2251 69.4256
1536 69.2251 69.5216
1537 69.2251 69.4977
1538 69.2251 69.3175
1539 69.2251 69.2641
1540 69.2251 69.2512
1541 69.2251 69.2354
1542 69.2251 69.3447
1543 69.2251 69.2341
1544 69.2251 69.2251
1545 69.2251 69.2251
1546 69.2251 69.2601
1547 69.2251 69.4611
1548 69.2251 69.5643
1549 69.2251 69.3499
1550 69.2251 69.3402
1551 69.2251 69.2936
1552 69.2251 69.2536
1553 69.2251 69.4002
1554 69.2251 69.2251
1555 69.2251 69.2251
1556 69.2251 69.2262
1557 69.2251 69.2531
1558 69.2251 69.2251
1559 69.2251 69.2251
1560 69.2251 69.2367
1561 69.2251 69.2767
1562 69.2251 69.3954
1563 69.2251 69.2655
1564 69.2251 69.3618
1565 69.2251 69.2296
1566 69.2251 69.2933
1567 69.2251 69.3571
1568 69.2251 69.3964
1569 69.2251 69.26
1570 69.2251 69.2363
1571 69.2251 69.2995
1572 69.2251 69.334
1573 69.2251 69.3298
1574 69.2251 69.2527
1575 69.2251 69.2776
1576 69.2251 69.3386
1577 69.2251 69.2558
1578 69.2251 69.2251
1579 69.2251 69.2687
1580 69.2251 69.419
1581 69.2251 69.2538
1582 69.2251 69.3404
1583 69.2251 69.3724
1584 69.2251 69.4075
1585 69.2251 69.2358
1586 69.2251 69.3821
1587 69.2251 69.3077
1588 69.2251 69.3253
1589 69.2251 69.2473
1590 69.2251 69.2251
1591 69.2251 69.2546
1592 69.2251 69.3994
1593 69.2251 69.3336
1594 69.2251 69.2468
1595 69.2251 69.2251
1596 69.2251 69.2443
1597 69.2251 69.2251
1598 69.2251 69.3011
1599 69.2251 69.2295
1600 69.2251 69.2329
1601 69.2251 69.442
1602 69.2251 69.3703
1603 69.2251 69.3644
1604 69.2251 69.2473
1605 69.2251 69.2612
1606 69.2251 69.227
1607 69.2251 69.2699
1608 69.2251 69.2251
1609 69.2251 69.2251
1610 69.2251 69.2506
1611 69.2251 69.2258
1612 69.2251 69.3219
1613 69.2251 69.2548
1614 69.2251 69.2863
1615 69.2251 69.3676
1616 69.2251 69.2486
1617 69.2251 69.2331
1618 69.2251 69.2341
1619 69.2251 69.2518
1620 69.2251 69.2911
1621 69.2251 69.4073
1622 69.2251 69.5284
1623 69.2251 69.2973
1624 69.2251 69.39
1625 69.2251 69.2416
1626 69.2251 69.2251
1627 69.2251 69.425
1628 69.2251 69.2566
1629 69.2251 69.2368
1630 69.2251 69.2251
1631 69.2251 69.2251
1632 69.2251 69.2251
1633 69.2251 69.2251
1634 69.2251 69.2629
1635 69.2251 69.3442
1636 69.2251 69.2482
1637 69.2251 69.2623
1638 69.2251 69.2251
1639 69.2251 69.2251
1640 69.2251 69.2356
1641 69.2251 69.2429
1642 69.2251 69.2777
1643 69.2251 69.2502
1644 69.2251 69.2251
1645 69.2251 69.287
1646 69.2251 69.2296
1647 69.2251 69.2811
1648 69.2251 69.3071
1649 69.2251 69.3092
1650 69.2251 69.2251
1651 69.2251 69.2251
1652 69.2251 69.265
1653 69.2251 69.3888
1654 69.2251 69.3084
1655 69.2251 69.326
1656 69.2251 69.2415
1657 69.2251 69.2577
1658 69.2251 69.3083
1659 69.2251 69.5232
1660 69.2251 69.292
1661 69.2251 69.4627
1662 69.2251 69.4556
1663 69.2251 69.3617
1664 69.2251 69.332
1665 69.2251 69.308
1666 69.2251 69.6411
1667 69.2251 69.4734
1668 69.2251 69.2517
1669 69.2251 69.2353
1670 69.2251 69.2633
1671 69.2251 69.2477
1672 69.2251 69.2305
1673 69.2251 69.3175
1674 69.2251 69.2426
1675 69.2251 69.2386
1676 69.2251 69.2693
1677 69.2251 69.6638
1678 69.2251 69.5712
1679 69.2251 69.5771
1680 69.2251 69.4216
1681 69.2251 69.3144
1682 69.2251 69.2519
1683 69.2251 69.2251
1684 69.2251 69.4152
1685 69.2251 69.2587
1686 69.2251 69.256
1687 69.2251 69.2477
1688 69.2251 69.2251
1689 69.2251 69.2251
1690 69.2251 69.2499
1691 69.2251 69.2317
1692 69.2251 69.3148
1693 69.2251 69.2815
1694 69.2251 69.3799
1695 69.2117 69.4341
1696 69.2117 69.3897
1697 69.2117 69.5174
1698 69.2117 69.3109
1699 69.2117 69.2659
1700 69.2117 69.2693
1701 69.2117 69.2256
1702 69.2117 69.2245
1703 69.2117 69.2675
1704 69.2117 69.2117
1705 69.2117 69.2117
1706 69.2117 69.2252
1707 69.2117 69.4837
1708 69.2117 69.4641
1709 69.2117 69.2117
1710 69.2117 69.573
1711 69.2117 69.2524
1712 69.2117 69.3279
1713 69.2117 69.2745
1714 69.2117 69.2357
1715 69.2117 69.2124
1716 69.2117 69.2117
1717 69.2117 69.2217
1718 69.2117 69.2585
1719 69.2117 69.2668
1720 69.2117 69.2927
1721 69.2117 69.2526
1722 69.2117 69.2128
1723 69.2117 69.2663
1724 69.2117 69.2451
1725 69.2117 69.3777
1726 69.2117 69.4956
1727 69.2117 69.2228
1728 69.2117 69.3133
1729 69.2117 69.2839
1730 69.2117 69.2253
1731 69.2117 69.2117
1732 69.2117 69.2213
1733 69.2117 69.2756
1734 69.2117 69.3372
1735 69.2117 69.2813
1736 69.2117 69.2607
1737 69.2117 69.2248
1738 69.2117 69.3021
1739 69.2117 69.2716
1740 69.2117 69.4529
1741 69.2117 69.271
1742 69.2117 69.287
1743 69.2117 69.2784
1744 69.2117 69.268
1745 69.2117 69.3274
1746 69.2117 69.426
1747 69.2117 69.3327
1748 69.2117 69.2919
1749 69.2117 69.2117
1750 69.2117 69.2121
1751 69.2117 69.2117
1752 69.2117 69.2168
1753 69.2117 69.2372
1754 69.2117 69.2117
1755 69.2117 69.2117
1756 69.2117 69.2155
1757 69.2117 69.2117
1758 69.2117 69.238
1759 69.2117 69.2437
1760 69.2117 69.241
1761 69.2117 69.289
1762 69.2117 69.2117
1763 69.2117 69.2169
1764 69.2117 69.2129
1765 69.2117 69.2848
1766 69.2117 69.2432
1767 69.2117 69.3876
1768 69.2117 69.5264
1769 69.2117 69.3759
1770 69.2117 69.3047
1771 69.2117 69.4424
1772 69.2117 69.2219
1773 69.2117 69.2117
1774 69.2117 69.2315
1775 69.2117 69.4165
1776 69.2117 69.3181
1777 69.2117 69.257
1778 69.2117 69.5349
1779 69.2117 69.3142
1780 69.2117 69.2551
1781 69.2117 69.2117
1782 69.2117 69.424
1783 69.2117 69.2916
1784 69.2117 69.3605
1785 69.2117 69.2148
1786 69.2117 69.2117
1787 69.2117 69.3314
1788 69.2117 69.2778
1789 69.2117 69.3031
1790 69.2117 69.2408
1791 69.2117 69.2117
1792 69.2117 69.2786
1793 69.2117 69.2474
1794 69.2117 69.2472
1795 69.2117 69.349
1796 69.2117 69.2117
1797 69.2117 69.2561
1798 69.2117 69.3736
1799 69.2117 69.4832
1800 69.2117 69.2735
1801 69.2117 69.2185
1802 69.2117 69.2253
1803 69.2117 69.2943
1804 69.2117 69.5579
1805 69.2117 69.4548
1806 69.2117 69.2279
1807 69.2117 69.2165
1808 69.2117 69.3281
1809 69.2117 69.4273
1810 69.2117 69.3975
1811 69.2117 69.3149
1812 69.2117 69.4235
1813 69.2117 69.3577
1814 69.2117 69.2673
1815 69.2117 69.2963
1816 69.2117 69.2302
1817 69.2117 69.2644
1818 69.2117 69.2305
1819 69.2117 69.3781
1820 69.2117 69.2117
1821 69.2117 69.2572
1822 69.2117 69.3842
1823 69.2117 69.3903
1824 69.2117 69.8196
1825 69.2117 69.4262
1826 69.2117 69.2666
1827 69.2117 69.2895
1828 69.2117 69.2901
1829 69.2117 69.2367
1830 69.2117 69.3666
1831 69.2117 69.6878
1832 69.2117 69.4812
1833 69.2117 69.4003
1834 69.2117 69.2715
1835 69.2117 69.2157
1836 69.2117 69.2117
1837 69.2117 69.2117
1838 69.2117 69.2117
1839 69.2117 69.2118
1840 69.2117 69.3767
1841 69.2117 69.2117
1842 69.2117 69.2117
1843 69.2117 69.2117
1844 69.2117 69.2117
1845 69.2117 69.2173
1846 69.2117 69.2536
1847 69.2117 69.221
1848 69.2117 69.2187
1849 69.2117 69.2117
1850 69.2117 69.4093
1851 69.2117 69.2275
1852 69.2117 69.2269
1853 69.2117 69.2904
1854 69.2117 69.2561
1855 69.2117 69.2195
1856 69.2117 69.2736
1857 69.2117 69.3738
1858 69.2117 69.517
1859 69.2117 69.3762
1860 69.2117 69.2444
1861 69.2117 69.2117
1862 69.2117 69.2836
1863 69.2117 69.3217
1864 69.2117 69.2825
1865 69.2117 69.3233
1866 69.2117 69.3542
1867 69.2117 69.2117
1868 69.2117 69.3883
1869 69.2117 69.2407
1870 69.2117 69.2473
1871 69.2117 69.3219
1872 69.2117 69.471
1873 69.2117 69.2859
1874 69.2117 69.2597
1875 69.2117 69.3374
1876 69.2117 69.3045
1877 69.2117 69.3699
1878 69.2117 69.2765
1879 69.2117 69.2847
1880 69.2117 69.3121
1881 69.2117 69.2306
1882 69.2117 69.4254
1883 69.2117 69.2718
1884 69.2117 69.2858
1885 69.2117 69.2859
1886 69.2117 69.3225
1887 69.2117 69.2845
1888 69.2117 69.4109
1889 69.2117 69.4692
1890 69.2117 69.2612
1891 69.2117 69.2117
1892 69.2117 69.2884
1893 69.2117 69.2117
1894 69.2117 69.2663
1895 69.2117 69.2259
1896 69.2117 69.2117
1897 69.2117 69.2223
1898 69.2117 69.2137
1899 69.2117 69.2117
1900 69.2117 69.2246
1901 69.2117 69.2223
1902 69.2117 69.2573
1903 69.2117 69.3777
1904 69.2117 69.4011
1905 69.2117 69.2711
1906 69.2117 69.242
1907 69.2117 69.2993
1908 69.2117 69.2836
1909 69.2117 69.2387
1910 69.2117 69.2117
1911 69.2117 69.2265
1912 69.2117 69.2461
1913 69.2117 69.2117
1914 69.2117 69.2117
1915 69.2117 69.2438
1916 69.2117 69.2353
1917 69.2117 69.2652
1918 69.2117 69.3521
1919 69.2117 69.6406
1920 69.2117 69.3887
1921 69.2117 69.3477
1922 69.2117 69.2136
1923 69.2117 69.225
1924 69.2117 69.2117
1925 69.2117 69.2463
1926 69.2117 69.227
1927 69.2117 69.2643
1928 69.2117 69.3182
1929 69.2117 69.3037
1930 69.2117 69.2628
1931 69.2117 69.2445
1932 69.2117 69.2572
1933 69.2117 69.2326
1934 69.2117 69.2496
1935 69.2117 69.2117
1936 69.2117 69.2117
1937 69.2117 69.2117
1938 69.2117 69.2117
1939 69.2117 69.2117
1940 69.2117 69.3013
1941 69.2117 69.2207
1942 69.2117 69.2117
1943 69.2117 69.2117
1944 69.2117 69.2252
1945 69.2117 69.2854
1946 69.2117 69.2117
1947 69.2117 69.2338
1948 69.2117 69.2117
1949 69.2117 69.2117
1950 69.2117 69.2117
1951 69.2117 69.2117
1952 69.2117 69.2117
1953 69.2117 69.2117
1954 69.2117 69.2205
1955 69.2117 69.2176
1956 69.2117 69.2117
1957 69.2117 69.2144
1958 69.2117 69.216
1959 69.2117 69.2117
1960 69.2117 69.2117
1961 69.2117 69.2202
1962 69.2117 69.2499
1963 69.2117 69.2492
1964 69.2117 69.35
1965 69.2117 69.2321
1966 69.2117 69.2299
1967 69.2117 69.2597
1968 69.2117 69.2259
1969 69.2117 69.2617
1970 69.2117 69.2117
1971 69.2117 69.2117
1972 69.2117 69.2138
1973 69.2117 69.2117
1974 69.2117 69.2117
1975 69.2117 69.2408
1976 69.2117 69.2137
1977 69.2117 69.2283
1978 69.2117 69.2181
1979 69.2117 69.295
1980 69.2117 69.2117
1981 69.2117 69.2117
1982 69.2117 69.2117
1983 69.2117 69.2117
1984 69.2117 69.2117
1985 69.2117 69.2117
1986 69.2117 69.2195
1987 69.2117 69.2117
1988 69.2117 69.2117
1989 69.2117 69.2264
1990 69.2117 69.49
1991 69.2117 69.2757
1992 69.2117 69.2117
1993 69.2117 69.2129
1994 69.2117 69.2542
1995 69.2117 69.2117
1996 69.2117 69.2117
1997 69.2117 69.2119
1998 69.2117 69.2159
1999 69.2117 69.3444
2000 69.2117 69.2378
2001 69.2117 69.3059
2002 69.2117 69.2133
2003 69.2117 69.2117
2004 69.2117 69.2117
2005 69.2117 69.2411
2006 69.2117 69.2847
2007 69.2117 69.3081
2008 69.2117 69.2166
2009 69.2117 69.2117
2010 69.2117 69.2117
2011 69.2117 69.2455
2012 69.2117 69.268
2013 69.2117 69.2206
2014 69.2117 69.2123
2015 69.2117 69.2117
2016 69.2117 69.2117
2017 69.2117 69.3403
2018 69.2117 69.4142
2019 69.2117 69.2117
2020 69.2117 69.2117
2021 69.2117 69.223
2022 69.2117 69.3116
2023 69.2117 69.4017
2024 69.2117 69.4174
2025 69.2117 69.5652
2026 69.2117 69.5778
2027 69.2117 69.2614
2028 69.2117 69.2117
2029 69.2117 69.2769
2030 69.2117 69.2133
2031 69.2117 69.2231
2032 69.2117 69.2748
2033 69.2117 69.224
2034 69.2117 69.2117
2035 69.2117 69.2291
2036 69.2117 69.373
2037 69.2117 69.328
2038 69.2117 69.4791
2039 69.2117 69.2734
2040 69.2117 69.2117
2041 69.2117 69.2243
2042 69.2117 69.2368
2043 69.2117 69.4481
2044 69.2117 69.2184
2045 69.2117 69.4329
2046 69.2117 69.2224
2047 69.2117 69.2117
2048 69.2117 69.2117
2049 69.2117 69.2653
2050 69.2117 69.2981
2051 69.2117 69.3076
2052 69.2117 69.2326
2053 69.2117 69.2136
2054 69.2117 69.2178
2055 69.2117 69.2149
2056 69.2117 69.2504
2057 69.2117 69.2973
2058 69.2117 69.3829
2059 69.2117 69.2117
2060 69.2117 69.2117
2061 69.2117 69.2117
2062 69.2117 69.2127
2063 69.2117 69.2661
2064 69.2117 69.2321
2065 69.2117 69.2983
2066 69.2117 69.378
2067 69.2117 69.2168
2068 69.2117 69.234
2069 69.2117 69.2282
2070 69.2117 69.2447
2071 69.2117 69.3383
2072 69.2117 69.3955
2073 69.2117 69.4849
2074 69.2117 69.3191
2075 69.2117 69.2117
2076 69.2117 69.2923
2077 69.2117 69.268
2078 69.2117 69.2958
2079 69.2117 69.2275
2080 69.2117 69.2506
2081 69.2117 69.4324
2082 69.2117 69.4125
2083 69.2117 69.4161
2084 69.2117 69.3499
2085 69.2117 69.3423
2086 69.2117 69.4455
2087 69.2117 69.2915
2088 69.2117 69.244
2089 69.2117 69.3733
2090 69.2117 69.6111
2091 69.2117 69.2522
2092 69.2117 69.3772
2093 69.2117 69.3983
2094 69.2117 69.2485
2095 69.2117 69.2181
2096 69.2117 69.2128
2097 69.2117 69.2981
2098 69.2117 69.2536
2099 69.2117 69.2264
2100 69.2117 69.2124
2101 69.2117 69.2117
2102 69.2117 69.2992
2103 69.2117 69.2251
2104 69.2117 69.237
2105 69.2117 69.2558
2106 69.2117 69.2711
2107 69.2117 69.3123
2108 69.2117 69.2999
2109 69.2117 69.3135
2110 69.2117 69.4279
2111 69.2117 69.2994
2112 69.2117 69.4489
2113 69.2117 69.4407
2114 69.2117 69.2943
2115 69.2117 69.2494
2116 69.2117 69.2677
2117 69.2117 69.2125
2118 69.2117 69.2241
2119 69.2117 69.222
2120 69.2117 69.2117
2121 69.2117 69.2117
2122 69.2117 69.2817
2123 69.2117 69.2418
2124 69.2117 69.2741
2125 69.2117 69.2117
2126 69.2117 69.2117
2127 69.2117 69.2199
2128 69.2117 69.2166
2129 69.2117 69.299
2130 69.2117 69.2117
2131 69.2117 69.2349
2132 69.2117 69.2117
2133 69.2117 69.2377
2134 69.2117 69.2149
2135 69.2117 69.2117
2136 69.2117 69.2442
2137 69.2117 69.2117
2138 69.2117 69.2378
2139 69.2117 69.2497
2140 69.2117 69.2166
2141 69.2117 69.233
2142 69.2117 69.2179
2143 69.2117 69.2126
2144 69.2117 69.2117
2145 69.2117 69.2386
2146 69.2117 69.2178
2147 69.2117 69.281
2148 69.2117 69.2637
2149 69.2117 69.2423
2150 69.2117 69.2117
2151 69.2117 69.2117
2152 69.2117 69.2117
2153 69.2117 69.2117
2154 69.2117 69.2117
2155 69.2117 69.3165
2156 69.2117 69.2284
2157 69.2117 69.3193
2158 69.2117 69.3131
2159 69.2117 69.2117
2160 69.2117 69.3005
2161 69.2117 69.3205
2162 69.2117 69.3443
2163 69.2117 69.2117
2164 69.2117 69.2263
2165 69.2117 69.2117
2166 69.2117 69.2399
2167 69.2117 69.3764
2168 69.2117 69.2219
2169 69.2117 69.2431
2170 69.2117 69.2117
2171 69.2117 69.2117
2172 69.2117 69.2117
2173 69.2117 69.222
2174 69.2117 69.3958
2175 69.2117 69.3058
2176 69.2117 69.2138
2177 69.2117 69.2663
2178 69.2117 69.2159
2179 69.2117 69.288
2180 69.2117 69.2675
2181 69.2117 69.2317
2182 69.2117 69.216
2183 69.2117 69.2117
2184 69.2117 69.2216
2185 69.2117 69.2117
2186 69.2117 69.2127
2187 69.2117 69.2219
2188 69.2117 69.2426
2189 69.2117 69.5703
2190 69.2117 69.2425
2191 69.2117 69.2117
2192 69.2117 69.3342
2193 69.2117 69.2453
2194 69.2117 69.2356
2195 69.2117 69.2117
2196 69.0194 69.2279
2197 69.0194 69.3625
2198 69.0194 69.3095
2199 69.0194 69.1991
2200 69.0194 69.1213
2201 69.0194 69.0271
2202 69.0194 69.0303
2203 69.0194 69.1704
2204 69.0194 69.0833
2205 69.0194 69.0194
2206 69.0194 69.0194
2207 69.0194 69.0654
2208 69.0194 69.1675
2209 69.0194 69.1293
2210 69.0194 69.0273
2211 69.0194 69.1666
2212 69.0194 69.1498
2213 69.0194 69.022
2214 69.0194 69.0401
2215 69.0194 69.0854
2216 69.0194 69.2769
2217 69.0194 69.1379
2218 69.0194 69.2761
2219 69.0194 69.1569
2220 69.0194 69.1774
2221 69.0194 69.0623
2222 69.0194 69.0366
2223 69.0194 69.0772
2224 69.0194 69.0963
2225 69.0194 69.2866
2226 69.0194 69.047
2227 69.0194 69.0194
2228 69.0194 69.0194
2229 69.0194 69.0194
2230 69.0194 69.0893
2231 69.0194 69.1063
2232 69.0194 69.1557
2233 69.0194 69.0261
2234 69.0194 69.0886
2235 69.0194 69.148
2236 69.0194 69.0841
2237 69.0194 69.3003
2238 68.8748 69.1697
2239 68.8748 69.4167
2240 68.8748 69.3953
2241 68.8748 69.4509
2242 68.8748 69.201
2243 68.8748 68.9072
2244 68.8748 68.9852
2245 68.8748 68.8748
2246 68.8748 68.8748
2247 68.8748 68.8892
2248 68.8748 68.9028
2249 68.8748 68.8903
2250 68.8748 68.8748
2251 68.8748 68.925
2252 68.8748 68.9645
2253 68.8748 68.8748
2254 68.8748 68.9193
2255 68.8748 68.9405
2256 68.8748 69.1074
2257 68.8748 69.2435
2258 68.8748 68.9356
2259 68.8748 68.9635
2260 68.8748 68.9152
2261 68.8748 68.8748
2262 68.8748 68.8748
2263 68.5186 68.9514
2264 68.5186 68.8399
2265 68.5186 68.6902
2266 68.5186 68.5807
2267 68.5186 68.5247
2268 68.5186 68.54
2269 68.5186 68.8611
2270 68.5186 68.674
2271 68.5186 68.5186
2272 68.5186 68.5533
2273 68.5186 68.5186
2274 68.5186 68.5186
2275 68.5186 68.5917
2276 68.5186 68.6803
2277 68.5186 68.5366
2278 68.5186 68.6735
2279 68.5186 68.7417
2280 68.5186 68.5944
2281 68.5186 68.5414
2282 68.5186 68.5337
2283 68.5186 68.5186
2284 68.5186 68.556
2285 68.5186 68.5964
2286 68.5186 68.5563
2287 68.5186 68.5677
2288 68.5186 68.5734
2289 68.5186 68.6406
2290 68.5186 68.5982
2291 68.5186 68.8436
2292 68.5186 68.5923
2293 68.5186 68.6407
2294 68.5186 68.5218
2295 68.5186 68.5186
2296 68.5186 68.5186
2297 68.5186 68.5186
2298 68.5186 68.5808
2299 68.5186 68.9282
2300 68.5186 68.6555
2301 68.5186 68.5883
2302 68.5186 68.5186
2303 68.5186 68.5186
2304 68.5186 68.5221
2305 68.5186 68.6123
2306 68.5186 68.5432
2307 68.5186 68.5186
2308 68.5186 68.6043
2309 68.5186 68.5206
2310 68.5186 68.5724
2311 68.5186 68.5186
2312 68.5186 68.6355
2313 68.5186 68.6335
2314 68.5186 68.5305
2315 68.5186 68.5186
2316 68.5186 68.5186
2317 68.5186 68.5186
2318 68.5186 68.5186
2319 68.5186 68.5186
2320 68.5186 68.5186
2321 68.5186 68.5238
2322 68.5186 68.5256
2323 68.5186 68.6061
2324 68.5186 68.5433
2325 68.5186 68.6158
2326 68.5186 68.5186
2327 68.5186 68.5842
2328 68.5186 68.5186
2329 68.5186 68.5278
2330 68.5186 68.5434
2331 68.5186 68.5444
2332 68.5186 68.5186
2333 68.5186 68.6018
2334 68.5186 68.5685
2335 68.5186 68.8157
2336 68.5186 68.6664
2337 68.5186 68.5373
2338 68.5186 68.6228
2339 68.5186 68.7884
2340 68.5186 68.7398
2341 68.5186 68.6291
2342 68.5186 68.7859
2343 68.5186 68.5373
2344 68.5186 68.5289
2345 68.5186 68.585
2346 68.5186 68.5279
2347 68.5186 68.5815
2348 68.5186 68.5651
2349 68.5186 68.6606
2350 68.5186 68.5186
2351 68.5186 68.5301
2352 68.5186 68.5209
2353 68.5186 68.6099
2354 68.5186 68.5399
2355 68.5186 68.624
2356 68.5186 68.5293
2357 68.5186 68.5742
2358 68.5186 68.5438
2359 68.5186 68.5186
2360 68.5186 68.5186
2361 68.5186 68.5754
2362 68.5186 68.6438
2363 68.5186 68.5197
2364 68.5186 68.548
2365 68.5186 68.5545
2366 68.5186 68.5544
2367 68.5186 68.5186
2368 68.5186 68.5238
2369 68.5186 68.5186
2370 68.5186 68.607
2371 68.5186 68.5618
2372 68.5186 68.7105
2373 68.5186 68.5899
2374 68.5186 68.6643
2375 68.5186 68.6575
2376 68.5186 68.632
2377 68.5186 68.5982
2378 68.5186 68.5584
2379 68.5186 68.6243
2380 68.5186 68.7619
2381 68.5186 68.5725
2382 68.5186 68.5186
2383 68.5186 68.5209
2384 68.5186 68.5689
2385 68.5186 68.5217
2386 68.5186 68.5255
2387 68.5186 68.5335
2388 68.5186 68.7332
2389 68.5186 68.6364
2390 68.5186 68.5909
2391 68.5186 68.5345
2392 68.5186 68.5186
2393 68.5186 68.5927
2394 68.5186 68.5484
2395 68.5186 68.6478
2396 68.5186 68.5685
2397 68.5186 68.6306
2398 68.5186 68.6229
2399 68.5186 68.5589
2400 68.5186 68.5535
2401 68.5186 68.5355
2402 68.5186 68.5364
2403 68.5186 68.5494
2404 68.5186 68.6355
2405 68.5186 68.5186
2406 68.5186 68.6292
2407 68.5186 68.5186
2408 68.5186 68.5388
2409 68.5186 68.5834
2410 68.5186 68.5358
2411 68.5186 68.5186
2412 68.5186 68.5321
2413 68.5186 68.612
2414 68.5186 68.5596
2415 68.5186 68.5356
2416 68.5186 68.5278
2417 68.5186 68.6247
2418 68.5186 68.5927
2419 68.5186 68.5186
2420 68.5186 68.5186
2421 68.5186 68.5927
2422 68.5186 68.5186
2423 68.5186 68.5186
2424 68.5186 68.5186
2425 68.5186 68.5261
2426 68.5186 68.5261
2427 68.5186 68.7081
2428 68.5186 68.6166
2429 68.5186 68.5291
2430 68.5186 68.5216
2431 68.5186 68.6755
2432 68.5186 68.7014
2433 68.5186 68.5994
2434 68.5186 68.5186
2435 68.5186 68.5186
2436 68.5186 68.5209
2437 68.5186 68.5836
2438 68.5186 68.6078
2439 68.5186 68.5552
2440 68.5186 68.5884
2441 68.5186 68.6134
2442 68.5186 68.5263
2443 68.5186 68.522
2444 68.5186 68.5282
2445 68.5186 68.5186
2446 68.5186 68.5186
2447 68.5186 68.6563
2448 68.5186 68.6486
2449 68.5186 68.5835
2450 68.5186 68.5294
2451 68.5186 68.5384
2452 68.5186 68.5575
2453 68.5186 68.5921
2454 68.5186 68.9013
2455 68.5186 69.2512
2456 68.5186 68.5742
2457 68.5186 69.0267
2458 68.5186 68.6263
2459 68.5186 68.6152
2460 68.5186 68.5186
2461 68.5186 68.6637
2462 68.5186 68.5695
2463 68.5186 68.6912
2464 68.5186 69.0751
2465 68.5186 68.8161
2466 68.5186 68.7768
2467 68.5186 68.5349
2468 68.5186 68.5186
2469 68.5186 68.6451
2470 68.5186 68.5542
2471 68.5186 68.5467
2472 68.5186 68.5599
2473 68.5186 68.7001
2474 68.5186 68.6752
2475 68.5186 68.5589
2476 68.5186 68.6026
2477 68.5186 68.6885
2478 68.5186 68.5354
2479 68.5186 68.5226
2480 68.5186 68.53
2481 68.5186 68.5186
2482 68.5186 68.601
2483 68.5186 68.554
2484 68.5186 68.6195
2485 68.5186 68.5774
2486 68.5186 68.5186
2487 68.5186 68.5186
2488 68.5186 68.5768
2489 68.5186 68.5186
2490 68.5186 68.5592
2491 68.5186 68.5897
2492 68.5186 68.5186
2493 68.5186 68.5186
2494 68.5186 68.5217
2495 68.5186 68.5681
2496 68.5186 68.5327
2497 68.5186 68.5416
2498 68.5186 68.5186
2499 68.5186 68.5186
2500 68.5186 68.5186
2501 68.5186 68.5695
2502 68.5186 68.5207
2503 68.5186 68.5492
2504 68.5186 68.5536
2505 68.5186 68.6364
2506 68.5186 68.5186
2507 68.5186 68.5256
2508 68.5186 68.7624
2509 68.5186 68.6076
2510 68.5186 68.6116
2511 68.2957 68.6201
2512 68.2957 68.5753
2513 68.2957 68.5239
2514 68.2957 68.4624
2515 68.2957 68.5042
2516 68.2957 68.3079
2517 68.2957 68.3231
2518 68.2957 68.3113
2519 68.2957 68.4059
2520 68.2957 68.5539
2521 68.2957 68.361
2522 68.2957 68.476
2523 68.2957 68.3482
2524 68.2957 68.3424
2525 68.2957 68.4541
2526 68.2957 68.3842
2527 68.2957 68.6147
2528 68.2957 68.591
2529 68.2957 68.3491
2530 68.2957 68.4278
2531 68.2957 68.2957
2532 68.2957 68.3026
2533 68.2957 68.2957
2534 68.2957 68.5337
2535 68.2957 68.349
2536 68.2957 68.4269
2537 68.2957 68.394
2538 68.2957 68.3882
2539 68.2957 68.4731
2540 68.2957 68.4913
2541 68.2957 68.3884
2542 68.2957 68.486
2543 68.2957 68.3788
2544 68.2957 68.4154
2545 68.2957 68.3937
2546 68.2957 68.4843
2547 68.2957 68.3248
2548 68.2957 68.3123
2549 68.2957 68.3131
2550 68.2957 68.2957
2551 68.2957 68.3508
2552 68.2957 68.328
2553 68.2957 68.3437
2554 68.2957 68.2957
2555 68.2957 68.3317
2556 68.2957 68.4343
2557 68.2957 68.335
2558 68.2957 68.3342
2559 68.2957 68.4092
2560 68.2957 68.3444
2561 68.2957 68.3541
2562 68.2957 68.6273
2563 68.2957 68.3315
2564 68.2957 68.3176
2565 68.2957 68.2957
2566 68.2957 68.2957
2567 68.2957 68.2957
2568 68.2957 68.2957
2569 68.2957 68.3759
2570 68.2957 68.3043
2571 68.2957 68.392
2572 68.2957 68.3343
2573 68.2957 68.3258
2574 68.2957 68.3689
2575 68.2957 68.4075
2576 68.2957 68.576
2577 68.2957 68.3551
2578 68.2957 68.2957
2579 68.2957 68.4504
2580 68.2957 68.2957
2581 68.2957 68.3353
2582 68.2957 68.2957
2583 68.2957 68.2957
2584 68.2957 68.3006
2585 68.2957 68.3229
2586 68.2957 68.2957
2587 68.2957 68.2957
2588 68.2957 68.2957
2589 68.2957 68.3375
2590 68.2957 68.2982
2591 68.2957 68.3648
2592 68.2957 68.4568
2593 68.2957 68.4136
2594 68.2957 68.3598
2595 68.2957 68.33
2596 68.2957 68.358
2597 68.2957 68.2957
2598 68.2957 68.2997
2599 68.2957 68.2957
2600 68.2957 68.2964
2601 68.2957 68.3175
2602 68.2957 68.2957
2603 68.2957 68.3238
2604 68.2957 68.3244
2605 68.2957 68.2957
2606 68.2957 68.2991
2607 68.2957 68.3069
2608 68.2957 68.3798
2609 68.2957 68.5167
2610 68.2957 68.3748
2611 68.2957 68.3196
2612 68.2957 68.3079
2613 68.2957 68.4615
2614 68.2957 68.617
2615 68.2957 68.5406
2616 68.2957 68.4988
2617 68.2957 68.803
2618 68.2957 68.5625
2619 68.2957 68.4082
2620 68.2957 68.3623
2621 68.2957 68.407
2622 68.2957 68.3098
2623 68.2957 68.2957
2624 68.2957 68.3983
2625 68.2957 68.3223
2626 68.2957 68.2957
2627 68.2957 68.3963
2628 68.2957 68.2957
2629 68.2957 68.4756
2630 68.2957 68.336
2631 68.2957 68.4433
2632 68.2957 68.2957
2633 68.2957 68.3039
2634 68.2957 68.2957
2635 68.2957 68.3203
2636 68.2957 68.2957
2637 68.2957 68.3153
2638 68.2957 68.3098
2639 68.2957 68.4758
2640 68.2957 68.3703
2641 68.2957 68.3563
2642 68.2957 68.5708
2643 68.2957 68.2957
2644 68.2957 68.2957
2645 68.2957 68.4039
2646 68.2957 68.2957
2647 68.2957 68.2957
2648 68.2957 68.323
2649 68.2957 68.2957
2650 68.2957 68.2957
2651 68.2957 68.2957
2652 68.2957 68.2957
2653 68.2957 68.2957
2654 68.2957 68.2957
2655 68.2957 68.2998
2656 68.2957 68.3267
2657 68.2957 68.2957
2658 68.2957 68.2995
2659 68.2957 68.4545
2660 68.2957 68.4557
2661 68.2957 68.3284
2662 68.2957 68.3006
2663 68.2957 68.2957
2664 68.2957 68.3507
2665 68.2957 68.3193
2666 68.2957 68.3106
2667 68.2957 68.2957
2668 68.2957 68.3059
2669 68.2957 68.4092
2670 68.2957 68.6758
2671 68.2957 68.7549
2672 68.2957 68.5432
2673 68.2957 68.3862
2674 68.2957 68.3554
2675 68.2957 68.3748
2676 68.2957 68.3625
2677 68.2957 68.3383
2678 68.2957 68.2957
2679 68.2957 68.3052
2680 68.2957 68.4609
2681 68.2957 68.307
2682 68.2957 68.3235
2683 68.2957 68.4819
2684 68.2957 68.3115
2685 68.2957 68.2957
2686 68.2957 68.2967
2687 68.2957 68.32
2688 68.2957 68.2967
2689 68.2957 68.2957
2690 68.2957 68.3265
2691 68.2957 68.374
2692 68.2957 68.4695
2693 68.2957 68.3702
2694 68.2957 68.3303
2695 68.2957 68.2986
2696 68.2957 68.3745
2697 68.2957 68.3441
2698 68.2957 68.3476
2699 68.2957 68.3788
2700 68.2957 68.3733
2701 68.2957 68.3509
2702 68.2957 68.3424
2703 68.2957 68.4293
2704 68.2957 68.4391
2705 68.2957 68.3182
2706 68.2957 68.3223
2707 68.2957 68.3383
2708 68.2957 68.3479
2709 68.2957 68.5388
2710 68.2957 68.4115
2711 68.2957 68.3137
2712 68.2957 68.3674
2713 68.2957 68.3142
2714 68.2957 68.3379
2715 68.2957 68.3232
2716 68.2957 68.3034
2717 68.2957 68.3853
2718 68.2957 68.3719
2719 68.2957 68.4203
2720 68.2957 68.2961
2721 68.2957 68.2957
2722 68.2957 68.2957
2723 68.2957 68.2957
2724 68.2957 68.3131
2725 68.2957 68.3326
2726 68.2957 68.2957
2727 68.2957 68.2957
2728 68.2957 68.2957
2729 68.2957 68.2988
2730 68.2957 68.2986
2731 68.2957 68.3531
2732 68.2957 68.3775
2733 68.2957 68.3658
2734 68.2957 68.4202
2735 68.2957 68.3012
2736 68.2957 68.2957
2737 68.2957 68.4275
2738 68.2957 68.367
2739 68.2957 68.3696
2740 68.2957 68.4762
2741 68.2957 68.3641
2742 68.2957 68.3512
2743 68.2957 68.3816
2744 68.2957 68.4957
2745 68.2957 68.5207
2746 68.2957 68.3715
2747 68.2957 68.3771
2748 68.2957 68.5362
2749 68.2957 68.6121
2750 68.2957 68.3754
2751 68.2957 68.4104
2752 68.2957 68.3044
2753 68.2957 68.4921
2754 68.2957 68.304
2755 68.2957 68.5325
2756 68.2957 68.4712
2757 68.2957 68.4112
2758 68.2957 68.3162
2759 68.2957 68.3346
2760 68.2957 68.4047
2761 68.2957 68.3838
2762 68.2957 68.2957
2763 68.2957 68.2957
2764 68.2957 68.3446
2765 68.2957 68.4181
2766 68.2957 68.3888
2767 68.2957 68.2957
2768 68.2957 68.3214
2769 68.2957 68.3072
2770 68.2957 68.4123
2771 68.2957 68.34
2772 68.2957 68.2967
2773 68.2957 68.3286
2774 68.2957 68.2957
2775 68.2957 68.3486
2776 68.2957 68.4567
2777 68.2957 68.3144
2778 68.2957 68.3234
2779 68.2957 68.3228
2780 68.2957 68.3835
2781 68.2957 68.3268
2782 68.2957 68.3479
2783 68.2957 68.397
2784 68.2957 68.2957
2785 68.2957 68.2957
2786 68.2957 68.3012
2787 68.2957 68.2957
2788 68.2957 68.2957
2789 68.2957 68.2957
2790 68.2957 68.3062
2791 68.2957 68.3461
2792 68.2957 68.5997
2793 68.2957 68.3411
2794 68.2957 68.3951
2795 68.2957 68.3515
2796 68.2957 68.3965
2797 68.2957 68.5794
2798 68.2957 68.3523
2799 68.2957 68.3055
2800 68.2957 68.2957
2801 68.2957 68.3288
2802 68.2957 68.4878
2803 68.2957 68.3737
2804 68.2957 68.3109
2805 68.2957 68.2957
2806 68.2957 68.3228
2807 68.2957 68.3043
2808 68.2957 68.4185
2809 68.2957 68.4165
2810 68.2957 68.2957
2811 68.2957 68.3796
2812 68.2957 68.3558
2813 68.2957 68.3486
2814 68.2957 68.4257
2815 68.2957 68.2957
2816 68.2957 68.2957
2817 68.2957 68.2967
2818 68.2957 68.3784
2819 68.2957 68.442
2820 68.2957 68.4079
2821 68.2957 68.339
2822 68.2957 68.4068
2823 68.2957 68.3
2824 68.2957 68.2978
2825 68.2957 68.6452
2826 68.2957 68.3618
2827 68.2957 68.3019
2828 68.2957 68.315
2829 68.2957 68.3265
2830 68.2957 68.2957
2831 68.2957 68.3468
2832 68.2957 68.3108
2833 68.2957 68.3024
2834 68.2957 68.2957
2835 68.2957 68.3023
2836 68.2957 68.3439
2837 68.2957 68.3907
2838 68.2957 68.3571
2839 68.2957 68.3354
2840 68.2957 68.3965
2841 68.2957 68.3331
2842 68.2957 68.3099
2843 68.2957 68.4994
2844 68.2957 68.4369
2845 68.2957 68.304
2846 68.2957 68.3108
2847 68.2957 68.2957
2848 68.2957 68.3088
2849 68.2957 68.319
2850 68.2957 68.4491
2851 68.2957 68.5425
2852 68.2957 68.5403
2853 68.2957 68.4326
2854 68.2957 68.449
2855 68.2957 68.3821
2856 68.2957 68.2957
2857 68.2957 68.3349
2858 68.2957 68.2957
2859 68.2957 68.3444
2860 68.2957 68.3661
2861 68.2957 68.3473
2862 68.2957 68.352
2863 68.2957 68.3114
2864 68.2957 68.2957
2865 68.2957 68.3176
2866 68.2957 68.3387
2867 68.2957 68.3265
2868 68.2957 68.3535
2869 68.2957 68.4294
2870 68.2957 68.3724
2871 68.2957 68.3706
2872 68.2957 68.359
2873 68.2957 68.2957
2874 68.2957 68.2957
2875 68.2957 68.2957
2876 68.2957 68.2967
2877 68.2957 68.2957
2878 68.2957 68.296
2879 68.2957 68.2957
2880 68.2957 68.2957
2881 68.2957 68.3029
2882 68.2957 68.2957
2883 68.2957 68.2957
2884 68.2957 68.3941
2885 68.2957 68.537
2886 68.2957 68.4669
2887 68.2957 68.3744
2888 68.2957 68.3125
2889 68.2957 68.5139
2890 68.2957 68.6226
2891 68.2957 68.8094
2892 68.2957 68.5309
2893 68.2957 68.5553
2894 68.2957 68.3103
2895 68.2957 68.2957
2896 68.2957 68.3977
2897 68.2957 68.3361
2898 68.2957 68.4413
2899 68.2957 68.3434
2900 68.2957 68.2957
2901 68.2957 68.4425
2902 68.2957 68.4292
2903 68.2957 68.3414
2904 68.2957 68.3017
2905 68.2957 68.3207
2906 68.2957 68.2957
2907 68.2957 68.2957
2908 68.2957 68.3008
2909 68.2957 68.2957
2910 68.2957 68.2957
2911 68.2957 68.4352
2912 68.2957 68.4436
2913 68.2957 68.3505
2914 68.2957 68.5995
2915 68.2957 68.4136
2916 68.2957 68.4191
2917 68.2957 68.4526
2918 68.2957 68.3588
2919 68.2957 68.6027
2920 68.2957 68.5766
2921 68.2957 68.5678
2922 68.2957 68.6941
2923 68.2957 68.5614
2924 68.2957 68.4355
2925 68.2957 68.3465
2926 68.2957 68.35
2927 68.2957 68.2957
2928 68.2957 68.2957
2929 68.2957 68.2957
2930 68.2957 68.309
2931 68.2957 68.3096
2932 68.2957 68.2978
2933 68.2957 68.3193
2934 68.2957 68.4031
2935 68.2957 68.4757
2936 68.2957 68.3006
2937 68.2957 68.3388
2938 68.2957 68.3432
2939 68.2957 68.3957
2940 68.2957 68.2957
2941 68.2957 68.3596
2942 68.2957 68.4056
2943 68.2957 68.2996
2944 68.2957 68.327
2945 68.2957 68.3654
2946 68.2957 68.3575
2947 68.2957 68.2957
2948 68.2957 68.3119
2949 68.2957 68.3059
2950 68.2957 68.3737
2951 68.2957 68.3013
2952 68.2957 68.463
2953 68.2957 68.4202
2954 68.2957 68.3953
2955 68.2957 68.3398
2956 68.2957 68.3491
2957 68.2957 68.4835
2958 68.2957 68.3631
2959 68.2957 68.3795
2960 68.2957 68.2978
2961 68.2957 68.3111
2962 68.2957 68.4881
2963 68.2957 68.4002
2964 68.2957 68.4187
2965 68.2957 68.3055
2966 68.2957 68.2957
2967 68.2957 68.2986
2968 68.2957 68.2957
2969 68.2957 68.3101
2970 68.2957 68.2957
2971 68.2957 68.3461
2972 68.2957 68.2957
2973 68.2957 68.2957
2974 68.2957 68.3089
2975 68.2957 68.3372
2976 68.2957 68.3589
2977 68.2957 68.6018
2978 68.2957 68.4571
2979 68.2957 68.6363
2980 68.2957 68.4918
2981 68.2957 68.4252
2982 68.2957 68.3077
2983 68.2957 68.2957
2984 68.2957 68.2957
2985 68.2957 68.3544
2986 68.2957 68.3831
2987 68.2957 68.3013
2988 68.2957 68.4004
2989 68.2957 68.3243
2990 68.2957 68.2957
2991 68.2957 68.3769
2992 68.2957 68.3534
2993 68.2957 68.3858
2994 68.2957 68.3021
2995 68.2957 68.2957
2996 68.2957 68.2957
2997 68.2957 68.3852
2998 68.2957 68.3175
2999 68.2957 68.3924
3000 68.2957 68.3868
3001 68.2957 68.374
3002 68.2957 68.3228
3003 68.2957 68.3637
3004 68.2957 68.38
3005 68.2957 68.3495
3006 68.2957 68.2957
3007 68.2957 68.2957
3008 68.2957 68.2957
3009 68.2957 68.4878
3010 68.2957 68.5373
3011 68.2957 68.4807
3012 68.2957 68.4275
3013 68.2957 68.4892
3014 68.2957 68.4638
3015 68.2957 68.3538
3016 68.2957 68.4412
3017 68.2957 68.3341
3018 68.2957 68.3075
3019 68.2957 68.3463
3020 68.2957 68.3609
3021 68.2957 68.5662
3022 68.2957 68.408
3023 68.2957 68.3841
3024 68.2957 68.2962
3025 68.2957 68.3026
3026 68.2957 68.5295
3027 68.2957 68.4702
3028 68.2957 68.3157
3029 68.2957 68.3007
3030 68.2957 68.2957
3031 68.2957 68.2957
3032 68.2957 68.3163
3033 68.2957 68.3809
3034 68.2957 68.3364
3035 68.2957 68.3043
3036 68.2957 68.2957
3037 68.2957 68.339
3038 68.2957 68.3059
3039 68.2957 68.3708
3040 68.2957 68.2957
3041 68.2957 68.3594
3042 68.2957 68.3036
3043 68.2957 68.3113
3044 68.2957 68.2957
3045 68.2957 68.2957
3046 68.2957 68.3557
3047 68.2957 68.2957
3048 68.2957 68.2957
3049 68.2957 68.2957
3050 68.2957 68.2957
3051 68.2957 68.2957
3052 68.2957 68.3621
3053 68.2957 68.3989
3054 68.2957 68.5133
3055 68.2957 68.5162
3056 68.2957 68.4084
3057 68.2957 68.4345
3058 68.2957 68.2957
3059 68.2957 68.3055
3060 68.2957 68.2957
3061 68.2957 68.6931
3062 68.2957 68.3385
3063 68.2957 68.2957
3064 68.2957 68.2957
3065 68.2957 68.3128
3066 68.2957 68.2957
3067 68.2957 68.2957
3068 68.2957 68.2957
3069 68.2957 68.3189
3070 68.2957 68.2957
3071 68.2957 68.3859
3072 68.2957 68.3403
3073 68.2957 68.5129
3074 68.2957 68.3395
3075 68.2957 68.3086
3076 68.2957 68.3018
3077 68.2957 68.3435
3078 68.2957 68.3363
3079 68.2957 68.3251
3080 68.2957 68.2957
3081 68.2957 68.2957
3082 68.2957 68.3393
3083 68.2957 68.7892
3084 68.2957 68.6258
3085 68.2957 68.5982
3086 68.2957 68.3321
3087 68.2957 68.2957
3088 68.2957 68.4575
3089 68.2957 68.6007
3090 68.2957 68.5708
3091 68.2957 68.4028
3092 68.2957 68.3221
3093 68.2957 68.5343
3094 68.2957 68.6404
3095 68.2957 68.4366
3096 68.2957 68.4358
3097 68.2957 68.3614
3098 68.2957 68.5088
3099 68.2957 68.3533
3100 68.2957 68.3018
3101 68.2957 68.2957
3102 68.2957 68.2957
3103 68.2957 68.3175
3104 68.2957 68.3198
3105 68.2957 68.2957
3106 68.2957 68.446
3107 68.2957 68.3893
3108 68.2957 68.3604
3109 68.2957 68.3276
3110 68.2957 68.2957
3111 67.967 68.2947
3112 67.967 68.2459
3113 67.967 68.1591
3114 67.967 68.0403
3115 67.967 68.0196
3116 67.967 68.0094
3117 67.967 68.0632
3118 67.967 68.0507
3119 67.967 67.967
3120 67.967 67.967
3121 67.967 68.0546
3122 67.967 67.9951
3123 67.967 68.0801
3124 67.967 67.9817
3125 67.967 67.967
3126 67.967 67.967
3127 67.967 67.971
3128 67.967 68.0898
3129 67.967 68.1149
3130 67.967 68.079
3131 67.967 68.0025
3132 67.967 68.0212
3133 67.967 68.184
3134 67.967 68.1621
3135 67.967 68.0579
3136 67.967 67.9689
3137 67.967 68.0086
3138 67.967 67.967
3139 67.967 68.0003
3140 67.967 68.0176
3141 67.967 68.0518
3142 67.967 68.019
3143 67.967 67.982
3144 67.967 68.1245
3145 67.967 68.014
3146 67.967 68.0199
3147 67.967 68.1197
3148 67.967 68.0079
3149 67.967 67.9947
3150 67.967 68.0388
3151 67.967 67.983
3152 67.967 67.967
3153 67.967 68.0254
3154 67.967 68.0613
3155 67.967 68.0678
3156 67.967 68.1453
3157 67.967 68.0382
3158 67.967 68.212
3159 67.967 68.3158
3160 67.967 68.046
3161 67.967 67.967
3162 67.967 68.0772
3163 67.967 67.9791
3164 67.967 67.9778
3165 67.967 68.0324
3166 67.967 68.1819
3167 67.967 68.0884
3168 67.967 68.1601
3169 67.967 68.0534
3170 67.967 67.967
3171 67.967 67.967
3172 67.967 67.9906
3173 67.967 67.967
3174 67.967 67.9697
3175 67.967 67.9987
3176 67.967 68.0103
3177 67.967 68.3514
3178 67.967 68.0311
3179 67.967 68.0885
3180 67.967 68.151
3181 67.967 67.967
3182 67.967 67.9799
3183 67.967 67.9838
3184 67.967 67.967
3185 67.967 67.9677
3186 67.967 67.967
3187 67.967 68.1385
3188 67.967 68.0878
3189 67.967 68.0733
3190 67.967 68.0221
3191 67.967 68.016
3192 67.967 68.1569
3193 67.967 67.967
3194 67.967 67.967
3195 67.967 68.0437
3196 67.967 68.1194
3197 67.967 68.5504
3198 67.967 68.2735
3199 67.967 68.3329
3200 67.967 68.1909
3201 67.967 68.0926
3202 67.967 68.0846
3203 67.967 67.967
3204 67.967 67.9873
3205 67.967 67.967
3206 67.967 68.0273
3207 67.967 68.0815
3208 67.967 68.0059
3209 67.967 68.0069
3210 67.967 67.967
3211 67.967 68.0349
3212 67.967 68.215
3213 67.967 67.986
3214 67.967 68.0073
3215 67.967 67.9781
3216 67.967 68.0298
3217 67.967 68.1777
3218 67.967 68.0241
3219 67.967 67.9829
3220 67.967 68.0015
3221 67.967 68.1492
3222 67.967 68.3031
3223 67.967 68.0498
3224 67.967 68.0337
3225 67.967 67.967
3226 67.967 67.9976
3227 67.967 68.1042
3228 67.967 68.1344
3229 67.967 68.1683
3230 67.967 68.1919
3231 67.967 68.0665
3232 67.967 68.2028
3233 67.967 68.1661
3234 67.967 68.1183
3235 67.967 67.9689
3236 67.967 68.3714
3237 67.967 68.1393
3238 67.967 68.0849
3239 67.967 67.9995
3240 67.967 68.0729
3241 67.967 67.9997
3242 67.967 67.967
3243 67.967 68.0207
3244 67.967 67.967
3245 67.967 68.0002
3246 67.967 68.0973
3247 67.967 68.0089
3248 67.967 68.117
3249 67.967 68.0396
3250 67.967 67.9929
3251 67.967 67.9813
3252 67.967 67.967
3253 67.967 68.0035
3254 67.967 68.0047
3255 67.967 68.0479
3256 67.967 68.025
3257 67.967 67.9722
3258 67.967 67.9743
3259 67.967 67.967
3260 67.967 67.9912
3261 67.967 68.0623
3262 67.967 68.1322
3263 67.967 67.9769
3264 67.967 68.0273
3265 67.967 67.967
3266 67.967 67.967
3267 67.967 67.967
3268 67.967 68.0467
3269 67.967 68.0968
3270 67.967 67.967
3271 67.967 68.006
3272 67.967 68.1961
3273 67.967 68.0783
3274 67.967 67.967
3275 67.967 67.967
3276 67.967 67.967
3277 67.967 67.967
3278 67.967 67.9745
3279 67.967 67.9762
3280 67.967 67.967
3281 67.967 68.0456
3282 67.967 67.967
3283 67.967 67.9696
3284 67.967 68.0533
3285 67.967 67.9811
3286 67.967 68.0329
3287 67.967 67.9718
3288 67.967 67.9862
3289 67.967 67.9695
3290 67.967 68.0809
3291 67.967 67.967
3292 67.967 68.045
3293 67.967 67.967
3294 67.967 67.9807
3295 67.967 68.0484
3296 67.967 67.9993
3297 67.967 68.0764
3298 67.967 68.0094
3299 67.967 67.9957
3300 67.967 67.967
3301 67.967 68.0281
3302 67.967 68.0245
3303 67.967 68.0993
3304 67.967 68.1317
3305 67.967 68.0823
3306 67.967 67.9799
3307 67.967 68.0482
3308 67.967 68.0426
3309 67.967 67.967
3310 67.967 68.0056
3311 67.967 68.1137
3312 67.967 68.059
3313 67.967 68.1098
3314 67.967 68.1519
3315 67.967 68.1888
3316 67.967 68.2261
3317 67.967 67.9891
3318 67.967 68.3461
3319 67.967 68.07
3320 67.967 68.0193
3321 67.967 68.0825
3322 67.967 68.0935
3323 67.967 68.039
3324 67.967 67.967
3325 67.967 67.9691
3326 67.967 67.967
3327 67.967 67.9716
3328 67.967 68.0832
3329 67.967 68.0339
3330 67.967 68.0403
3331 67.967 68.1547
3332 67.967 68.0897
3333 67.967 68.1599
3334 67.967 68.0601
3335 67.967 68.1444
3336 67.967 68.0296
3337 67.967 68.008
3338 67.967 67.9802
3339 67.967 67.967
3340 67.967 68.0292
3341 67.967 68.0528
3342 67.967 67.9698
3343 67.967 67.9932
3344 67.967 68.0321
3345 67.967 68.0849
3346 67.967 67.9892
3347 67.967 68.1538
3348 67.967 68.0436
3349 67.967 68.1674
3350 67.967 67.9701
3351 67.967 68.0235
3352 67.967 68.0366
3353 67.967 67.9941
3354 67.967 68.3533
3355 67.967 67.975
3356 67.967 68.1538
3357 67.967 67.967
3358 67.967 68.0407
3359 67.967 68.0096
3360 67.967 67.9759
3361 67.967 67.967
3362 67.967 67.9971
3363 67.967 68.2215
3364 67.967 68.2047
3365 67.967 68.0595
3366 67.967 67.9791
3367 67.967 68.1966
3368 67.967 68.1595
3369 67.967 67.9759
3370 67.967 67.967
3371 67.967 68.008
3372 67.967 67.967
3373 67.967 68.0469
3374 67.967 68.1455
3375 67.967 68.0828
3376 67.967 68.0583
3377 67.967 67.967
3378 67.967 68.0192
3379 67.967 68.0763
3380 67.967 68.0328
3381 67.967 67.9737
3382 67.967 68.025
3383 67.967 68.0707
3384 67.967 67.9683
3385 67.967 67.977
3386 67.967 67.9704
3387 67.967 68.0336
3388 67.967 67.9773
3389 67.967 67.967
3390 67.967 67.967
3391 67.967 67.9894
3392 67.967 67.967
3393 67.967 67.9756
3394 67.967 67.9761
3395 67.967 68.1103
3396 67.967 68.0932
3397 67.967 67.9843
3398 67.967 68.1342
3399 67.967 67.967
3400 67.967 67.967
3401 67.967 67.967
3402 67.967 67.967
3403 67.967 67.967
3404 67.967 67.9793
3405 67.967 67.9714
3406 67.967 67.9676
3407 67.967 67.9903
3408 67.967 67.9677
3409 67.967 67.9792
3410 67.967 67.967
3411 67.967 68.0131
3412 67.967 68.0021
3413 67.967 68.057
3414 67.967 67.967
3415 67.967 67.967
3416 67.967 68.0134
3417 67.967 68.0511
3418 67.967 67.9742
3419 67.967 68.0704
3420 67.967 68.0425
3421 67.967 68.1572
3422 67.967 68.0263
3423 67.967 67.9728
3424 67.967 68.1166
3425 67.967 67.9879
3426 67.967 68.1023
3427 67.967 68.0601
3428 67.967 68.0703
3429 67.967 67.967
3430 67.967 67.9985
3431 67.967 67.9943
3432 67.967 67.967
3433 67.967 67.967
3434 67.967 67.967
3435 67.967 67.9854
3436 67.967 68.0789
3437 67.967 68.0011
3438 67.967 67.982
3439 67.967 67.9715
3440 67.967 68.0048
3441 67.967 67.967
3442 67.967 68.0135
3443 67.967 68.0322
3444 67.967 67.967
3445 67.967 68.0085
3446 67.967 68.0323
3447 67.967 67.984
3448 67.967 68.0601
3449 67.967 68.1191
3450 67.967 68.0669
3451 67.967 68.15
3452 67.967 68.1737
3453 67.967 67.9754
3454 67.967 67.9899
3455 67.967 67.9857
3456 67.967 68.0766
3457 67.967 68.036
3458 67.967 67.9805
3459 67.967 67.9677
3460 67.967 68.1345
3461 67.967 67.9774
3462 67.967 67.9771
3463 67.967 67.9762
3464 67.967 68.2751
3465 67.967 68.07
3466 67.967 67.9773
3467 67.967 68.0683
3468 67.967 68.0599
3469 67.967 68.0259
3470 67.967 67.9687
3471 67.967 67.9804
3472 67.967 67.967
3473 67.967 67.967
3474 67.967 67.967
3475 67.967 68.0485
3476 67.967 68.114
3477 67.967 67.9944
3478 67.967 68.0397
3479 67.967 68.018
3480 67.967 68.0292
3481 67.967 68.0332
3482 67.967 68.3626
3483 67.967 68.0284
3484 67.967 67.967
3485 67.967 67.967
3486 67.967 67.967
3487 67.967 67.967
3488 67.967 67.98
3489 67.967 67.967
3490 67.967 67.967
3491 67.967 67.9964
3492 67.967 67.967
3493 67.967 67.967
3494 67.967 67.967
3495 67.967 67.967
3496 67.967 67.9671
3497 67.967 67.967
3498 67.967 67.9748
3499 67.967 67.967
3500 67.967 68.0409
3501 67.967 67.9728
3502 67.967 67.967
3503 67.967 67.967
3504 67.967 67.967
3505 67.967 67.971
3506 67.967 68.0478
3507 67.967 67.967
3508 67.967 68.0181
3509 67.967 68.0615
3510 67.967 68.1378
3511 67.967 67.9792
3512 67.967 67.967
3513 67.967 68.0151
3514 67.967 68.2776
3515 67.967 67.967
3516 67.967 68.4259
3517 67.967 67.9704
3518 67.967 67.967
3519 67.967 67.967
3520 67.967 67.9859
3521 67.967 68.1982
3522 67.967 67.9721
3523 67.967 68.0143
3524 67.967 67.986
3525 67.967 68.0918
3526 67.967 68.065
3527 67.967 68.0627
3528 67.967 68.0144
3529 67.967 67.967
3530 67.967 67.967
3531 67.967 67.9773
3532 67.967 67.967
3533 67.967 67.9754
3534 67.967 67.9751
3535 67.967 67.967
3536 67.967 68.0139
3537 67.967 68.0153
3538 67.967 67.9819
3539 67.967 68.1885
3540 67.967 67.9715
3541 67.967 68.0054
3542 67.967 67.967
3543 67.967 68.0265
3544 67.967 68.0786
3545 67.967 68.2244
3546 67.967 68.1078
3547 67.967 68.0481
3548 67.967 67.9725
3549 67.967 68.0524
3550 67.967 68.0015
3551 67.967 67.967
3552 67.967 68.0232
3553 67.967 68.0617
3554 67.967 68.0195
3555 67.967 68.0471
3556 67.967 68.1794
3557 67.967 68.2975
3558 67.967 68.067
3559 67.967 67.9831
3560 67.967 67.9674
3561 67.967 67.967
3562 67.967 67.967
3563 67.967 67.967
3564 67.967 67.967
3565 67.967 68.1256
3566 67.967 68.0278
3567 67.967 67.9681
3568 67.967 67.9931
3569 67.967 67.9888
3570 67.967 67.967
3571 67.967 67.985
3572 67.967 68.0074
3573 67.967 68.0706
3574 67.967 68.0222
3575 67.967 68.1453
3576 67.967 67.967
3577 67.967 67.967
3578 67.967 67.967
3579 67.967 68.0814
3580 67.967 68.0133
3581 67.967 67.967
3582 67.967 67.967
3583 67.967 67.97
3584 67.967 67.9762
3585 67.967 68.0361
3586 67.967 68.0439
3587 67.967 67.9759
3588 67.967 67.9681
3589 67.967 67.967
3590 67.967 67.967
3591 67.967 67.967
3592 67.967 67.967
3593 67.967 68.0104
3594 67.967 68.0797
3595 67.967 68.1159
3596 67.967 67.9706
3597 67.967 67.9696
3598 67.967 67.967
3599 67.967 68.0224
3600 67.967 68.0972
3601 67.967 67.9693
3602 67.967 68.011
3603 67.967 68.0848
3604 67.967 68.066
3605 67.967 68.3765
3606 67.967 68.2023
3607 67.967 68.0128
3608 67.967 68.0227
3609 67.967 67.967
3610 67.967 67.967
3611 67.967 67.967
3612 67.967 67.9741
3613 67.967 67.9888
3614 67.967 68.0574
3615 67.967 67.9679
3616 67.967 67.967
3617 67.967 67.967
3618 67.967 67.967
3619 67.967 68.0654
3620 67.967 68.0593
3621 67.967 67.9988
3622 67.967 67.987
3623 67.967 67.9945
3624 67.967 68.036
3625 67.967 67.972
3626 67.967 68.0745
3627 67.967 68.0452
3628 67.967 68.3265
3629 67.967 67.9872
3630 67.967 67.9749
3631 67.967 68.054
3632 67.967 68.0393
3633 67.967 68.0259
3634 67.967 68.4215
3635 67.967 68.1386
3636 67.967 68.0113
3637 67.967 68.2387
3638 67.967 68.0117
3639 67.967 67.967
3640 67.967 68.0273
3641 67.967 68.1253
3642 67.967 68.1377
3643 67.967 67.973
3644 67.967 68.0285
3645 67.967 67.967
3646 67.967 67.9879
3647 67.967 67.9817
3648 67.967 67.9911
3649 67.967 68.0168
3650 67.967 68.1993
3651 67.967 68.2567
3652 67.967 68.062
3653 67.967 68.1297
3654 67.967 68.0196
3655 67.967 68.1043
3656 67.967 67.9924
3657 67.967 67.967
3658 67.967 68.0382
3659 67.967 67.967
3660 67.967 67.967
3661 67.967 67.967
3662 67.967 68.039
3663 67.967 67.9768
3664 67.967 68.2163
3665 67.967 68.2025
3666 67.967 68.345
3667 67.967 68.1305
3668 67.967 68.002
3669 67.967 67.9783
3670 67.967 68.099
3671 67.967 68.1084
3672 67.967 68.289
3673 67.967 68.0926
3674 67.967 68.068
3675 67.967 68.0618
3676 67.967 68.0818
3677 67.967 67.967
3678 67.967 67.9741
3679 67.967 67.967
3680 67.967 67.967
3681 67.967 67.967
3682 67.967 67.967
3683 67.967 67.973
3684 67.967 68.1384
3685 67.967 68.1657
3686 67.967 68.0187
3687 67.967 67.9722
3688 67.967 67.967
3689 67.967 67.9937
3690 67.967 68.0712
3691 67.967 67.9899
3692 67.967 68.0717
3693 67.967 68.0845
3694 67.967 67.967
3695 67.967 67.967
3696 67.967 67.967
3697 67.967 67.9949
3698 67.967 68.0244
3699 67.967 68.0667
3700 67.967 67.9961
3701 67.967 68.0575
3702 67.967 67.967
3703 67.967 67.967
3704 67.967 67.9796
3705 67.967 67.967
3706 67.967 67.9933
3707 67.967 68.1996
3708 67.967 68.0473
3709 67.967 68.0215
3710 67.967 67.967
3711 67.967 68.0122
3712 67.967 68.0178
3713 67.967 68.1438
3714 67.967 68.0157
3715 67.967 67.9749
3716 67.967 68.0331
3717 67.967 68.3
3718 67.967 68.1061
3719 67.967 67.9697
3720 67.967 68.0522
3721 67.967 67.9682
3722 67.967 67.967
3723 67.967 67.967
3724 67.967 67.967
3725 67.967 68.061
3726 67.967 68.0284
3727 67.967 68.0649
3728 67.967 68.0885
3729 67.967 68.2166
3730 67.967 68.1266
3731 67.967 68.1286
3732 67.967 67.9953
3733 67.967 68.0393
3734 67.967 68.0832
3735 67.967 68.1745
3736 67.967 67.967
3737 67.967 67.9678
3738 67.967 68.0203
3739 67.967 68.0199
3740 67.967 67.967
3741 67.967 67.9836
3742 67.967 67.967
3743 67.967 67.9811
3744 67.967 67.9762
3745 67.967 67.967
3746 67.967 67.967
3747 67.967 67.9858
3748 67.967 67.967
3749 67.967 67.974
3750 67.967 68.0235
3751 67.967 67.967
3752 67.967 68.0053
3753 67.967 67.9994
3754 67.967 68.0712
3755 67.967 67.9861
3756 67.967 68.0828
3757 67.967 68.1201
3758 67.967 68.202
3759 67.967 68.1425
3760 67.967 67.9777
3761 67.967 67.98
3762 67.967 68.0169
3763 67.967 67.9792
3764 67.967 68.0225
3765 67.967 68.0356
3766 67.967 67.9739
3767 67.967 67.9838
3768 67.967 68.2671
3769 67.967 68.0865
3770 67.967 67.981
3771 67.967 67.967
3772 67.967 67.9699
3773 67.967 67.967
3774 67.967 67.9712
3775 67.967 68.0143
3776 67.967 68.2151
3777 67.967 67.9671
3778 67.967 67.967
3779 67.967 67.9709
3780 67.967 67.9787
3781 67.967 67.9873
3782 67.967 68.0978
3783 67.967 68.0237
3784 67.967 68.1359
3785 67.967 68.0787
3786 67.967 68.059
3787 67.967 68.0416
3788 67.967 67.967
3789 67.967 67.967
3790 67.967 67.994
3791 67.967 67.9766
3792 67.967 68.0259
3793 67.967 68.011
3794 67.967 68.2538
3795 67.967 68.0205
3796 67.967 68.0004
3797 67.967 67.9853
3798 67.967 68.1827
3799 67.967 68.0369
3800 67.967 68.1375
3801 67.967 68.2268
3802 67.967 68.0162
3803 67.967 67.9878
3804 67.967 68.0442
3805 67.967 68.3761
3806 67.967 68.1055
3807 67.967 68.0211
3808 67.967 68.0423
3809 67.967 68.0358
3810 67.967 68.1744
3811 67.967 68.0326
3812 67.967 68.0795
3813 67.967 68.1352
3814 67.967 68.0476
3815 67.967 68.0109
3816 67.967 67.967
3817 67.967 67.967
3818 67.967 67.967
3819 67.967 68.01
3820 67.967 67.9761
3821 67.967 67.967
3822 67.967 68.0148
3823 67.967 67.9785
3824 67.967 67.967
3825 67.967 67.967
3826 67.967 67.967
3827 67.967 68.1401
3828 67.967 67.967
3829 67.967 67.967
3830 67.967 67.967
3831 67.967 68.0849
3832 67.967 67.9935
3833 67.967 68.0028
3834 67.967 68.1796
3835 67.967 68.2545
3836 67.967 68.0548
3837 67.967 68.107
3838 67.967 68.039
3839 67.967 67.967
3840 67.967 67.967
3841 67.967 67.967
3842 67.967 68.2094
3843 67.967 68.2393
3844 67.967 68.0544
3845 67.967 67.97
3846 67.967 67.9842
3847 67.967 67.967
3848 67.967 67.9718
3849 67.967 68.0778
3850 67.967 68.008
3851 67.967 68.0312
3852 67.967 68.1149
3853 67.967 68.0231
3854 67.967 68.0803
3855 67.967 68.062
3856 67.967 67.9705
3857 67.967 68.003
3858 67.967 68.0352
3859 67.967 67.967
3860 67.967 68.0004
3861 67.967 67.967
3862 67.967 67.967
3863 67.967 67.967
3864 67.967 68.0718
3865 67.967 68.1655
3866 67.967 68.1487
3867 67.967 68.2577
3868 67.967 68.0767
3869 67.967 67.9972
3870 67.967 68.0158
3871 67.967 68.0556
3872 67.967 68.0404
3873 67.967 68.0407
3874 67.967 67.9681
3875 67.967 67.9907
3876 67.967 68.0374
3877 67.967 67.967
3878 67.967 68.0879
3879 67.967 67.9976
3880 67.967 67.9679
3881 67.967 67.9709
3882 67.967 67.9893
3883 67.967 68.0173
3884 67.967 68.1229
3885 67.967 68.0888
3886 67.967 68.0413
3887 67.967 68.0431
3888 67.967 67.9804
3889 67.967 68.0303
3890 67.967 68.0081
3891 67.967 68.0174
3892 67.967 68.0361
3893 67.967 68.0039
3894 67.967 67.9678
3895 67.967 67.987
3896 67.967 67.9688
3897 67.967 67.967
3898 67.967 67.979
3899 67.967 68.0346
3900 67.967 67.9901
3901 67.967 68.0351
3902 67.967 67.9932
3903 67.967 68.0336
3904 67.967 68.0227
3905 67.967 68.0562
3906 67.967 67.967
3907 67.967 68.1869
3908 67.967 67.9704
3909 67.967 67.9976
3910 67.967 68.0487
3911 67.967 67.967
3912 67.967 67.9949
3913 67.967 67.9851
3914 67.967 67.967
3915 67.967 67.967
3916 67.967 67.9671
3917 67.967 67.9678
3918 67.967 68.0245
3919 67.967 68.1114
3920 67.967 68.0266
3921 67.967 68.0568
3922 67.967 68.0033
3923 67.967 67.967
3924 67.967 67.9736
3925 67.967 67.967
3926 67.967 68.0393
3927 67.967 67.967
3928 67.967 68.0071
3929 67.967 68.0453
3930 67.967 67.9749
3931 67.967 68.0061
3932 67.967 68.1914
3933 67.967 67.967
3934 67.967 68.0397
3935 67.967 67.9759
3936 67.967 68.0204
3937 67.967 68.0369
3938 67.967 68.0064
3939 67.967 67.9745
3940 67.967 67.968
3941 67.967 67.9813
3942 67.967 68.0438
3943 67.967 67.9741
3944 67.967 67.972
3945 67.967 67.967
3946 67.967 67.967
3947 67.967 67.967
3948 67.967 67.967
3949 67.967 67.998
3950 67.967 68.0612
3951 67.967 68.001
3952 67.967 67.967
3953 67.967 68.0605
3954 67.967 68.0202
3955 67.967 67.9914
3956 67.967 68.1198
3957 67.967 68.2352
3958 67.967 67.9939
3959 67.967 67.967
3960 67.967 67.967
3961 67.967 67.967
3962 67.967 68.0406
3963 67.967 68.169
3964 67.967 68.1297
3965 67.967 68.1407
3966 67.967 68.0939
3967 67.967 67.9778
3968 67.967 67.967
3969 67.967 67.9744
3970 67.967 68.2836
3971 67.967 68.1926
3972 67.967 68.1731
3973 67.967 67.981
3974 67.967 68.0171
3975 67.967 68.283
3976 67.967 68.1428
3977 67.967 68.1998
3978 67.967 67.973
3979 67.967 68.0287
3980 67.967 68.0838
3981 67.967 68.0055
3982 67.967 67.967
3983 67.967 68.2247
3984 67.967 68.341
3985 67.967 68.1631
3986 67.967 67.967
3987 67.967 68.0609
3988 67.967 67.9846
3989 67.967 68.0322
3990 67.967 68.1299
3991 67.967 67.9677
3992 67.967 68.0744
3993 67.967 68.0215
3994 67.967 67.9959
3995 67.967 68.0081
3996 67.967 67.9957
3997 67.967 67.967
3998 67.967 67.994
3999 67.967 67.9739
