0 424.848 461.301
1 401.775 437.637
2 393.205 421.462
3 387.498 406.393
4 375.939 395.946
5 365.468 388.776
6 358.774 380.326
7 352.991 369.939
8 348.04 363.091
9 342.488 356.494
10 337.558 349.996
11 330.916 343.334
12 322.647 337.451
13 318.055 330.191
14 303.398 323.941
15 298.921 316.43
16 296.485 307.227
17 291.887 301.143
18 287.63 297.025
19 282.188 293.37
20 274.997 288.508
21 273.238 284.063
22 268.617 279.716
23 261.779 275.796
24 257.693 269.575
25 253.693 264.39
26 252.364 259.984
27 246.683 256.494
28 244.297 254.007
29 238.217 251.649
30 234.495 245.981
31 229.044 240.882
32 218.996 236.161
33 212.771 230.023
34 207.76 221.899
35 206.883 216.828
36 201.034 212.041
37 196.615 207.367
38 193.368 202.731
39 193.368 199.629
40 191.438 196.998
41 187.776 194.859
42 186.402 192.735
43 184.59 189.831
44 183.607 188.095
45 182.999 186.63
46 181.224 186.378
47 180.2 185.473
48 179.427 183.201
49 174.564 181.396
50 173.705 179.528
51 172.071 176.893
52 170.79 175.03
53 169.084 173.745
54 166.169 172.082
55 165.09 170.298
56 164.019 167.738
57 163.816 166.714
58 163.092 165.777
59 161.81 164.388
60 160.52 163.132
61 159.113 162.066
62 158.221 161.227
63 158.005 160.208
64 157.257 159.226
65 155.116 158.655
66 154.359 158.315
67 152.49 157.237
68 152.49 156.169
69 151.101 154.326
70 149.814 152.73
71 147.936 151.616
72 146.617 150.04
73 143.998 148.867
74 142.974 147.231
75 141.941 145.816
76 139.896 143.945
77 138.749 142.849
78 132.92 141.241
79 131.172 138.818
80 130.025 136.013
81 130.025 133.011
82 129.181 132.191
83 129.147 131.082
84 128.735 130.785
85 128.551 130.094
86 128.096 129.479
87 128.061 129.729
88 126.81 129.076
89 126.81 129.063
90 125.892 128.008
91 125.068 127.127
92 124.15 126.475
93 122.84 125.491
94 122.84 124.598
95 122.37 123.667
96 121.938 123.209
97 120.849 122.717
98 120.436 122.149
99 119.347 121.908
100 118.334 121.045
101 117.842 120.667
102 117.706 119.397
103 117.467 118.778
104 116.067 118.022
105 115.839 117.536
106 115.324 116.819
107 115.324 116.369
108 114.748 115.782
109 114.005 115.454
110 112.956 114.947
111 112.956 114.678
112 112.713 113.723
113 111.665 113.303
114 110.762 112.585
115 109.945 111.986
116 109.769 111.337
117 108.82 110.578
118 108.82 110.834
119 108.474 111.07
120 107.979 110.297
121 107.979 109.376
122 107.634 109.351
123 107.184 108.596
124 107.184 108.402
125 107.184 107.697
126 106.575 107.513
127 106.217 107.214
128 105.29 106.892
129 105.29 106.431
130 105.29 105.959
131 104.971 105.559
132 104.579 105.465
133 104.578 105.281
134 104.521 105.212
135 103.316 105.108
136 103.22 104.989
137 102.742 104.616
138 101.62 104.12
139 101.303 104.032
140 101.303 102.905
141 101.226 102.087
142 99.5031 101.519
143 98.5397 101.191
144 97.4818 100.306
145 96.438 99.3244
146 95.632 98.238
147 94.7323 96.9571
148 94.7323 96.2999
149 94.3823 95.5146
150 94.1543 95.1692
151 94.1543 94.8217
152 93.8524 94.5516
153 93.7734 94.2167
154 93.7734 93.9791
155 93.7734 93.9241
156 93.1243 93.8398
157 93.1243 93.6662
158 92.6838 93.5554
159 92.6838 93.2398
160 92.6838 93.0529
161 91.8202 92.8741
162 91.8202 92.7842
163 91.815 92.3851
164 91.7385 92.2466
165 91.0056 92.1745
166 90.7528 92.0792
167 90.7524 91.6117
168 90.7524 91.3733
169 90.7524 91.0481
170 90.3913 90.8859
171 89.5576 90.7007
172 89.1483 90.4584
173 89.1483 90.0662
174 89.1483 89.7459
175 89.1483 89.4663
176 88.5871 89.4508
177 88.5871 89.2261
178 88.265 88.9588
179 88.265 88.6673
180 88.2171 88.4383
181 87.8579 88.3171
182 87.8016 88.4411
183 87.0724 88.2241
184 86.8145 87.8958
185 86.6424 87.4337
186 86.6424 87.1493
187 86.6424 86.9227
188 86.6424 86.8119
189 86.5554 86.7359
190 86.5554 86.7468
191 86.5202 86.642
192 85.7792 86.6094
193 85.7792 86.532
194 85.1147 86.1961
195 85.1147 85.8355
196 85.1147 85.5101
197 84.5861 85.2436
198 84.579 85.1669
199 84.2287 84.9125
200 84.1967 84.7377
201 83.6548 84.4923
202 83.1727 84.26
203 83.1118 83.9504
204 82.545 83.5918
205 82.545 83.5158
206 82.545 83.0002
207 81.6975 82.8611
208 81.6975 82.6942
209 80.4778 82.2494
210 80.072 82.1927
211 80.072 81.9731
212 80.072 81.7914
213 80.0134 80.5472
214 80.0134 80.1009
215 79.6711 80.1048
216 79.6711 80.0064
217 79.6711 79.9162
218 79.6711 79.7624
219 79.6711 79.7506
220 79.6711 79.7462
221 79.6711 79.7011
222 79.6711 79.7376
223 78.7763 79.8414
224 78.736 79.5943
225 78.736 79.1975
226 78.5476 78.97
227 78.5476 78.9076
228 78.5476 78.7606
229 78.5476 78.6153
230 78.5476 78.6081
231 78.5476 78.6021
232 78.5476 78.6183
233 78.54 78.5476
234 78.54 78.5464
235 78.54 78.5498
236 78.54 78.5416
237 78.54 78.5412
238 78.54 78.5934
239 78.54 78.5675
240 78.54 78.5888
241 78.54 78.5552
242 78.54 78.651
243 78.3085 78.539
244 78.3085 78.5524
245 78.3085 78.6001
246 78.3085 78.5731
247 78.3085 78.5812
248 77.9377 78.4026
249 77.8485 78.3777
250 77.4776 78.1825
251 77.4776 77.9156
252 77.4764 77.7883
253 77.4764 77.6035
254 77.4764 77.6282
255 77.4764 77.6101
256 77.4205 77.4941
257 77.4205 77.5691
258 77.4205 77.5178
259 77.0796 77.4856
260 77.0796 77.3712
261 76.6843 77.3291
262 76.6843 77.139
263 76.6843 76.8797
264 76.6843 76.7313
265 76.6843 76.8111
266 76.6843 76.7459
267 76.6843 76.7663
268 76.1728 76.8304
269 75.9951 76.7974
270 75.9951 76.5709
271 75.9951 76.2273
272 75.6175 76.3729
273 75.6175 76.1332
274 75.6175 75.9392
275 75.6175 75.7972
276 75.6175 75.6678
277 75.5145 75.63
278 75.5145 75.6041
279 75.5145 75.6428
280 75.5145 75.5565
281 75.5145 75.6901
282 75.5145 75.5859
283 75.4748 75.5386
284 75.4748 75.5089
285 75.4748 75.5873
286 75.4748 75.6743
287 75.1053 75.7589
288 75.105 75.6142
289 75.105 75.2987
290 74.7147 75.2687
291 74.7147 75.0834
292 74.7147 74.9389
293 74.5977 74.786
294 74.5977 74.808
295 74.5977 74.7512
296 74.5977 74.624
297 74.5977 74.606
298 74.5977 74.6195
299 74.5977 74.6254
300 74.5977 74.7348
301 74.5977 74.611
302 74.3036 74.8952
303 74.0303 74.5889
304 74.0303 74.3935
305 74.0303 74.2159
306 73.2044 74.1941
307 73.2044 74.4863
308 73.2044 74.8962
309 72.6081 74.2139
310 72.6081 74.3291
311 72.6081 74.2041
312 72.6081 73.7994
313 72.6081 73.1433
314 72.6081 73.0644
315 72.4694 72.9548
316 72.4694 72.886
317 72.4694 72.5352
318 72.4694 72.5711
319 72.4694 72.7917
320 72.4694 72.6505
321 72.4694 72.5069
322 72.4694 72.5095
323 72.4694 72.568
324 72.4694 72.4694
325 72.2658 72.4719
326 72.2658 72.6075
327 72.2658 72.4969
328 72.2658 72.4071
329 72.1003 72.2741
330 71.8964 72.2485
331 71.7309 72.1533
332 71.7309 72.0908
333 70.9473 71.8305
334 70.9473 71.6445
335 70.9473 71.3106
336 70.9473 71.0471
337 70.9473 70.986
338 70.5586 70.9451
339 70.5586 70.9083
340 70.5586 70.7721
341 70.5586 70.7576
342 70.5586 70.8461
343 70.5586 70.5586
344 70.5586 70.5606
345 70.2107 70.5807
346 70.2107 70.6529
347 70.2107 70.9086
348 70.2107 70.5311
349 70.2107 70.6563
350 70.2107 70.2622
351 70.2107 70.2408
352 70.2107 70.2758
353 70.2107 70.2107
354 70.2107 70.2107
355 70.2107 70.2107
356 70.2107 70.2152
357 70.2107 70.2399
358 70.2107 70.3919
359 70.2107 70.2289
360 70.2107 70.2382
361 70.2107 70.2497
362 70.2107 70.2107
363 70.2107 70.223
364 70.2107 70.2107
365 70.2107 70.2115
366 70.2107 70.2354
367 70.2107 70.2401
368 70.2107 70.3284
369 70.2107 70.3482
370 70.2107 70.3146
371 70.2107 70.5936
372 70.2107 70.235
373 70.2107 70.2132
374 70.2107 70.304
375 70.2107 70.3945
376 70.2107 70.4877
377 70.2107 70.3277
378 70.2107 70.3721
379 70.2107 70.2667
380 70.2107 70.2755
381 70.2107 70.2164
382 70.2107 70.2107
383 70.2107 70.2107
384 70.2107 70.2107
385 70.0499 70.2103
386 70.0499 70.2006
387 69.4049 70.9898
388 69.4049 70.4928
389 69.4049 70.8206
390 69.3922 70.0143
391 69.3922 69.6029
392 68.9135 69.6438
393 68.9135 69.5327
394 68.9135 69.1897
395 68.7562 69.1305
396 68.7562 68.9531
397 68.7562 69.2388
398 68.7562 68.8392
399 68.7562 68.8519
400 68.7497 68.8779
401 68.7497 68.9651
402 68.1993 69.0249
403 68.1993 68.6657
404 68.1993 68.4968
405 68.1993 68.3407
406 68.1993 68.2266
407 68.1993 68.2259
408 68.1993 68.2794
409 68.1811 68.2644
410 68.1811 68.4172
411 68.1811 68.5182
412 68.1811 68.4927
413 68.1811 68.2448
414 68.1811 68.1897
415 68.1811 68.1813
416 68.1811 68.1843
417 68.1811 68.2049
418 68.1811 68.2678
419 68.1811 68.1811
420 68.1811 68.1811
421 68.1811 68.2245
422 68.1811 68.2596
423 68.1811 68.4817
424 68.1811 68.2161
425 68.1811 68.1811
426 68.1811 68.1829
427 68.1811 68.1814
428 68.1811 68.1825
429 68.1811 68.2692
430 68.1811 68.2375
431 68.1811 68.1811
432 68.1811 68.4426
433 68.1811 68.665
434 68.1811 68.2577
435 68.1811 68.2443
436 68.1811 68.2225
437 68.1811 68.2083
438 68.1811 68.1811
439 68.1811 68.1868
440 68.1811 68.1811
441 68.1811 68.1811
442 68.1811 68.1811
443 68.1811 68.2824
444 68.1811 68.2643
445 68.1811 68.3194
446 68.1811 68.2971
447 68.1811 68.1925
448 68.1811 68.1811
449 68.1811 68.3139
450 68.1811 68.4042
451 68.1811 68.2108
452 68.1811 68.3957
453 68.1811 68.5056
454 68.1811 68.1811
455 68.1811 68.3068
456 68.1811 68.2007
457 68.1811 68.1818
458 68.1811 68.2143
459 68.1811 68.1811
460 68.1811 68.1841
461 68.1811 68.2414
462 68.1811 68.1811
463 68.1811 68.2635
464 68.1811 68.1958
465 68.1811 68.2671
466 68.1811 68.2464
467 68.1811 68.2342
468 68.1811 68.1971
469 68.1811 68.1811
470 68.1811 68.1811
471 68.1811 68.208
472 68.1811 68.2914
473 68.1811 68.2153
474 68.1811 68.2161
475 68.1811 68.1964
476 68.1811 68.3396
477 68.1811 68.6329
478 68.1811 68.4429
479 68.1811 68.4968
480 68.1811 68.3297
481 68.1811 68.3057
482 68.1811 68.2088
483 68.1811 68.209
484 68.1811 68.2719
485 68.1811 68.1811
486 68.1811 68.1989
487 68.1811 68.1811
488 68.1811 68.279
489 68.1811 68.3306
490 68.1811 68.3704
491 68.1811 68.4691
492 68.1811 68.2068
493 68.1811 68.2205
494 68.1811 68.2752
495 68.1811 68.19
496 68.1811 68.1811
497 68.1811 68.1984
498 68.1811 68.2018
499 68.1811 68.1811
500 68.1811 68.2152
501 68.1811 68.2805
502 68.1811 68.2396
503 68.1811 68.4062
504 68.1811 68.41
505 68.1811 68.2829
506 68.1811 68.2763
507 68.1811 68.1811
508 68.1811 68.3777
509 68.1811 68.191
510 68.1811 68.1811
511 68.1811 68.1811
512 68.1811 68.1811
513 68.1811 68.1811
514 68.1811 68.1811
515 68.1811 68.2413
516 68.1811 68.1846
517 68.1811 68.2351
518 68.1811 68.1992
519 68.1811 68.2075
520 68.1811 68.1875
521 68.1811 68.1811
522 68.1811 68.199
523 68.1811 68.2141
524 68.1811 68.1811
525 68.1811 68.2549
526 68.1811 68.2459
527 68.1811 68.3074
528 68.1811 68.7634
529 68.1811 68.2689
530 68.1811 68.2158
531 68.1811 68.2383
532 68.1811 68.2051
533 68.1811 68.1864
534 68.1811 68.1811
535 68.1811 68.1811
536 68.1811 68.2157
537 68.1811 68.2004
538 68.1811 68.1919
539 68.1811 68.438
540 68.1811 68.4423
541 68.1811 68.245
542 68.1811 68.26
543 68.1811 68.1969
544 68.1811 68.2289
545 68.1811 68.1811
546 68.1811 68.1811
547 68.1811 68.2104
548 68.1811 68.2392
549 68.1811 68.2485
550 68.1811 68.2118
551 68.1811 68.3461
552 68.1811 68.2704
553 68.1811 68.2319
554 68.1811 68.1811
555 68.1811 68.1811
556 68.1811 68.2007
557 68.1811 68.1811
558 68.1811 68.1811
559 68.1811 68.23
560 68.1811 68.5149
561 68.1811 68.2312
562 68.1811 68.1949
563 68.1811 68.1811
564 68.1811 68.1996
565 68.1811 68.3516
566 68.1811 68.2865
567 68.1811 68.2294
568 68.1811 68.4521
569 68.1811 68.3518
570 68.1811 68.1847
571 68.1811 68.3788
572 68.1811 68.1811
573 68.1811 68.1811
574 68.1811 68.2055
575 68.1811 68.1811
576 68.1811 68.1979
577 68.1811 68.2441
578 68.1811 68.2394
579 68.1811 68.2692
580 68.1811 68.1811
581 68.1811 68.3009
582 68.1811 68.1811
583 68.1811 68.1811
584 68.1811 68.2513
585 68.1811 68.2847
586 68.1811 68.3455
587 68.1811 68.1953
588 68.1811 68.2393
589 68.1811 68.3843
590 68.1811 68.4186
591 68.1811 68.2676
592 68.1811 68.4168
593 68.1811 68.371
594 68.1811 68.4754
595 68.1811 68.1921
596 68.1811 68.3243
597 68.1811 68.2228
598 68.1811 68.1929
599 68.1811 68.1864
600 68.1811 68.1863
601 68.1811 68.3083
602 68.1811 68.1972
603 68.1811 68.57
604 68.1811 68.3086
605 68.1811 68.2963
606 68.1811 68.1883
607 68.1811 68.3149
608 68.1811 68.5461
609 68.1811 68.3735
610 68.1811 68.4484
611 68.1811 68.2434
612 68.1811 68.2377
613 68.1811 68.4084
614 68.1811 68.1873
615 68.1811 68.1811
616 68.1811 68.1811
617 68.1811 68.3341
618 68.1811 68.2245
619 68.1811 68.3245
620 68.1811 68.3102
621 68.1811 68.1911
622 68.1811 68.224
623 68.1811 68.1825
624 68.1811 68.2547
625 68.1811 68.394
626 68.1811 68.2023
627 68.1811 68.2071
628 68.1811 68.2133
629 68.1811 68.1811
630 68.1811 68.2413
631 68.1811 68.3089
632 68.1811 68.2594
633 68.1811 68.1874
634 68.1811 68.1825
635 68.1811 68.2904
636 68.1811 68.1811
637 68.1811 68.1988
638 68.1811 68.2128
639 68.1811 68.2828
640 68.1811 68.4336
641 68.1811 68.5391
642 68.1811 68.3664
643 68.1811 68.2463
644 68.1811 68.2142
645 68.1811 68.3696
646 68.1811 68.2555
647 68.1811 68.2266
648 68.1811 68.1834
649 68.1811 68.194
650 68.1811 68.196
651 68.1811 68.2625
652 68.1811 68.72
653 68.1811 68.4456
654 68.1811 68.2624
655 68.1811 68.2183
656 68.1811 68.1918
657 68.1811 68.1811
658 68.1811 68.2463
659 68.1811 68.2476
660 68.1811 68.1926
661 68.1811 68.208
662 68.1811 68.2245
663 68.1811 68.5195
664 68.1811 68.3755
665 68.1811 68.2219
666 68.1811 68.1823
667 68.1811 68.2398
668 68.1811 68.2209
669 68.1811 68.2285
670 68.1811 68.2932
671 68.1811 68.2375
672 68.1811 68.1907
673 68.1811 68.1811
674 68.1811 68.205
675 68.1811 68.3917
676 68.1811 68.5074
677 68.1811 68.2209
678 68.1811 68.1811
679 68.1811 68.1811
680 68.1811 68.2193
681 68.1811 68.19
682 68.1811 68.2067
683 68.1811 68.1824
684 68.1811 68.3821
685 68.1811 68.4644
686 68.1811 68.1811
687 68.1811 68.2581
688 68.1811 68.2542
689 68.1811 68.1811
690 68.1811 68.3179
691 68.1811 68.1981
692 68.1811 68.2152
693 68.1811 68.1811
694 68.1811 68.1811
695 68.1811 68.1857
696 68.1811 68.1811
697 68.1811 68.1811
698 68.1811 68.1977
699 68.1811 68.1833
700 68.1811 68.4224
701 68.1811 68.2617
702 68.1811 68.1984
703 68.1811 68.3428
704 68.1811 68.4522
705 68.1811 68.2457
706 68.1811 68.2252
707 68.1811 68.2006
708 68.1811 68.2052
709 68.1811 68.262
710 68.1811 68.1992
711 68.1811 68.1812
712 68.1811 68.1821
713 68.1811 68.2146
714 68.1811 68.1839
715 68.1811 68.1957
716 68.1811 68.1811
717 68.1811 68.2348
718 68.1811 68.1981
719 68.1811 68.2321
720 68.1811 68.1815
721 68.1811 68.2116
722 68.1811 68.1998
723 68.1811 68.3123
724 68.1811 68.2669
725 68.1811 68.3404
726 68.1811 68.3308
727 68.1811 68.2821
728 68.1811 68.1847
729 68.1811 68.1811
730 68.1811 68.1811
731 68.1811 68.3289
732 68.1811 68.2317
733 68.1811 68.2211
734 68.1811 68.332
735 68.1811 68.3137
736 68.1811 68.2059
737 68.1811 68.1811
738 68.1811 68.1811
739 68.1811 68.1811
740 68.1811 68.1824
741 68.1811 68.1811
742 68.1811 68.1949
743 68.1811 68.1897
744 68.1811 68.308
745 68.1811 68.2787
746 68.1811 68.2625
747 68.1811 68.2625
748 68.1811 68.2326
749 68.1811 68.2381
750 68.1811 68.2759
751 68.1811 68.2577
752 68.1811 68.1938
753 68.1811 68.201
754 68.1811 68.1811
755 68.1811 68.1811
756 68.1811 68.1811
757 68.1811 68.2304
758 68.1811 68.2549
759 68.1811 68.2537
760 68.1811 68.1941
761 68.1811 68.1811
762 68.1811 68.1811
763 68.1811 68.2811
764 68.1811 68.355
765 68.1811 68.6252
766 68.1811 68.4881
767 68.1811 68.2942
768 68.1811 68.2932
769 68.1811 68.1811
770 68.1811 68.1942
771 68.1811 68.2264
772 68.1811 68.37
773 68.1811 68.3579
774 68.1811 68.2733
775 68.1811 68.1823
776 68.1811 68.2012
777 68.1811 68.4224
778 68.1811 68.1811
779 68.1811 68.2798
780 68.1811 68.2549
781 68.1811 68.1898
782 68.1811 68.2193
783 68.1811 68.1823
784 68.1811 68.191
785 68.1811 68.1811
786 68.1811 68.1811
787 68.1811 68.1819
788 68.1811 68.2505
789 68.1811 68.3693
790 68.1811 68.2582
791 68.1811 68.219
792 68.1811 68.2149
793 68.1811 68.1811
794 68.1811 68.1937
795 68.1811 68.1811
796 68.1811 68.3203
797 68.1811 68.4095
798 68.1811 68.2243
799 68.1811 68.2061
800 68.1811 68.2196
801 68.1811 68.2377
802 68.1811 68.1811
803 68.1811 68.1817
804 68.1811 68.1922
805 68.1811 68.2194
806 68.1811 68.189
807 68.1811 68.1811
808 68.1811 68.3314
809 68.1811 68.3657
810 68.1811 68.4623
811 68.1811 68.2324
812 68.1811 68.1856
813 68.1811 68.2038
814 68.1811 68.1844
815 68.1811 68.2882
816 68.1811 68.3385
817 68.1811 68.2565
818 68.1811 68.2242
819 68.1811 68.2177
820 68.1811 68.1817
821 68.1811 68.254
822 68.1811 68.5188
823 68.1811 68.3318
824 68.1811 68.2189
825 68.1811 68.1811
826 68.1811 68.1874
827 68.1811 68.1811
828 68.1811 68.2086
829 68.1811 68.3572
830 68.1811 68.3198
831 68.1811 68.3116
832 68.1811 68.2052
833 68.1811 68.1884
834 68.1811 68.3822
835 68.1811 68.1811
836 68.1811 68.1811
837 68.1811 68.2295
838 68.1811 68.3207
839 68.1811 68.185
840 68.1811 68.2007
841 68.1811 68.1884
842 68.1811 68.1948
843 68.1811 68.2254
844 68.1811 68.2762
845 68.1811 68.1876
846 68.1811 68.1944
847 68.1811 68.1837
848 68.1811 68.2064
849 68.1811 68.3664
850 68.1811 68.2001
851 68.1811 68.1811
852 68.1811 68.184
853 68.1811 68.3974
854 68.1811 68.2831
855 68.1811 68.2251
856 68.1811 68.1811
857 68.1811 68.1811
858 68.1811 68.1999
859 68.1811 68.1811
860 68.1811 68.2232
861 68.1811 68.5923
862 68.1811 68.3945
863 68.1811 68.378
864 68.1811 68.2499
865 68.1811 68.2244
866 68.1811 68.1811
867 68.1811 68.1811
868 68.1811 68.1811
869 68.1811 68.1811
870 68.1811 68.1811
871 68.1811 68.2223
872 68.1811 68.2949
873 68.1811 68.2009
874 68.1811 68.1811
875 68.1811 68.1997
876 68.1811 68.4044
877 68.1811 68.2588
878 68.1811 68.1934
879 68.1811 68.2198
880 68.1811 68.2693
881 68.1811 68.3717
882 68.1811 68.2088
883 68.1811 68.1811
884 68.1811 68.1811
885 68.1811 68.2324
886 68.1811 68.3462
887 68.1811 68.3489
888 68.1811 68.4455
889 68.1811 68.3677
890 68.1811 68.1902
891 68.1811 68.2606
892 68.1811 68.2839
893 68.1811 68.2682
894 68.1811 68.1936
895 68.1811 68.2003
896 68.1811 68.2513
897 68.1811 68.2881
898 68.1811 68.5888
899 68.1811 68.2169
900 68.1811 68.2138
901 68.1811 68.2648
902 68.1811 68.279
903 68.1811 68.2873
904 68.1811 68.3827
905 68.1811 68.239
906 68.1811 68.1811
907 68.1811 68.1905
908 68.1811 68.3761
909 68.1811 68.2071
910 68.1811 68.196
911 68.1811 68.2511
912 68.1811 68.3803
913 68.1811 68.2945
914 68.1811 68.3158
915 68.1811 68.3429
916 68.1811 68.3058
917 68.1811 68.2777
918 68.1811 68.2768
919 68.1811 68.4333
920 68.1811 68.1818
921 68.1811 68.1917
922 68.1811 68.238
923 68.1811 68.2183
924 68.1811 68.19
925 68.1811 68.2825
926 68.1811 68.3733
927 68.1811 68.3216
928 68.1811 68.231
929 68.1811 68.1811
930 68.1811 68.1938
931 68.1811 68.2016
932 68.1811 68.1851
933 68.1811 68.1909
934 68.1811 68.1811
935 68.1811 68.1901
936 68.1811 68.2319
937 68.1811 68.4533
938 68.1811 68.3233
939 68.1811 68.3639
940 68.1811 68.1811
941 68.1811 68.2216
942 68.1811 68.1811
943 68.1811 68.1979
944 68.1811 68.3305
945 68.1811 68.2826
946 68.1811 68.3311
947 68.1811 68.5278
948 68.1811 68.406
949 68.1811 68.3682
950 68.1811 68.3572
951 68.1811 68.2602
952 68.1811 68.1811
953 68.1811 68.1856
954 68.1811 68.2622
955 68.1811 68.1811
956 68.1811 68.1811
957 68.1811 68.1811
958 68.1811 68.2483
959 68.1811 68.4045
960 68.1811 68.5167
961 68.1811 68.4712
962 68.1811 68.2591
963 68.1811 68.2766
964 68.1811 68.2377
965 68.1811 68.202
966 68.1811 68.2962
967 68.1811 68.2435
968 68.1811 68.1811
969 68.1811 68.1828
970 68.1811 68.2732
971 68.1811 68.1849
972 68.1811 68.1811
973 68.1811 68.1811
974 68.1811 68.237
975 68.1811 68.1907
976 68.1811 68.1811
977 68.1811 68.1944
978 68.1811 68.1811
979 68.1811 68.184
980 68.1811 68.3106
981 68.1811 68.4683
982 68.1811 68.4906
983 68.1811 68.259
984 68.1811 68.2401
985 68.1811 68.1811
986 68.1811 68.1811
987 68.1811 68.1811
988 68.1811 68.1857
989 68.1811 68.1919
990 68.1811 68.2076
991 68.1811 68.2016
992 68.1811 68.1966
993 68.1811 68.2516
994 68.1811 68.3213
995 68.1811 68.1847
996 68.1811 68.1811
997 68.1811 68.1814
998 68.1811 68.1988
999 68.1811 68.2315
1000 68.1811 68.2178
1001 68.1811 68.2039
1002 68.1811 68.3343
1003 68.1811 68.4691
1004 68.1811 68.3151
1005 68.1811 68.1991
1006 68.1811 68.1811
1007 68.1811 68.2148
1008 68.1811 68.3587
1009 68.1811 68.5394
1010 68.1811 68.4841
1011 68.1811 68.2612
1012 68.1811 68.1958
1013 68.1811 68.2193
1014 68.1811 68.2517
1015 68.1811 68.2973
1016 68.1811 68.3562
1017 68.1811 68.2211
1018 68.1811 68.2847
1019 68.1811 68.3326
1020 68.1811 68.4816
1021 68.1811 68.2678
1022 68.1811 68.3661
1023 68.1811 68.3007
1024 68.1811 68.4563
1025 68.1811 68.2696
1026 68.1811 68.2872
1027 68.1811 68.4691
1028 68.1811 68.4902
1029 68.1811 68.2712
1030 68.1811 68.4251
1031 68.1811 68.3965
1032 68.1811 68.2542
1033 68.1811 68.3697
1034 68.1811 68.2872
1035 68.1811 68.2609
1036 68.1811 68.2887
1037 68.1811 68.1885
1038 68.1811 68.2508
1039 68.1811 68.3425
1040 68.1811 68.2743
1041 68.1811 68.3144
1042 68.1811 68.5251
1043 68.1811 68.461
1044 68.1811 68.3763
1045 68.1811 68.3316
1046 68.1811 68.2208
1047 68.1811 68.3305
1048 68.1811 68.2235
1049 68.1811 68.2108
1050 68.1811 68.1927
1051 68.1811 68.279
1052 68.1811 68.1811
1053 68.1811 68.1811
1054 68.1811 68.1811
1055 68.1811 68.2282
1056 68.1811 68.1811
1057 68.1811 68.2148
1058 68.1811 68.1811
1059 68.1811 68.256
1060 68.1811 68.1811
1061 68.1811 68.1847
1062 68.1811 68.2167
1063 68.1811 68.1811
1064 68.1811 68.1811
1065 68.1811 68.1811
1066 68.1811 68.1812
1067 68.1811 68.1811
1068 68.1811 68.1836
1069 68.1811 68.1811
1070 68.1811 68.1811
1071 68.1811 68.2076
1072 68.1811 68.1811
1073 68.1811 68.1822
1074 68.1811 68.1811
1075 68.1811 68.2754
1076 68.1811 68.2241
1077 68.1811 68.2828
1078 68.1811 68.3132
1079 68.1811 68.2834
1080 68.1811 68.2706
1081 68.1811 68.2847
1082 68.1811 68.1811
1083 68.1811 68.3188
1084 68.1811 68.3075
1085 68.1811 68.3128
1086 68.1811 68.2478
1087 68.1811 68.3559
1088 68.1811 68.1994
1089 68.1811 68.2849
1090 68.1811 68.2445
1091 68.1811 68.2408
1092 68.1811 68.3744
1093 68.1811 68.4067
1094 68.1811 68.3094
1095 68.1811 68.195
1096 68.1811 68.2554
1097 68.1811 68.1811
1098 68.1811 68.2807
1099 68.1811 68.3635
1100 68.1811 68.4199
1101 68.1811 68.1811
1102 68.1811 68.2226
1103 68.1811 68.2101
1104 68.1811 68.1957
1105 68.1811 68.2788
1106 68.1811 68.3786
1107 68.1811 68.2105
1108 68.1811 68.347
1109 68.1811 68.2046
1110 68.1811 68.2058
1111 68.1811 68.1811
1112 68.1811 68.1811
1113 68.1811 68.2505
1114 68.1811 68.3152
1115 68.1811 68.2021
1116 68.1811 68.2679
1117 68.1811 68.4639
1118 68.1811 68.7505
1119 68.1811 68.3526
1120 68.1811 68.3415
1121 68.1811 68.8007
1122 68.1811 68.5303
1123 68.1811 68.538
1124 68.1811 68.2261
1125 68.1811 68.2834
1126 68.1811 68.2005
1127 68.1811 68.1928
1128 68.1811 68.1811
1129 68.1811 68.1811
1130 68.1811 68.2503
1131 68.1811 68.4114
1132 68.1811 68.2947
1133 68.1811 68.2132
1134 68.1811 68.2105
1135 68.1811 68.2682
1136 68.1811 68.3001
1137 68.1811 68.2446
1138 68.1811 68.3133
1139 68.1811 68.332
1140 68.1811 68.2187
1141 68.1811 68.2275
1142 68.1811 68.2371
1143 68.1811 68.2008
1144 68.1811 68.1811
1145 68.1811 68.1811
1146 68.1811 68.1811
1147 68.1811 68.1811
1148 68.1811 68.1933
1149 68.1811 68.2981
1150 68.1811 68.1891
1151 68.1811 68.2056
1152 68.1811 68.3707
1153 68.1811 68.2993
1154 68.1811 68.2457
1155 68.1811 68.3201
1156 68.1811 68.2317
1157 68.1811 68.1811
1158 68.1811 68.1811
1159 68.1811 68.1984
1160 68.1811 68.2539
1161 68.1811 68.1911
1162 68.1811 68.3111
1163 68.1811 68.1866
1164 68.1811 68.2805
1165 68.1811 68.1924
1166 68.1811 68.2286
1167 68.1811 68.2267
1168 68.1811 68.2064
1169 68.1811 68.2437
1170 68.1811 68.2174
1171 68.1811 68.1896
1172 68.1811 68.3869
1173 68.1811 68.2839
1174 68.1811 68.1955
1175 68.1811 68.1881
1176 68.1811 68.1889
1177 68.1811 68.1811
1178 68.1811 68.3446
1179 68.1811 68.2798
1180 68.1811 68.2316
1181 68.1811 68.428
1182 68.1811 68.5025
1183 68.1811 68.4953
1184 68.1811 68.3034
1185 68.1811 68.2556
1186 68.1811 68.1836
1187 68.1811 68.1812
1188 68.1811 68.185
1189 68.1811 68.2152
1190 68.1811 68.1811
1191 68.1811 68.3306
1192 68.1811 68.3181
1193 68.1811 68.5261
1194 68.1811 68.3372
1195 68.1811 68.2413
1196 68.1811 68.2502
1197 68.1811 68.2318
1198 68.1811 68.2944
1199 68.1811 68.4681
1200 68.1811 68.4737
1201 68.1811 68.4733
1202 68.1811 68.2851
1203 68.1811 68.382
1204 68.1811 68.3104
1205 68.1811 68.3129
1206 68.1811 68.4305
1207 68.1811 68.3139
1208 68.1811 68.3823
1209 68.1811 68.2207
1210 68.1811 68.2018
1211 68.1811 68.182
1212 68.1811 68.1992
1213 68.1811 68.1864
1214 68.1811 68.1811
1215 68.1811 68.3291
1216 68.1811 68.2301
1217 68.1811 68.1811
1218 68.1811 68.2092
1219 68.1811 68.4637
1220 68.1811 68.3655
1221 68.1811 68.1811
1222 68.1811 68.1811
1223 68.1811 68.1883
1224 68.1811 68.4593
1225 68.1811 68.2985
1226 68.1811 68.1811
1227 68.1811 68.1811
1228 68.1811 68.1939
1229 68.1811 68.2619
1230 68.1811 68.2117
1231 68.1811 68.1925
1232 68.1811 68.1811
1233 68.1811 68.1847
1234 68.1811 68.2872
1235 68.1811 68.5184
1236 68.1811 68.4886
1237 68.1811 68.1892
1238 68.1811 68.2077
1239 68.1811 68.2027
1240 68.1811 68.254
1241 68.1811 68.331
1242 68.1811 68.1873
1243 68.1811 68.296
1244 68.1811 68.2654
1245 68.1811 68.2216
1246 68.1811 68.1827
1247 68.1811 68.1822
1248 68.1811 68.1811
1249 68.1811 68.1887
1250 68.1811 68.5525
1251 68.1811 68.5836
1252 68.1811 68.4323
1253 68.1811 68.1989
1254 68.1811 68.1834
1255 68.1811 68.2099
1256 68.1811 68.1811
1257 68.1811 68.1827
1258 68.1811 68.1899
1259 68.1811 68.2097
1260 68.1811 68.237
1261 68.1811 68.1812
1262 68.1811 68.1811
1263 68.1811 68.1811
1264 68.1811 68.1955
1265 68.1811 68.2743
1266 68.1811 68.2487
1267 68.1811 68.284
1268 68.1811 68.1811
1269 68.1811 68.1849
1270 68.1811 68.2155
1271 68.1811 68.1981
1272 68.1811 68.2612
1273 68.1811 68.1811
1274 68.1811 68.1986
1275 68.1811 68.2426
1276 68.1811 68.2102
1277 68.1811 68.2246
1278 68.1811 68.212
1279 68.1811 68.2757
1280 68.1811 68.5143
1281 68.1811 68.2989
1282 68.1811 68.2706
1283 68.1811 68.1931
1284 68.1811 68.3054
1285 68.1811 68.5201
1286 68.1811 68.2574
1287 68.1811 68.3458
1288 67.9739 68.211
1289 67.9739 68.1564
1290 67.9739 68.0907
1291 67.9739 68.038
1292 67.9739 67.9982
1293 67.9739 67.9773
1294 67.9739 67.9766
1295 67.9739 68.0108
1296 67.9739 68.1695
1297 67.9739 68.0534
1298 67.7229 68.0881
1299 67.7229 68.1006
1300 67.7229 67.8607
1301 67.7229 67.7662
1302 67.7229 67.777
1303 67.7229 67.7229
1304 67.7229 67.7229
1305 67.7229 67.724
1306 67.7229 67.7965
1307 67.7229 67.9573
1308 67.7229 67.7229
1309 67.7229 67.7992
1310 67.7229 67.7943
1311 67.7229 68.0177
1312 67.7229 67.8897
1313 67.7229 67.7417
1314 67.7229 67.7483
1315 67.7229 67.7229
1316 67.7229 67.7229
1317 67.7229 67.7229
1318 67.7229 67.7254
1319 67.7229 67.7837
1320 67.6281 67.8765
1321 67.6281 67.8125
1322 67.6281 67.87
1323 67.6281 67.9204
1324 67.6281 68.0041
1325 67.6281 67.6481
1326 67.6281 67.7138
1327 67.6281 67.6675
1328 67.6281 67.6793
1329 67.6281 67.7292
1330 67.6281 67.736
1331 67.6281 67.6648
1332 67.6281 67.6999
1333 67.6281 67.7116
1334 67.6281 67.6281
1335 67.6281 67.6281
1336 67.6281 67.6305
1337 67.6281 67.7982
1338 67.6281 67.8274
1339 67.6281 67.7877
1340 67.6281 67.6281
1341 67.6281 67.6366
1342 67.6281 67.6281
1343 67.6281 67.6281
1344 67.6281 67.6281
1345 67.6281 67.6696
1346 67.6281 67.7507
1347 67.6281 67.6316
1348 67.6281 67.6407
1349 67.6281 67.8463
1350 67.6281 67.734
1351 67.6281 67.8952
1352 67.6281 67.9342
1353 67.6281 67.9214
1354 67.6281 67.8982
1355 67.6281 67.6656
1356 67.6281 67.6699
1357 67.6281 67.822
1358 67.6281 67.7509
1359 67.6281 67.6985
1360 67.6281 67.6852
1361 67.6281 67.6535
1362 67.6281 67.6281
1363 67.6281 67.6297
1364 67.6281 67.6281
1365 67.6281 67.6281
1366 67.6281 67.6281
1367 67.6281 67.6445
1368 67.6281 67.6767
1369 67.6281 67.8657
1370 67.6281 67.7633
1371 67.6281 67.7331
1372 67.6281 67.8092
1373 67.6281 67.8016
1374 67.6281 67.7243
1375 67.6281 67.7012
1376 67.6281 67.6375
1377 67.6281 67.6693
1378 67.6281 67.6281
1379 67.6281 67.6448
1380 67.6281 67.6407
1381 67.6281 67.6746
1382 67.6281 67.6431
1383 67.6281 67.6717
1384 67.6281 67.7167
1385 67.6281 67.769
1386 67.6281 67.6596
1387 67.6281 67.6694
1388 67.6281 67.7412
1389 67.6281 67.7217
1390 67.6281 67.7794
1391 67.6281 67.6554
1392 67.6281 67.7141
1393 67.6281 67.6557
1394 67.6281 67.6511
1395 67.6281 67.6281
1396 67.6281 67.6281
1397 67.6281 67.6971
1398 67.6281 67.9401
1399 67.6281 67.6834
1400 67.6281 67.8548
1401 67.6281 67.7032
1402 67.6281 67.723
1403 67.6281 67.7535
1404 67.6281 67.9802
1405 67.6281 68.0033
1406 67.6281 67.8053
1407 67.6281 67.6621
1408 67.6281 67.6399
1409 67.6281 67.6867
1410 67.6281 67.6714
1411 67.6281 67.6683
1412 67.6281 67.6734
1413 67.6281 67.6281
1414 67.6281 67.6874
1415 67.6281 67.8546
1416 67.6281 67.8455
1417 67.6281 67.642
1418 67.6281 67.6281
1419 67.6281 67.6662
1420 67.6281 67.6348
1421 67.6281 67.8986
1422 67.6281 67.8095
1423 67.6281 67.6999
1424 67.6281 67.6367
1425 67.6281 67.7779
1426 67.6281 67.6558
1427 67.6281 67.6334
1428 67.6281 67.8463
1429 67.6281 67.6316
1430 67.6281 67.8423
1431 67.6281 67.7627
1432 67.6281 67.6502
1433 67.6281 67.6328
1434 67.6281 67.7259
1435 67.6281 67.7315
1436 67.6281 67.6292
1437 67.6281 67.6398
1438 67.6281 67.6281
1439 67.6281 67.6281
1440 67.6281 67.6281
1441 67.6281 67.6281
1442 67.6281 67.6289
1443 67.6281 67.6281
1444 67.6281 67.6281
1445 67.6281 67.6361
1446 67.6281 67.677
1447 67.6281 67.7229
1448 67.6281 67.6303
1449 67.6281 67.6511
1450 67.6281 67.6286
1451 67.6281 67.7254
1452 67.6281 67.6304
1453 67.6281 67.6281
1454 67.6281 67.7824
1455 67.6281 67.6733
1456 67.6281 67.8058
1457 67.6281 67.8167
1458 67.6281 67.8714
1459 67.6281 67.6479
1460 67.6281 67.6281
1461 67.6281 67.6596
1462 67.6281 67.6738
1463 67.6281 68.1877
1464 67.6281 67.9356
1465 67.6281 67.7095
1466 67.6281 67.6281
1467 67.6281 67.6281
1468 67.6281 67.6345
1469 67.6281 67.6281
1470 67.6281 67.6281
1471 67.6281 67.6389
1472 67.6281 67.7778
1473 67.6281 67.6281
1474 67.6281 67.6281
1475 67.6281 67.6281
1476 67.6281 67.6501
1477 67.6281 67.9433
1478 67.6281 67.66
1479 67.6281 67.6882
1480 67.6281 67.82
1481 67.6281 67.8292
1482 67.6281 67.68
1483 67.6281 67.7827
1484 67.6281 67.7219
1485 67.6281 67.7007
1486 67.6281 67.6865
1487 67.6281 67.6326
1488 67.6281 67.7519
1489 67.6281 67.9649
1490 67.6281 67.7336
1491 67.6281 67.6959
1492 67.6281 67.766
1493 67.6281 67.632
1494 67.6281 67.6377
1495 67.6281 67.6866
1496 67.6281 67.7357
1497 67.6281 67.6281
1498 67.6281 67.7214
1499 67.6281 67.649
1500 67.6281 67.6281
1501 67.6281 67.6281
1502 67.6281 67.6308
1503 67.6281 67.94
1504 67.6281 67.6624
1505 67.6281 67.7285
1506 67.6281 67.7186
1507 67.6281 67.7006
1508 67.6281 67.6302
1509 67.6281 67.6376
1510 67.6281 67.7195
1511 67.6281 67.9764
1512 67.6281 67.8516
1513 67.6281 67.7256
1514 67.6281 67.6281
1515 67.6272 67.7269
1516 67.6272 67.6279
1517 67.6272 67.6276
1518 67.6272 67.6274
1519 67.6272 67.6283
1520 67.6272 67.6289
1521 67.6272 67.7716
1522 67.6272 67.6517
1523 67.6272 67.6977
1524 67.6272 67.6542
1525 67.6272 67.7358
1526 67.6272 67.6729
1527 67.6109 67.628
1528 67.6109 67.8126
1529 67.6109 67.7374
1530 67.6109 67.8234
1531 67.6109 67.899
1532 67.6109 67.7689
1533 67.6109 67.6518
1534 67.6109 67.6109
1535 67.6109 67.6197
1536 67.6109 67.6297
1537 67.6109 67.712
1538 67.6109 67.6111
1539 67.6109 67.6109
1540 67.6109 67.6109
1541 67.6109 67.6347
1542 67.6109 67.7291
1543 67.6109 67.6463
1544 67.6109 67.7846
1545 67.6109 67.9797
1546 67.6109 68.378
1547 67.6109 67.7368
1548 67.6109 67.626
1549 67.6109 67.7769
1550 67.6109 67.6355
1551 67.6109 67.7543
1552 67.6109 67.7146
1553 67.6109 67.6663
1554 67.6109 67.8545
1555 67.6109 67.6109
1556 67.6109 67.9134
1557 67.6109 67.7236
1558 67.6109 67.71
1559 67.6109 67.6996
1560 67.6109 67.7938
1561 67.6109 67.6189
1562 67.6109 67.6796
1563 67.6109 67.679
1564 67.6109 67.6657
1565 67.6109 67.6332
1566 67.0879 67.6172
1567 67.0879 67.5997
1568 67.0879 67.4514
1569 67.0879 67.2358
1570 67.0879 67.2539
1571 67.0879 67.1225
1572 67.0879 67.2044
1573 67.0879 67.1746
1574 67.0879 67.179
1575 67.0879 67.0879
1576 67.0879 67.1823
1577 67.0879 67.3308
1578 67.0879 67.3577
1579 67.0879 67.1315
1580 67.0879 67.1286
1581 67.0879 67.0891
1582 67.0879 67.3255
1583 67.0879 67.1907
1584 67.0879 67.1127
1585 67.0879 67.0879
1586 67.0879 67.1159
1587 67.0879 67.096
1588 67.0879 67.0879
1589 67.0879 67.0879
1590 67.0879 67.0951
1591 67.0879 67.0951
1592 67.0879 67.1934
1593 67.0879 67.0879
1594 67.0879 67.098
1595 67.0879 67.0879
1596 67.0879 67.0879
1597 67.0879 67.0879
1598 67.0879 67.0879
1599 67.0879 67.1434
1600 67.0879 67.0946
1601 67.0879 67.2218
1602 67.0879 67.0879
1603 67.0879 67.0879
1604 67.0879 67.0907
1605 67.0879 67.3462
1606 67.0879 67.1851
1607 67.0879 67.1015
1608 67.0879 67.0879
1609 67.0879 67.0879
1610 67.0879 67.123
1611 67.0879 67.1243
1612 67.0879 67.2744
1613 67.0879 67.0977
1614 67.0879 67.1793
1615 67.0879 67.3366
1616 67.0879 67.222
1617 67.0879 67.4179
1618 67.0879 67.2679
1619 67.0879 67.1001
1620 67.0879 67.1098
1621 67.0879 67.2748
1622 67.0879 67.226
1623 67.0879 67.1226
1624 67.0879 67.0951
1625 67.0879 67.1477
1626 67.0879 67.1141
1627 67.0879 67.0879
1628 67.0879 67.0901
1629 67.0879 67.2197
1630 67.0879 67.1178
1631 67.0879 67.0892
1632 67.0879 67.0879
1633 67.0879 67.0879
1634 67.0879 67.0879
1635 67.0879 67.1361
1636 67.0879 67.0929
1637 67.0879 67.2312
1638 67.0879 67.2291
1639 67.0879 67.1412
1640 67.0879 67.1096
1641 67.0879 67.1929
1642 67.0879 67.1573
1643 67.0879 67.0879
1644 67.0879 67.191
1645 67.0879 67.0879
1646 67.0879 67.0997
1647 67.0879 67.0879
1648 67.0879 67.1112
1649 67.0879 67.112
1650 67.0879 67.0884
1651 67.0879 67.1431
1652 67.0879 67.0925
1653 67.0879 67.1401
1654 67.0879 67.0989
1655 67.0879 67.0953
1656 67.0879 67.1352
1657 67.0879 67.1101
1658 67.0879 67.2876
1659 67.0879 67.198
1660 67.0879 67.1572
1661 67.0879 67.1231
1662 67.0879 67.1227
1663 67.0879 67.0879
1664 67.0879 67.0879
1665 67.0879 67.0996
1666 67.0879 67.0881
1667 67.0879 67.0879
1668 67.0879 67.0879
1669 67.0879 67.0927
1670 67.0879 67.0879
1671 67.0879 67.0879
1672 67.0879 67.1197
1673 67.0879 67.117
1674 67.0879 67.0879
1675 67.0879 67.0879
1676 67.0879 67.1311
1677 67.0879 67.0997
1678 67.0879 67.0994
1679 67.0879 67.1278
1680 67.0879 67.0879
1681 67.0879 67.0995
1682 67.0879 67.1018
1683 67.0879 67.0879
1684 67.0879 67.135
1685 67.0879 67.2566
1686 67.0879 67.1834
1687 67.0879 67.0879
1688 67.0879 67.0879
1689 67.0879 67.0879
1690 67.0879 67.0951
1691 67.0879 67.1481
1692 67.0879 67.1654
1693 67.0879 67.221
1694 67.0879 67.0928
1695 67.0879 67.1783
1696 67.0879 67.0879
1697 67.0879 67.2878
1698 67.0879 67.156
1699 67.0879 67.1424
1700 67.0879 67.2326
1701 67.0879 67.2105
1702 67.0879 67.1149
1703 67.0879 67.1171
1704 67.0879 67.2346
1705 67.0879 67.2618
1706 67.0879 67.1528
1707 67.0879 67.1864
1708 67.0879 67.128
1709 67.0879 67.212
1710 67.0879 67.1112
1711 67.0879 67.0901
1712 67.0879 67.0879
1713 67.0879 67.1171
1714 67.0879 67.0943
1715 67.0879 67.1135
1716 67.0879 67.0879
1717 67.0879 67.1493
1718 67.0879 67.0879
1719 67.0879 67.0879
1720 67.0879 67.187
1721 67.0879 67.177
1722 67.0879 67.0879
1723 67.0879 67.1194
1724 67.0879 67.0943
1725 67.0879 67.1646
1726 67.0879 67.0881
1727 67.0879 67.1158
1728 67.0879 67.1328
1729 67.0879 67.118
1730 67.0879 67.1244
1731 67.0879 67.0929
1732 67.0879 67.093
1733 67.0879 67.1523
1734 67.0879 67.0879
1735 67.0879 67.0879
1736 67.0879 67.1778
1737 67.0879 67.6166
1738 67.0879 67.2919
1739 67.0879 67.2464
1740 67.0879 67.1296
1741 67.0879 67.109
1742 67.0879 67.1963
1743 67.0879 67.0879
1744 67.0879 67.1746
1745 67.0879 67.1333
1746 67.0879 67.1671
1747 67.0879 67.1299
1748 67.0879 67.2315
1749 67.0879 67.1952
1750 67.0879 67.1531
1751 67.0879 67.0879
1752 67.0879 67.0879
1753 67.0879 67.0879
1754 67.0879 67.0879
1755 67.0879 67.1363
1756 67.0879 67.1235
1757 67.0879 67.0964
1758 67.0879 67.0879
1759 67.0879 67.1164
1760 67.0879 67.1093
1761 67.0879 67.0879
1762 67.0879 67.0879
1763 67.0879 67.0879
1764 67.0879 67.1255
1765 67.0879 67.3297
1766 67.0879 67.272
1767 67.0879 67.1559
1768 67.0879 67.1281
1769 67.0879 67.1829
1770 67.0879 67.1347
1771 67.0879 67.1692
1772 67.0879 67.1603
1773 67.0879 67.0879
1774 67.0879 67.089
1775 67.0879 67.0879
1776 67.0879 67.0964
1777 67.0879 67.0879
1778 67.0879 67.0879
1779 67.0879 67.1776
1780 67.0879 67.1358
1781 67.0879 67.1249
1782 67.0879 67.0879
1783 67.0879 67.0879
1784 67.0879 67.0933
1785 67.0879 67.0967
1786 67.0879 67.1466
1787 67.0879 67.0893
1788 67.0879 67.1256
1789 67.0879 67.3454
1790 67.0879 67.1139
1791 67.0879 67.1306
1792 67.0879 67.0969
1793 67.0879 67.0879
1794 67.0879 67.0932
1795 67.0879 67.0895
1796 67.0879 67.0968
1797 67.0879 67.0879
1798 67.0879 67.0879
1799 67.0879 67.0879
1800 67.0879 67.2351
1801 67.0879 67.2721
1802 67.0879 67.3423
1803 67.0879 67.1225
1804 67.0879 67.1675
1805 67.0879 67.0879
1806 67.0879 67.0879
1807 67.0879 67.0879
1808 67.0879 67.0879
1809 67.0879 67.3073
1810 67.0879 67.2783
1811 67.0879 67.1238
1812 67.0879 67.1208
1813 67.0879 67.0879
1814 67.0879 67.2006
1815 67.0879 67.2144
1816 67.0879 67.1439
1817 67.0879 67.0879
1818 67.0879 67.0879
1819 67.0879 67.0879
1820 67.0879 67.1156
1821 67.0879 67.0933
1822 67.0879 67.1196
1823 67.0879 67.1387
1824 67.0879 67.156
1825 67.0879 67.1537
1826 67.0879 67.0879
1827 67.0879 67.1907
1828 67.0879 67.1272
1829 67.0879 67.0944
1830 67.0879 67.0979
1831 67.0879 67.0879
1832 67.0879 67.0894
1833 67.0879 67.1049
1834 67.0879 67.1346
1835 67.0879 67.1581
1836 67.0879 67.2017
1837 67.0879 67.1299
1838 67.0879 67.0883
1839 67.0879 67.1331
1840 67.0879 67.0879
1841 67.0879 67.088
1842 67.0879 67.1026
1843 67.0879 67.2334
1844 67.0879 67.1186
1845 67.0879 67.3527
1846 67.0879 67.3148
1847 67.0879 67.1034
1848 67.0879 67.136
1849 67.0879 67.1305
1850 67.0879 67.137
1851 67.0879 67.1043
1852 67.0879 67.179
1853 67.0879 67.2178
1854 67.0879 67.3305
1855 67.0879 67.2266
1856 67.0879 67.2542
1857 67.0879 67.1216
1858 67.0879 67.1324
1859 67.0879 67.145
1860 67.0879 67.1032
1861 67.0879 67.2433
1862 67.0879 67.238
1863 67.0879 67.1652
1864 67.0879 67.1288
1865 67.0879 67.1678
1866 67.0879 67.1835
1867 67.0879 67.2292
1868 67.0879 67.1692
1869 67.0879 67.1001
1870 67.0879 67.2673
1871 67.0879 67.4193
1872 67.0879 67.2539
1873 67.0879 67.461
1874 67.0879 67.4563
1875 67.0879 67.2479
1876 67.0879 67.1863
1877 67.0879 67.1192
1878 67.0879 67.1088
1879 67.0879 67.0879
1880 67.0879 67.21
1881 67.0879 67.1133
1882 67.0879 67.1034
1883 67.0879 67.1872
1884 67.0879 67.0954
1885 67.0879 67.2089
1886 67.0879 67.0879
1887 67.0879 67.177
1888 67.0879 67.1142
1889 67.0879 67.1666
1890 67.0879 67.1492
1891 67.0879 67.0879
1892 67.0879 67.0879
1893 67.0879 67.1046
1894 67.0879 67.0945
1895 67.0879 67.183
1896 67.0879 67.0985
1897 67.0879 67.1326
1898 67.0879 67.2281
1899 67.0879 67.1488
1900 67.0879 67.1145
1901 67.0879 67.1504
1902 67.0879 67.1082
1903 67.0879 67.1525
1904 67.0879 67.1126
1905 67.0879 67.0879
1906 67.0879 67.1236
1907 67.0879 67.0927
1908 67.0879 67.0879
1909 67.0879 67.0879
1910 67.0879 67.0879
1911 67.0879 67.2645
1912 67.0879 67.1946
1913 67.0879 67.2212
1914 67.0879 67.0879
1915 67.0879 67.2006
1916 67.0879 67.2922
1917 67.0879 67.2336
1918 67.0879 67.1225
1919 67.0879 67.1348
1920 67.0879 67.1304
1921 67.0879 67.0879
1922 67.0879 67.0879
1923 67.0879 67.0879
1924 67.0879 67.089
1925 67.0879 67.1831
1926 67.0879 67.0879
1927 67.0879 67.1077
1928 67.0879 67.0879
1929 67.0879 67.0879
1930 67.0879 67.0879
1931 67.0879 67.1069
1932 67.0879 67.1368
1933 67.0879 67.0944
1934 67.0879 67.0893
1935 67.0879 67.0879
1936 67.0879 67.0879
1937 67.0879 67.088
1938 67.0879 67.1283
1939 67.0879 67.2134
1940 67.0879 67.1109
1941 67.0879 67.0879
1942 67.0879 67.2195
1943 67.0879 67.1165
1944 67.0879 67.0927
1945 67.0879 67.1071
1946 67.0879 67.12
1947 67.0879 67.1892
1948 67.0879 67.0879
1949 67.0879 67.0958
1950 67.0879 67.2277
1951 67.0879 67.2362
1952 67.0879 67.097
1953 67.0879 67.1758
1954 67.0879 67.1208
1955 67.0879 67.112
1956 67.0879 67.0914
1957 67.0879 67.1006
1958 67.0879 67.0995
1959 67.0879 67.0879
1960 67.0879 67.0879
1961 67.0879 67.118
1962 67.0879 67.1132
1963 67.0879 67.0988
1964 67.0879 67.0898
1965 67.0879 67.1793
1966 67.0879 67.0891
1967 67.0879 67.0879
1968 67.0879 67.1852
1969 67.0879 67.0883
1970 67.0879 67.1614
1971 67.0879 67.1773
1972 67.0879 67.184
1973 67.0879 67.1351
1974 67.0879 67.2446
1975 67.0879 67.4086
1976 67.0879 67.4225
1977 67.0879 67.3613
1978 67.0879 67.1497
1979 67.0879 67.0879
1980 67.0879 67.0879
1981 67.0879 67.0879
1982 67.0879 67.0879
1983 67.0879 67.0879
1984 67.0879 67.1198
1985 67.0879 67.192
1986 67.0879 67.1263
1987 67.0879 67.0879
1988 67.0879 67.098
1989 67.0879 67.0977
1990 67.0879 67.0879
1991 67.0879 67.1363
1992 67.0879 67.1633
1993 67.0879 67.1018
1994 67.0879 67.1291
1995 67.0879 67.141
1996 67.0879 67.0879
1997 67.0879 67.2341
1998 67.0879 67.2915
1999 67.0879 67.1377
2000 67.0879 67.144
2001 67.0879 67.179
2002 67.0879 67.3118
2003 67.0879 67.3453
2004 67.0879 67.1077
2005 67.0879 67.0879
2006 67.0879 67.188
2007 67.0879 67.1021
2008 67.0879 67.1309
2009 67.0879 67.1225
2010 67.0879 67.1717
2011 67.0879 67.1442
2012 67.0879 67.3866
2013 67.0879 67.0879
2014 67.0879 67.0948
2015 67.0879 67.0952
2016 67.0879 67.0892
2017 67.0879 67.0892
2018 67.0879 67.0908
2019 67.0879 67.1462
2020 67.0879 67.1973
2021 67.0879 67.4008
2022 67.0879 67.222
2023 67.0879 67.2073
2024 67.0879 67.1346
2025 67.0879 67.2521
2026 67.0879 67.4684
2027 67.0879 67.2623
2028 67.0879 67.1527
2029 67.0879 67.1375
2030 67.0879 67.1552
2031 67.0879 67.1275
2032 67.0879 67.1126
2033 67.0879 67.1201
2034 67.0879 67.1489
2035 67.0879 67.1654
2036 67.0879 67.1465
2037 67.0879 67.2886
2038 67.0879 67.2812
2039 67.0879 67.2758
2040 67.0879 67.4167
2041 67.0879 67.216
2042 67.0879 67.0894
2043 67.0879 67.2614
2044 67.0879 67.1773
2045 67.0879 67.1232
2046 67.0879 67.1533
2047 67.0879 67.0985
2048 67.0879 67.0879
2049 67.0879 67.1412
2050 67.0879 67.1627
2051 67.0879 67.0879
2052 67.0879 67.0888
2053 67.0879 67.1471
2054 67.0879 67.0897
2055 67.0879 67.0883
2056 67.0879 67.0879
2057 67.0879 67.1634
2058 67.0879 67.2638
2059 67.0879 67.1175
2060 67.0879 67.1191
2061 67.0879 67.0879
2062 67.0879 67.1078
2063 67.0879 67.0879
2064 67.0879 67.205
2065 67.0879 67.16
2066 67.0879 67.1396
2067 67.0879 67.1197
2068 67.0879 67.1366
2069 67.0879 67.0879
2070 67.0879 67.1557
2071 67.0879 67.0879
2072 67.0879 67.0966
2073 67.0879 67.0879
2074 67.0879 67.1352
2075 67.0879 67.1048
2076 67.0879 67.2951
2077 67.0879 67.2482
2078 67.0879 67.2467
2079 67.0879 67.1469
2080 67.0879 67.0879
2081 67.0879 67.0983
2082 67.0879 67.2132
2083 67.0879 67.2074
2084 67.0879 67.0933
2085 67.0879 67.1586
2086 67.0879 67.1373
2087 67.0879 67.0881
2088 67.0879 67.1457
2089 67.0879 67.0979
2090 67.0879 67.0879
2091 67.0879 67.0879
2092 67.0879 67.1148
2093 67.0879 67.1361
2094 67.0879 67.0964
2095 67.0879 67.0884
2096 67.0879 67.1481
2097 67.0879 67.0992
2098 67.0879 67.1023
2099 67.0879 67.2994
2100 67.0879 67.1899
2101 67.0879 67.0879
2102 67.0879 67.1931
2103 67.0879 67.0879
2104 67.0879 67.102
2105 67.0879 67.1188
2106 67.0879 67.1551
2107 67.0879 67.6256
2108 67.0879 67.1841
2109 67.0879 67.2667
2110 67.0879 67.2651
2111 67.0879 67.263
2112 67.0879 67.1357
2113 67.0879 67.0946
2114 67.0879 67.1424
2115 67.0879 67.1981
2116 67.0879 67.0879
2117 67.0879 67.0879
2118 67.0879 67.0879
2119 67.0879 67.0881
2120 67.0879 67.0981
2121 67.0879 67.1041
2122 67.0879 67.0879
2123 67.0879 67.0879
2124 67.0879 67.1401
2125 67.0879 67.1002
2126 67.0879 67.127
2127 67.0879 67.0895
2128 67.0879 67.0879
2129 67.0879 67.2898
2130 67.0879 67.4619
2131 67.0879 67.247
2132 67.0879 67.0879
2133 67.0879 67.1344
2134 67.0879 67.0879
2135 67.0879 67.2594
2136 67.0879 67.3502
2137 67.0879 67.2875
2138 67.0879 67.2656
2139 67.0879 67.0917
2140 67.0879 67.2056
2141 67.0879 67.091
2142 67.0879 67.0948
2143 67.0879 67.1059
2144 67.0879 67.2291
2145 67.0879 67.193
2146 67.0879 67.2222
2147 67.0879 67.1329
2148 67.0879 67.6577
2149 67.0879 67.6624
2150 67.0879 67.636
2151 67.0879 67.0923
2152 67.0879 67.2312
2153 67.0879 67.1454
2154 67.0879 67.1207
2155 67.0879 67.1043
2156 67.0879 67.105
2157 67.0879 67.2077
2158 67.0879 67.263
2159 67.0879 67.0978
2160 67.0879 67.3474
2161 67.0879 67.1151
2162 67.0879 67.1149
2163 67.0879 67.1584
2164 67.0879 67.1349
2165 67.0879 67.1475
2166 67.0879 67.0992
2167 67.0879 67.0879
2168 67.0879 67.0979
2169 67.0879 67.0879
2170 67.0879 67.0879
2171 67.0879 67.0879
2172 67.0879 67.0879
2173 67.0879 67.0879
2174 67.0879 67.1017
2175 67.0879 67.0879
2176 67.0879 67.0879
2177 67.0879 67.0879
2178 67.0879 67.1432
2179 67.0879 67.1438
2180 67.0879 67.1366
2181 67.0879 67.1762
2182 67.0879 67.2021
2183 67.0879 67.3005
2184 67.0879 67.3276
2185 67.0879 67.1973
2186 67.0879 67.1863
2187 67.0879 67.0974
2188 67.0879 67.1452
2189 67.0879 67.1984
2190 67.0879 67.2823
2191 67.0879 67.0891
2192 67.0879 67.0879
2193 67.0879 67.0879
2194 67.0879 67.2858
2195 67.0879 67.3903
2196 67.0879 67.2578
2197 67.0879 67.0879
2198 67.0879 67.1106
2199 67.0879 67.0879
2200 67.0879 67.0879
2201 67.0879 67.0938
2202 67.0879 67.1834
2203 67.0879 67.2313
2204 67.0879 67.2557
2205 67.0879 67.0969
2206 67.0879 67.1045
2207 67.0879 67.0898
2208 67.0879 67.0879
2209 67.0879 67.0879
2210 67.0879 67.0911
2211 67.0879 67.1045
2212 67.0879 67.0879
2213 67.0879 67.3311
2214 67.0879 67.213
2215 67.0879 67.3463
2216 67.0879 67.2519
2217 67.0879 67.1047
2218 67.0879 67.1723
2219 67.0879 67.0879
2220 67.0879 67.0912
2221 67.0879 67.0879
2222 67.0879 67.0879
2223 67.0879 67.1319
2224 67.0879 67.0991
2225 67.0879 67.1052
2226 67.0879 67.0879
2227 67.0879 67.1114
2228 67.0879 67.0879
2229 67.0879 67.1048
2230 67.0879 67.1645
2231 67.0879 67.1143
2232 67.0879 67.2559
2233 67.0879 67.3996
2234 67.0879 67.1356
2235 67.0879 67.1562
2236 67.0879 67.132
2237 67.0879 67.2386
2238 67.0879 67.0879
2239 67.0879 67.2795
2240 67.0879 67.3188
2241 67.0879 67.1984
2242 67.0879 67.1765
2243 67.0879 67.1722
2244 67.0879 67.2698
2245 67.0879 67.1276
2246 67.0879 67.1784
2247 67.0879 67.2033
2248 67.0879 67.1214
2249 67.0879 67.1211
2250 67.0879 67.1205
2251 67.0879 67.1405
2252 67.0879 67.0879
2253 67.0879 67.1392
2254 67.0879 67.112
2255 67.0879 67.104
2256 67.0879 67.1342
2257 67.0879 67.0879
2258 67.0879 67.0879
2259 67.0879 67.1363
2260 67.0879 67.0879
2261 67.0879 67.1294
2262 67.0879 67.0937
2263 67.0879 67.0879
2264 67.0879 67.1246
2265 67.0879 67.0879
2266 67.0879 67.1947
2267 67.0879 67.0879
2268 67.0879 67.0998
2269 67.0879 67.0879
2270 67.0879 67.0879
2271 67.0879 67.1479
2272 67.0879 67.121
2273 67.0879 67.1044
2274 67.0879 67.1359
2275 67.0879 67.0918
2276 67.0879 67.0879
2277 67.0879 67.0879
2278 67.0879 67.0879
2279 67.0879 67.0879
2280 67.0879 67.1127
2281 67.0879 67.0879
2282 67.0879 67.2798
2283 67.0879 67.1456
2284 67.0879 67.1407
2285 67.0879 67.205
2286 67.0879 67.2155
2287 67.0879 67.1241
2288 67.0879 67.0879
2289 67.0879 67.0879
2290 67.0879 67.0879
2291 67.0879 67.0879
2292 67.0879 67.0986
2293 67.0879 67.0879
2294 67.0879 67.0879
2295 67.0879 67.0879
2296 67.0879 67.0979
2297 67.0879 67.1091
2298 67.0879 67.088
2299 67.0879 67.1061
2300 67.0879 67.1488
2301 67.0879 67.112
2302 67.0879 67.1079
2303 67.0879 67.0879
2304 67.0879 67.0879
2305 67.0879 67.0879
2306 67.0879 67.1459
2307 67.0879 67.1258
2308 67.0879 67.1145
2309 67.0879 67.1106
2310 67.0879 67.222
2311 67.0879 67.1739
2312 67.0879 67.1951
2313 67.0879 67.1107
2314 67.0879 67.1037
2315 67.0879 67.108
2316 67.0879 67.3963
2317 67.0879 67.429
2318 67.0879 67.2347
2319 67.0879 67.1614
2320 67.0879 67.2695
2321 67.0879 67.1518
2322 67.0879 67.121
2323 67.0879 67.089
2324 67.0879 67.1729
2325 67.0879 67.088
2326 67.0879 67.1523
2327 67.0879 67.0879
2328 67.0879 67.2533
2329 67.0879 67.0879
2330 67.0879 67.1379
2331 67.0879 67.316
2332 67.0879 67.2051
2333 67.0879 67.182
2334 67.0879 67.3536
2335 67.0879 67.2496
2336 67.0879 67.1496
2337 67.0879 67.0879
2338 67.0879 67.1021
2339 67.0879 67.1057
2340 67.0879 67.1167
2341 67.0879 67.1171
2342 67.0879 67.0879
2343 67.0879 67.0879
2344 67.0879 67.0879
2345 67.0879 67.0966
2346 67.0879 67.191
2347 67.0879 67.2658
2348 67.0879 67.1382
2349 67.0879 67.0879
2350 67.0879 67.0879
2351 67.0879 67.2032
2352 67.0879 67.2197
2353 67.0879 67.0929
2354 67.0879 67.1482
2355 67.0879 67.0889
2356 67.0879 67.3245
2357 67.0879 67.0879
2358 67.0879 67.1023
2359 67.0879 67.2224
2360 67.0879 67.1573
2361 67.0879 67.1875
2362 67.0879 67.1427
2363 67.0879 67.0935
2364 67.0879 67.1836
2365 67.0879 67.1411
2366 67.0879 67.1057
2367 67.0879 67.245
2368 67.0879 67.1469
2369 67.0879 67.1024
2370 67.0879 67.2339
2371 67.0879 67.3797
2372 67.0879 67.2446
2373 67.0879 67.2608
2374 67.0879 67.1368
2375 67.0879 67.1015
2376 67.0879 67.0879
2377 67.0879 67.101
2378 67.0879 67.1293
2379 67.0879 67.1455
2380 67.0879 67.0884
2381 67.0879 67.0879
2382 67.0879 67.1415
2383 67.0879 67.1281
2384 67.0879 67.1959
2385 67.0879 67.1005
2386 67.0879 67.1127
2387 67.0879 67.1795
2388 67.0879 67.1519
2389 67.0879 67.0879
2390 67.0879 67.0879
2391 67.0879 67.2094
2392 67.0879 67.436
2393 67.0879 67.3775
2394 67.0879 67.1988
2395 67.0879 67.0951
2396 67.0879 67.089
2397 67.0879 67.0879
2398 67.0879 67.0879
2399 67.0879 67.0879
2400 67.0879 67.0879
2401 67.0879 67.0879
2402 67.0879 67.2854
2403 67.0879 67.0946
2404 67.0879 67.307
2405 67.0879 67.1328
2406 67.0879 67.0879
2407 67.0879 67.1234
2408 67.0879 67.0879
2409 67.0879 67.0879
2410 67.0879 67.0879
2411 67.0879 67.128
2412 67.0879 67.1082
2413 67.0879 67.122
2414 67.0879 67.161
2415 67.0879 67.2123
2416 67.0879 67.0879
2417 67.0879 67.1107
2418 67.0879 67.1324
2419 67.0879 67.0879
2420 67.0879 67.0879
2421 67.0879 67.0879
2422 67.0879 67.1469
2423 67.0879 67.137
2424 67.0879 67.4118
2425 67.0879 67.3838
2426 67.0879 67.2978
2427 67.0879 67.3246
2428 67.0879 67.2488
2429 67.0879 67.217
2430 67.0879 67.2046
2431 67.0879 67.0882
2432 67.0879 67.0943
2433 67.0879 67.0879
2434 67.0879 67.1546
2435 67.0879 67.1846
2436 67.0879 67.2031
2437 67.0879 67.1268
2438 67.0879 67.0879
2439 67.0879 67.2178
2440 67.0879 67.1902
2441 67.0879 67.1569
2442 67.0879 67.0998
2443 67.0879 67.0879
2444 67.0879 67.2995
2445 67.0879 67.118
2446 67.0879 67.1429
2447 67.0879 67.0879
2448 67.0879 67.1158
2449 67.0879 67.1051
2450 67.0879 67.292
2451 67.0879 67.0924
2452 67.0879 67.0879
2453 67.0879 67.1693
2454 67.0879 67.1248
2455 67.0879 67.0957
2456 67.0879 67.2536
2457 67.0879 67.3337
2458 67.0879 67.1783
2459 67.0879 67.3143
2460 67.0879 67.2892
2461 67.0879 67.3441
2462 67.0879 67.4441
2463 67.0879 67.1442
2464 67.0879 67.1327
2465 67.0879 67.1313
2466 67.0879 67.2675
2467 67.0879 67.1518
2468 67.0879 67.2178
2469 67.0879 67.1046
2470 67.0879 67.0999
2471 67.0879 67.2235
2472 67.0879 67.2248
2473 67.0879 67.0879
2474 67.0879 67.0879
2475 67.0879 67.1333
2476 67.0879 67.1184
2477 67.0879 67.1948
2478 67.0879 67.1205
2479 67.0879 67.0879
2480 67.0879 67.2403
2481 67.0879 67.1658
2482 67.0879 67.2325
2483 67.0879 67.2498
2484 67.0879 67.0879
2485 67.0879 67.4414
2486 67.0879 67.2221
2487 67.0879 67.2096
2488 67.0879 67.0897
2489 67.0879 67.149
2490 67.0879 67.2204
2491 67.0879 67.2083
2492 67.0879 67.2505
2493 67.0879 67.1524
2494 67.0879 67.088
2495 67.0879 67.2535
2496 67.0879 67.1488
2497 67.0879 67.0879
2498 67.0879 67.1993
2499 67.0879 67.2142
2500 67.0879 67.19
2501 67.0879 67.0879
2502 67.0879 67.1203
2503 67.0879 67.1198
2504 67.0879 67.0879
2505 67.0879 67.0879
2506 67.0879 67.1166
2507 67.0879 67.2158
2508 67.0879 67.0879
2509 67.0879 67.0879
2510 67.0879 67.0879
2511 67.0879 67.0879
2512 67.0879 67.1509
2513 67.0879 67.0879
2514 67.0879 67.1191
2515 67.0879 67.1313
2516 67.0879 67.3379
2517 67.0879 67.2267
2518 67.0879 67.0879
2519 67.0879 67.1634
2520 67.0879 67.0982
2521 67.0879 67.166
2522 67.0879 67.1547
2523 67.0879 67.1393
2524 67.0879 67.0879
2525 67.0879 67.0946
2526 67.0879 67.1223
2527 67.0879 67.0879
2528 67.0879 67.1281
2529 67.0879 67.1221
2530 67.0879 67.1417
2531 67.0879 67.0879
2532 67.0879 67.2267
2533 67.0879 67.1332
2534 67.0879 67.1202
2535 67.0879 67.2647
2536 67.0879 67.0879
2537 67.0879 67.1658
2538 67.0879 67.1492
2539 67.0879 67.1258
2540 67.0879 67.0967
2541 67.0879 67.3619
2542 67.0879 67.1752
2543 67.0879 67.1184
2544 67.0879 67.2239
2545 67.0879 67.175
2546 67.0879 67.2119
2547 67.0879 67.3204
2548 67.0879 67.0879
2549 67.0879 67.2024
2550 67.0879 67.1342
2551 67.0879 67.0885
2552 67.0879 67.0901
2553 67.0879 67.1665
2554 67.0879 67.1315
2555 67.0879 67.1124
2556 67.0879 67.0978
2557 67.0879 67.0943
2558 67.0879 67.0895
2559 67.0879 67.1382
2560 67.0879 67.1554
2561 67.0879 67.0879
2562 67.0879 67.0879
2563 67.0879 67.0915
2564 67.0879 67.0879
2565 67.0879 67.0891
2566 67.0879 67.1041
2567 67.0879 67.2046
2568 67.0879 67.0994
2569 67.0879 67.2172
2570 67.0879 67.3366
2571 67.0879 67.1385
2572 67.0879 67.1142
2573 67.0879 67.34
2574 67.0879 67.3017
2575 67.0879 67.4005
2576 67.0879 67.2604
2577 67.0879 67.2508
2578 67.0879 67.1727
2579 67.0879 67.1746
2580 67.0879 67.1538
2581 67.0879 67.1097
2582 67.0879 67.1918
2583 67.0879 67.1112
2584 67.0879 67.1253
2585 67.0879 67.2359
2586 67.0879 67.0879
2587 67.0879 67.0879
2588 67.0879 67.0879
2589 67.0879 67.1966
2590 67.0879 67.0879
2591 67.0879 67.0923
2592 67.0879 67.0984
2593 67.0879 67.2569
2594 67.0879 67.2435
2595 67.0879 67.1795
2596 67.0879 67.1018
2597 67.0879 67.0942
2598 67.0879 67.1076
2599 67.0879 67.0879
2600 67.0879 67.1225
2601 67.0879 67.5316
2602 67.0879 67.2267
2603 67.0879 67.1118
2604 67.0879 67.1339
2605 67.0879 67.115
2606 67.0879 67.0981
2607 67.0879 67.09
2608 67.0879 67.0879
2609 67.0879 67.103
2610 67.0879 67.0903
2611 67.0879 67.0936
2612 67.0879 67.2143
2613 67.0879 67.1189
2614 67.0879 67.1164
2615 67.0879 67.1096
2616 67.0879 67.1216
2617 67.0879 67.0927
2618 67.0879 67.1073
2619 67.0879 67.1316
2620 67.0879 67.0944
2621 67.0879 67.1157
2622 67.0879 67.0879
2623 67.0879 67.1406
2624 67.0879 67.0934
2625 67.0879 67.0879
2626 67.0879 67.0879
2627 67.0879 67.206
2628 67.0879 67.2425
2629 67.0879 67.1429
2630 67.0879 67.111
2631 67.0879 67.1763
2632 67.0879 67.2391
2633 67.0879 67.2393
2634 67.0879 67.1273
2635 67.0879 67.189
2636 67.0879 67.0904
2637 67.0879 67.1097
2638 67.0879 67.0879
2639 67.0879 67.0951
2640 67.0879 67.1857
2641 67.0879 67.0891
2642 67.0879 67.229
2643 67.0879 67.0879
2644 67.0879 67.0879
2645 67.0879 67.2934
2646 67.0879 67.0879
2647 67.0879 67.0906
2648 67.0879 67.0879
2649 67.0879 67.1124
2650 67.0879 67.1224
2651 67.0879 67.1012
2652 67.0879 67.1007
2653 67.0879 67.097
2654 67.0879 67.1106
2655 67.0879 67.0904
2656 67.0879 67.0879
2657 67.0879 67.0879
2658 67.0879 67.0956
2659 67.0879 67.0937
2660 67.0879 67.0982
2661 67.0879 67.105
2662 67.0879 67.0879
2663 67.0879 67.0994
2664 67.0879 67.0879
2665 67.0879 67.0879
2666 67.0879 67.0879
2667 67.0879 67.0879
2668 67.0879 67.2011
2669 67.0879 67.0883
2670 67.0879 67.0905
2671 67.0879 67.0879
2672 67.0879 67.1935
2673 67.0879 67.0892
2674 67.0879 67.1464
2675 67.0879 67.2078
2676 67.0879 67.0879
2677 67.0879 67.0926
2678 67.0879 67.0966
2679 67.0879 67.0879
2680 67.0879 67.2138
2681 67.0879 67.3767
2682 67.0879 67.1549
2683 67.0879 67.0879
2684 67.0879 67.0879
2685 67.0879 67.1793
2686 67.0879 67.1012
2687 67.0879 67.2188
2688 67.0879 67.287
2689 67.0879 67.1385
2690 67.0879 67.0901
2691 67.0879 67.1937
2692 67.0879 67.0972
2693 67.0879 67.1999
2694 67.0879 67.1438
2695 67.0879 67.1217
2696 67.0879 67.1888
2697 67.0879 67.0912
2698 67.0879 67.0941
2699 67.0879 67.1559
2700 67.0879 67.0879
2701 67.0879 67.1022
2702 67.0879 67.1252
2703 67.0879 67.0879
2704 67.0879 67.1081
2705 67.0879 67.1718
2706 67.0879 67.1241
2707 67.0879 67.112
2708 67.0879 67.0914
2709 67.0879 67.1781
2710 67.0879 67.0974
2711 67.0879 67.4354
2712 67.0879 67.2409
2713 67.0879 67.4532
2714 67.0879 67.101
2715 67.0879 67.0978
2716 67.0879 67.1395
2717 67.0879 67.1386
2718 67.0879 67.0943
2719 67.0879 67.2119
2720 67.0879 67.0879
2721 67.0879 67.1574
2722 67.0879 67.1537
2723 67.0879 67.0879
2724 67.0879 67.0967
2725 67.0879 67.201
2726 67.0879 67.0879
2727 67.0879 67.0879
2728 67.0879 67.3222
2729 67.0879 67.1034
2730 67.0879 67.3224
2731 67.0879 67.2514
2732 67.0879 67.1879
2733 67.0879 67.191
2734 67.0879 67.243
2735 67.0879 67.1191
2736 67.0879 67.4237
2737 67.0879 67.2116
2738 67.0879 67.2039
2739 67.0879 67.2247
2740 67.0879 67.2034
2741 67.0879 67.1131
2742 67.0879 67.0958
2743 67.0879 67.1256
2744 67.0879 67.1993
2745 67.0879 67.1585
2746 67.0879 67.0879
2747 67.0879 67.0891
2748 67.0879 67.0879
2749 67.0879 67.0879
2750 67.0879 67.0879
2751 67.0879 67.0879
2752 67.0879 67.0908
2753 67.0879 67.1083
2754 67.0879 67.1245
2755 67.0879 67.1299
2756 67.0879 67.1615
2757 67.0879 67.1938
2758 67.0879 67.1734
2759 67.0879 67.1927
2760 67.0879 67.1816
2761 67.0879 67.1644
2762 67.0879 67.3583
2763 67.0879 67.0879
2764 67.0879 67.0997
2765 67.0879 67.0894
2766 67.0879 67.0886
2767 67.0879 67.1795
2768 67.0879 67.1062
2769 67.0879 67.0989
2770 67.0879 67.0879
2771 67.0879 67.0879
2772 67.0879 67.0879
2773 67.0879 67.0932
2774 67.0879 67.0949
2775 67.0879 67.0953
2776 67.0879 67.1855
2777 67.0879 67.1378
2778 67.0879 67.1115
2779 67.0879 67.2018
2780 67.0879 67.1692
2781 67.0879 67.1144
2782 67.0879 67.1761
2783 67.0879 67.1229
2784 67.0879 67.0879
2785 67.0879 67.1462
2786 67.0879 67.4397
2787 67.0879 67.1886
2788 67.0879 67.1551
2789 67.0879 67.1623
2790 67.0879 67.1264
2791 67.0879 67.1993
2792 67.0879 67.1762
2793 67.0879 67.1325
2794 67.0879 67.2761
2795 67.0879 67.3149
2796 67.0879 67.2319
2797 67.0879 67.2248
2798 67.0879 67.109
2799 67.0879 67.1268
2800 67.0879 67.0879
2801 67.0879 67.0929
2802 67.0879 67.1528
2803 67.0879 67.0879
2804 67.0879 67.133
2805 67.0879 67.1081
2806 67.0879 67.0937
2807 67.0879 67.0879
2808 67.0879 67.0879
2809 67.0879 67.0879
2810 67.0879 67.1007
2811 67.0879 67.0941
2812 67.0879 67.1619
2813 67.0879 67.0879
2814 67.0879 67.0879
2815 67.0879 67.1448
2816 67.0879 67.2302
2817 67.0879 67.092
2818 67.0879 67.1585
2819 67.0879 67.1421
2820 67.0879 67.2933
2821 67.0879 67.1033
2822 67.0879 67.2472
2823 67.0879 67.1271
2824 67.0879 67.1988
2825 67.0879 67.1552
2826 67.0879 67.221
2827 67.0879 67.1226
2828 67.0879 67.1229
2829 67.0879 67.1292
2830 67.0879 67.1076
2831 67.0879 67.2466
2832 67.0879 67.0879
2833 67.0879 67.0879
2834 67.0879 67.1702
2835 67.0879 67.1285
2836 67.0879 67.1547
2837 67.0879 67.1003
2838 67.0879 67.1394
2839 67.0879 67.1546
2840 67.0879 67.1606
2841 67.0879 67.3286
2842 67.0879 67.2191
2843 67.0879 67.1008
2844 67.0879 67.129
2845 67.0879 67.0879
2846 67.0879 67.0879
2847 67.0879 67.0904
2848 67.0879 67.0969
2849 67.0879 67.0896
2850 67.0879 67.1069
2851 67.0879 67.3616
2852 67.0879 67.3612
2853 67.0879 67.2999
2854 67.0879 67.088
2855 67.0879 67.0879
2856 67.0879 67.0879
2857 67.0879 67.0879
2858 67.0879 67.0906
2859 67.0879 67.1337
2860 67.0879 67.1487
2861 67.0879 67.1224
2862 67.0879 67.0882
2863 67.0879 67.0879
2864 67.0879 67.1039
2865 67.0879 67.2001
2866 67.0879 67.1343
2867 67.0879 67.3176
2868 67.0879 67.1971
2869 67.0879 67.3275
2870 67.0879 67.126
2871 67.0879 67.2767
2872 67.0879 67.2763
2873 67.0879 67.0879
2874 67.0879 67.0879
2875 67.0879 67.1307
2876 67.0879 67.1079
2877 67.0879 67.1327
2878 67.0879 67.1168
2879 67.0879 67.2593
2880 67.0879 67.1056
2881 67.0879 67.121
2882 67.0879 67.0879
2883 67.0879 67.094
2884 67.0879 67.2193
2885 67.0879 67.0901
2886 67.0879 67.0879
2887 67.0879 67.1412
2888 67.0879 67.1574
2889 67.0879 67.1908
2890 67.0879 67.1156
2891 67.0879 67.2703
2892 67.0879 67.1363
2893 67.0879 67.1557
2894 67.0879 67.1413
2895 67.0879 67.0879
2896 67.0879 67.1228
2897 67.0879 67.1999
2898 67.0879 67.2143
2899 67.0879 67.1418
2900 67.0879 67.1545
2901 67.0879 67.1807
2902 67.0879 67.1997
2903 67.0879 67.1139
2904 67.0879 67.1534
2905 67.0879 67.1444
2906 67.0879 67.1215
2907 67.0879 67.1532
2908 67.0879 67.1379
2909 67.0879 67.0879
2910 67.0879 67.2176
2911 67.0879 67.3633
2912 67.0879 67.1441
2913 67.0879 67.2151
2914 67.0879 67.2075
2915 67.0879 67.1827
2916 67.0879 67.1955
2917 67.0879 67.1261
2918 67.0879 67.152
2919 67.0879 67.1034
2920 67.0879 67.3
2921 67.0879 67.1413
2922 67.0879 67.0879
2923 67.0879 67.258
2924 67.0879 67.2615
2925 67.0879 67.2166
2926 67.0879 67.4476
2927 67.0879 67.1918
2928 67.0879 67.0879
2929 67.0879 67.1432
2930 67.0879 67.1272
2931 67.0879 67.2096
2932 67.0879 67.1797
2933 67.0879 67.1555
2934 67.0879 67.1721
2935 67.0879 67.096
2936 67.0879 67.0879
2937 67.0879 67.3826
2938 67.0879 67.1845
2939 67.0879 67.1957
2940 67.0879 67.1604
2941 67.0879 67.1649
2942 67.0879 67.1965
2943 67.0879 67.269
2944 67.0879 67.153
2945 67.0879 67.2253
2946 67.0879 67.2157
2947 67.0879 67.2377
2948 67.0879 67.1366
2949 67.0879 67.1294
2950 67.0879 67.1471
2951 67.0879 67.3157
2952 67.0879 67.1866
2953 67.0879 67.0879
2954 67.0879 67.0946
2955 67.0879 67.3726
2956 67.0879 67.308
2957 67.0879 67.1881
2958 67.0879 67.1897
2959 67.0879 67.1742
2960 67.0879 67.0948
2961 67.0879 67.0879
2962 67.0879 67.1785
2963 67.0879 67.0966
2964 67.0879 67.0962
2965 67.0879 67.1391
2966 67.0879 67.4174
2967 67.0879 67.242
2968 67.0879 67.2238
2969 67.0879 67.1334
2970 67.0879 67.3597
2971 67.0879 67.1524
2972 67.0879 67.1485
2973 67.0879 67.0918
2974 67.0879 67.0879
2975 67.0879 67.0945
2976 67.0879 67.1527
2977 67.0879 67.0909
2978 67.0879 67.1297
2979 67.0879 67.0879
2980 67.0879 67.2194
2981 67.0879 67.1521
2982 67.0879 67.2262
2983 67.0879 67.1317
2984 67.0879 67.3225
2985 67.0879 67.2798
2986 67.0879 67.2636
2987 67.0879 67.1454
2988 67.0879 67.0952
2989 67.0879 67.0879
2990 67.0879 67.0884
2991 67.0879 67.2459
2992 67.0879 67.2332
2993 67.0879 67.0879
2994 67.0879 67.1176
2995 67.0879 67.1238
2996 67.0879 67.0879
2997 67.0879 67.0879
2998 67.0879 67.0879
2999 67.0879 67.088
3000 67.0879 67.0879
3001 67.0879 67.0991
3002 67.0879 67.1306
3003 67.0879 67.1757
3004 67.0879 67.3709
3005 67.0879 67.4564
3006 67.0879 67.0886
3007 67.0879 67.0946
3008 67.0879 67.2226
3009 67.0879 67.1478
3010 67.0879 67.1087
3011 67.0879 67.0898
3012 67.0879 67.227
3013 67.0879 67.1754
3014 67.0879 67.3407
3015 67.0879 67.2294
3016 67.0879 67.199
3017 67.0879 67.336
3018 67.0879 67.3354
3019 67.0879 67.1331
3020 67.0879 67.1011
3021 67.0879 67.1094
3022 67.0879 67.0882
3023 67.0879 67.1047
3024 67.0879 67.1912
3025 67.0879 67.1461
3026 67.0879 67.3375
3027 67.0879 67.1565
3028 67.0879 67.1952
3029 67.0879 67.1839
3030 67.0879 67.1496
3031 67.0879 67.2718
3032 67.0879 67.3007
3033 67.0879 67.1561
3034 66.7726 67.087
3035 66.7726 67.2139
3036 66.7726 67.7994
3037 66.7726 68.726
3038 66.7726 68.9574
3039 66.7726 67.7392
3040 66.7726 67.6563
3041 66.7726 67.3812
3042 66.7726 67.2236
3043 66.7726 66.9786
3044 66.7726 66.9372
3045 66.7726 66.8673
3046 66.7726 66.8573
3047 66.7726 66.8126
3048 66.7726 66.8174
3049 66.7726 66.7772
3050 66.7726 66.7897
3051 66.7726 66.7741
3052 66.7726 66.7726
3053 66.7726 66.8826
3054 66.7726 66.947
3055 66.7726 66.8037
3056 66.7726 66.8337
3057 66.7726 67.0438
3058 66.7726 66.9261
3059 66.7726 67.0544
3060 66.7726 66.9795
3061 66.7726 66.9031
3062 66.7726 66.8223
3063 66.7726 66.8441
3064 66.7726 66.8831
3065 66.7726 66.8163
3066 66.7726 66.7726
3067 66.7726 66.7825
3068 66.7726 66.7726
3069 66.7726 66.7726
3070 66.7726 66.7726
3071 66.7726 66.8897
3072 66.7726 66.8273
3073 66.7726 67.0354
3074 66.7726 67.1623
3075 66.7726 66.8377
3076 66.7726 67.123
3077 66.7726 67.0578
3078 66.7726 66.9405
3079 66.4534 66.9022
3080 66.4534 66.8293
3081 66.4534 66.6103
3082 66.4534 66.5072
3083 66.4534 66.4818
3084 66.4534 66.4604
3085 66.4534 66.4568
3086 66.4534 66.5125
3087 66.4534 66.4534
3088 66.4534 66.4534
3089 66.4534 66.4534
3090 66.4534 66.4534
3091 66.4534 66.4937
3092 66.4534 66.5822
3093 66.4534 66.6377
3094 66.4534 66.658
3095 66.4534 66.5044
3096 66.4534 66.5593
3097 66.4534 66.4788
3098 66.4534 66.4534
3099 66.4534 66.4534
3100 66.4534 66.5015
3101 66.4534 66.488
3102 66.4534 66.4534
3103 66.4534 66.5386
3104 66.4534 66.51
3105 66.4534 66.4534
3106 66.4534 66.4555
3107 66.4534 66.4617
3108 66.4534 66.5264
3109 66.4534 66.6173
3110 66.4534 66.6429
3111 66.4534 66.4534
3112 66.4534 66.4887
3113 66.4534 66.4974
3114 66.4534 66.4559
3115 66.4534 66.522
3116 66.4534 66.4995
3117 66.4534 66.4534
3118 66.4534 66.4534
3119 66.4534 66.4534
3120 66.4534 66.4534
3121 66.4534 66.5004
3122 66.4534 66.4871
3123 66.4534 66.4628
3124 66.4534 66.5365
3125 66.4534 66.4813
3126 66.4534 66.5338
3127 66.4534 66.5609
3128 66.4534 66.8222
3129 66.4534 66.9693
3130 66.4534 66.6414
3131 66.4534 66.6011
3132 66.4534 66.6304
3133 66.4534 66.4534
3134 66.4534 66.5959
3135 66.4534 66.5948
3136 66.4534 66.6719
3137 66.4534 66.5525
3138 66.4534 66.6496
3139 66.4534 66.5446
3140 66.4534 66.5589
3141 66.4534 66.7776
3142 66.4534 66.8745
3143 66.4534 66.4763
3144 66.4534 66.4534
3145 66.4534 66.4546
3146 66.4534 66.4559
3147 66.4534 66.4534
3148 66.4534 66.495
3149 66.4534 66.5402
3150 66.4534 66.7729
3151 66.4534 66.7755
3152 66.4534 66.5185
3153 66.4534 66.5452
3154 66.4534 66.4534
3155 66.4534 66.5327
3156 66.4534 66.6036
3157 66.4534 66.6627
3158 66.4534 66.582
3159 66.4534 66.4965
3160 66.4534 66.5471
3161 66.4534 66.459
3162 66.4534 66.4534
3163 66.4534 66.4534
3164 66.4534 66.4534
3165 66.4534 66.4534
3166 66.4534 66.4534
3167 66.4534 66.4642
3168 66.4534 66.4534
3169 66.4534 66.4639
3170 66.4534 66.4534
3171 66.4534 66.4534
3172 66.4534 66.5655
3173 66.4534 66.5473
3174 66.4534 66.4902
3175 66.4534 66.4534
3176 66.4534 66.4618
3177 66.4534 66.4861
3178 66.4534 66.8349
3179 66.4534 66.6221
3180 66.4534 66.4988
3181 66.4534 66.69
3182 66.4534 66.9873
3183 66.4534 66.4767
3184 66.4534 66.4684
3185 66.4534 66.4534
3186 66.4534 66.4534
3187 66.4534 66.4841
3188 66.4534 66.4747
3189 66.4534 66.5284
3190 66.4534 66.5149
3191 66.4534 66.5293
3192 66.4534 66.4898
3193 66.4534 66.4534
3194 66.4534 66.4534
3195 66.4534 66.5071
3196 66.4534 66.5605
3197 66.4534 66.458
3198 66.4534 66.4806
3199 66.4534 66.5056
3200 66.4534 66.4534
3201 66.4534 66.4719
3202 66.4534 66.5171
3203 66.4534 66.7018
3204 66.4534 66.5481
3205 66.4534 66.6222
3206 66.4534 66.4534
3207 66.4534 66.4534
3208 66.4534 66.4534
3209 66.4534 66.4534
3210 66.4534 66.5219
3211 66.4534 66.514
3212 66.4534 66.6683
3213 66.4534 66.7787
3214 66.4534 66.6309
3215 66.4534 66.6437
3216 66.4534 66.7525
3217 66.4534 66.6735
3218 66.4534 66.4736
3219 66.4534 66.5622
3220 66.4534 66.4613
3221 66.4534 66.5994
3222 66.4534 66.5929
3223 66.4534 66.78
3224 66.4534 66.6027
3225 66.4534 66.4958
3226 66.4534 66.5316
3227 66.4534 66.5004
3228 66.4534 66.4534
3229 66.4534 66.4534
3230 66.4534 66.4534
3231 66.4534 66.4534
3232 66.4534 66.5177
3233 66.4534 66.4534
3234 66.4534 66.6065
3235 66.4534 66.481
3236 66.4534 66.5416
3237 66.4534 66.6627
3238 66.4534 66.6627
3239 66.4534 66.4675
3240 66.4534 66.4611
3241 66.4534 66.6274
3242 66.4534 66.5154
3243 66.4534 66.7444
3244 66.4534 66.6351
3245 66.4534 66.4735
3246 66.4534 66.6629
3247 66.4534 66.8075
3248 66.4534 66.5703
3249 66.4534 66.5432
3250 66.4534 66.4545
3251 66.4534 66.4534
3252 66.4534 66.4574
3253 66.4534 66.4534
3254 66.4534 66.4594
3255 66.4534 66.4534
3256 66.4534 66.4534
3257 66.4534 66.4537
3258 66.4534 66.5184
3259 66.4534 66.4721
3260 66.4534 66.5749
3261 66.4534 66.5493
3262 66.4534 66.5226
3263 66.4534 66.6024
3264 66.4534 66.7031
3265 66.4534 66.4876
3266 66.4534 66.4937
3267 66.4534 66.4534
3268 66.4534 66.551
3269 66.4534 66.6365
3270 66.4534 66.6167
3271 66.4534 66.4624
3272 66.4534 66.4534
3273 66.4534 66.4534
3274 66.4534 66.4539
3275 66.4534 66.4563
3276 66.4534 66.5497
3277 66.4534 66.4534
3278 66.4534 66.4534
3279 66.4534 66.5273
3280 66.4534 66.5036
3281 66.4534 66.5816
3282 66.4534 66.6309
3283 66.4534 66.5883
3284 66.4534 66.8173
3285 66.4534 66.4616
3286 66.4534 66.5029
3287 66.4534 66.4954
3288 66.4534 66.4997
3289 66.4534 66.5442
3290 66.4534 66.4816
3291 66.4534 66.4534
3292 66.4534 66.4534
3293 66.4534 66.491
3294 66.4534 66.5602
3295 66.4534 66.5784
3296 66.4534 66.481
3297 66.4534 66.6861
3298 66.4534 66.4665
3299 66.4534 66.4537
3300 66.4534 66.5364
3301 66.4534 66.551
3302 66.4534 66.5449
3303 66.4534 66.491
3304 66.4534 66.4534
3305 66.4534 66.4611
3306 66.4534 66.4536
3307 66.4534 66.5183
3308 66.4534 66.4534
3309 66.4534 66.6607
3310 66.4534 66.5165
3311 66.4534 66.4534
3312 66.4534 66.4534
3313 66.4534 66.4586
3314 66.4534 66.5411
3315 66.4534 66.5977
3316 66.4534 66.4534
3317 66.4534 66.4534
3318 66.4534 66.5019
3319 66.4534 66.4556
3320 66.4534 66.5148
3321 66.4534 66.4833
3322 66.4534 66.477
3323 66.4534 66.6132
3324 66.4534 66.4815
3325 66.4534 66.4712
3326 66.4534 66.5698
3327 66.4534 66.5433
3328 66.4534 66.5493
3329 66.4534 66.4556
3330 66.4534 66.4587
3331 66.4534 66.5209
3332 66.4534 66.5985
3333 66.4534 66.5521
3334 66.4534 66.8789
3335 66.4534 66.4915
3336 66.4534 66.8307
3337 66.4534 66.5383
3338 66.4534 66.4617
3339 66.4534 66.4865
3340 66.4534 66.4604
3341 66.4534 66.4534
3342 66.4534 66.4553
3343 66.4534 66.5116
3344 66.4534 66.4896
3345 66.4534 66.4992
3346 66.4534 66.5022
3347 66.4534 66.5047
3348 66.4534 66.4904
3349 66.4534 66.4715
3350 66.4534 66.5807
3351 66.4534 66.4611
3352 66.4534 66.4534
3353 66.4534 66.4562
3354 66.4534 66.4618
3355 66.4534 66.4598
3356 66.4534 66.4678
3357 66.4534 66.5891
3358 66.4534 66.4534
3359 66.4534 66.4534
3360 66.4534 66.5825
3361 66.4534 66.4567
3362 66.4534 66.4821
3363 66.4534 66.4534
3364 66.4534 66.6428
3365 66.4534 66.6746
3366 66.4534 66.496
3367 66.4534 66.5107
3368 66.4534 66.4534
3369 66.4534 66.4534
3370 66.4534 66.5834
3371 66.4534 66.5768
3372 66.4534 66.4623
3373 66.4534 66.4534
3374 66.4534 66.4545
3375 66.4534 66.6019
3376 66.4534 66.4932
3377 66.4534 66.6172
3378 66.4534 66.6614
3379 66.4534 66.6351
3380 66.4534 66.5795
3381 66.4534 66.4803
3382 66.4534 66.5669
3383 66.4534 66.492
3384 66.4534 66.465
3385 66.4534 66.4534
3386 66.4534 66.4792
3387 66.4534 66.6009
3388 66.4534 66.4546
3389 66.4534 66.4627
3390 66.4534 66.5378
3391 66.4534 66.4649
3392 66.4534 66.4621
3393 66.4534 66.5454
3394 66.4534 66.4567
3395 66.4534 66.4882
3396 66.4534 66.5779
3397 66.4534 66.4603
3398 66.4534 66.4534
3399 66.4534 66.5382
3400 66.4534 66.6016
3401 66.4534 66.5442
3402 66.4534 66.6004
3403 66.4534 66.5514
3404 66.4534 66.7231
3405 66.4534 66.5797
3406 66.4534 66.4617
3407 66.4534 66.6183
3408 66.4534 66.6732
3409 66.4534 66.4849
3410 66.4534 66.7088
3411 66.4534 66.6653
3412 66.4534 66.9091
3413 66.4534 66.7106
3414 66.4334 66.8216
3415 66.4334 66.6343
3416 66.4334 66.642
3417 66.4334 66.56
3418 66.4334 66.4841
3419 66.4334 66.5183
3420 66.4334 66.5423
3421 66.4334 66.4857
3422 66.4334 66.5389
3423 66.4334 66.461
3424 66.4334 66.5777
3425 66.4334 66.4702
3426 66.4334 66.4334
3427 66.4334 66.5406
3428 66.4334 66.4339
3429 66.4334 66.5045
3430 66.4334 66.7758
3431 66.4334 66.5215
3432 66.4334 66.6467
3433 66.4334 66.5711
3434 66.4334 66.4508
3435 66.4334 66.505
3436 66.4334 66.4782
3437 66.4334 66.6732
3438 66.4334 66.5742
3439 66.4334 66.693
3440 66.4334 66.4356
3441 66.4334 66.4518
3442 66.4334 66.4681
3443 66.4334 66.6825
3444 66.4334 66.4379
3445 66.4334 66.5331
3446 66.4334 66.4334
3447 66.4334 66.4379
3448 66.4334 66.4334
3449 66.4334 66.5374
3450 66.4334 66.4987
3451 66.4334 66.5289
3452 66.4334 66.821
3453 66.4334 66.7226
3454 66.4334 66.4915
3455 66.4334 66.4494
3456 66.4334 66.4334
3457 66.4334 66.4334
3458 66.4334 66.4542
3459 66.4334 66.4347
3460 66.4334 66.4637
3461 66.4334 66.5017
3462 66.4334 66.4466
3463 66.4334 66.4334
3464 66.4334 66.4334
3465 66.4334 66.4334
3466 66.4334 66.5406
3467 66.4334 66.4334
3468 66.4334 66.4645
3469 66.4334 66.7128
3470 66.4334 66.6362
3471 66.4334 66.4433
3472 66.4334 66.4334
3473 66.4334 66.44
3474 66.4334 66.4334
3475 66.4334 66.4334
3476 66.4334 66.4334
3477 66.4334 66.4334
3478 66.4334 66.4334
3479 66.4334 66.4334
3480 66.4334 66.4369
3481 66.4334 66.5474
3482 66.4334 66.6482
3483 66.4334 66.4901
3484 66.4334 66.5627
3485 66.4334 66.438
3486 66.4334 66.4784
3487 66.4334 66.5042
3488 66.4334 66.4676
3489 66.4334 66.4334
3490 66.4334 66.4334
3491 66.4334 66.4395
3492 66.4334 66.4423
3493 66.4334 66.4731
3494 66.4334 66.5865
3495 66.4334 66.5245
3496 66.4334 66.6312
3497 66.4334 66.502
3498 66.4334 66.4757
3499 66.4334 66.4688
3500 66.4334 66.4494
3501 66.4334 66.6252
3502 66.4334 66.5351
3503 66.4334 66.4334
3504 66.4334 66.5078
3505 66.4334 66.6583
3506 66.4334 66.8673
3507 66.4334 66.6679
3508 66.4334 66.5126
3509 66.4334 66.4368
3510 66.4334 66.4503
3511 66.4334 66.5514
3512 66.4334 66.4789
3513 66.4334 66.4423
3514 66.4334 66.4539
3515 66.4334 66.4334
3516 66.4334 66.4334
3517 66.4334 66.5485
3518 66.4334 66.7525
3519 66.4334 66.6198
3520 66.4334 66.6243
3521 66.4334 66.561
3522 66.4334 66.644
3523 66.4334 66.4505
3524 66.4334 66.4467
3525 66.4334 66.4334
3526 66.4334 66.6048
3527 66.4334 66.4334
3528 66.4334 66.6607
3529 66.4334 66.6728
3530 66.4334 66.4334
3531 66.4334 66.4545
3532 66.4334 66.4584
3533 66.4334 66.517
3534 66.4334 66.4334
3535 66.4334 66.487
3536 66.4334 66.4423
3537 66.4334 66.4334
3538 66.4334 66.5472
3539 66.4334 66.5926
3540 66.4334 66.4364
3541 66.4334 66.4334
3542 66.4334 66.5544
3543 66.4334 66.4334
3544 66.4334 66.5122
3545 66.4334 66.4344
3546 66.4334 66.435
3547 66.4334 66.4405
3548 66.4334 66.468
3549 66.4334 66.5412
3550 66.4334 66.4898
3551 66.4334 66.5011
3552 66.4334 66.5969
3553 66.4334 66.4353
3554 66.4334 66.4495
3555 66.4334 66.4667
3556 66.4334 66.4334
3557 66.4334 66.438
3558 66.4334 66.4884
3559 66.4334 66.5034
3560 66.4334 66.6172
3561 66.4334 66.5009
3562 66.4334 66.4334
3563 66.4334 66.4569
3564 66.4334 66.4575
3565 66.4334 66.5225
3566 66.4334 66.5904
3567 66.4334 66.5626
3568 66.4334 66.5329
3569 66.4334 66.5219
3570 66.4334 66.4678
3571 66.4334 66.4999
3572 66.4334 66.4341
3573 66.4334 66.6312
3574 66.4334 66.653
3575 66.4334 66.4665
3576 66.4334 66.4875
3577 66.4334 66.4921
3578 66.4334 66.5879
3579 66.4334 66.5325
3580 66.4334 66.599
3581 66.4334 66.4748
3582 66.4334 66.4334
3583 66.4334 66.5101
3584 66.4334 66.5014
3585 66.4334 66.4355
3586 66.4334 66.4334
3587 66.4334 66.4334
3588 66.4334 66.4334
3589 66.4334 66.4631
3590 66.4334 66.5585
3591 66.4334 66.4352
3592 66.4334 66.4334
3593 66.4334 66.4334
3594 66.4334 66.4372
3595 66.4334 66.4334
3596 66.4334 66.4569
3597 66.4334 66.434
3598 66.4334 66.6149
3599 66.4334 66.4829
3600 66.4334 66.4986
3601 66.4334 66.4405
3602 66.4334 66.4725
3603 66.4334 66.4334
3604 66.4334 66.4334
3605 66.4334 66.4334
3606 66.4334 66.4334
3607 66.4334 66.4744
3608 66.4334 66.533
3609 66.4334 66.5069
3610 66.4334 66.5043
3611 66.4334 66.4532
3612 66.4334 66.4334
3613 66.4334 66.4334
3614 66.4334 66.525
3615 66.4334 66.4571
3616 66.4334 66.4363
3617 66.4334 66.4383
3618 66.4334 66.4334
3619 66.4334 66.5152
3620 66.4334 66.4929
3621 66.4334 66.7013
3622 66.4334 66.5592
3623 66.4334 66.6425
3624 66.4334 66.6873
3625 66.4334 67.0711
3626 66.4334 66.6493
3627 66.4334 66.5115
3628 66.4334 66.5195
3629 66.4334 66.569
3630 66.4334 66.7385
3631 66.4334 66.4793
3632 66.4334 66.4334
3633 66.4334 66.4573
3634 66.4334 66.4334
3635 66.4334 66.4334
3636 66.4334 66.5972
3637 66.4334 66.9105
3638 66.4334 66.8045
3639 66.4334 66.6368
3640 66.4334 66.5609
3641 66.4334 66.4748
3642 66.4334 66.5808
3643 66.4334 66.5612
3644 66.4334 66.5578
3645 66.4334 66.6018
3646 66.4334 66.4573
3647 66.4334 66.7796
3648 66.4334 66.441
3649 66.4334 66.4702
3650 66.4334 66.5321
3651 66.4334 66.5005
3652 66.4334 66.6448
3653 66.4334 66.5688
3654 66.4334 66.5789
3655 66.4334 66.6451
3656 66.4334 66.6408
3657 66.4334 66.4334
3658 66.4334 66.4458
3659 66.4334 66.4368
3660 66.4334 66.4416
3661 66.4334 66.4793
3662 66.4334 66.4548
3663 66.4334 66.4351
3664 66.4334 66.4367
3665 66.4334 66.4397
3666 66.4334 66.5087
3667 66.4334 66.4999
3668 66.4334 66.5629
3669 66.4334 66.4334
3670 66.4334 66.7281
3671 66.4334 66.7326
3672 66.4334 66.6076
3673 66.4334 66.6143
3674 66.4334 66.4818
3675 66.4334 66.4334
3676 66.4334 66.5621
3677 66.4334 66.6019
3678 66.4334 66.4334
3679 66.4334 66.4334
3680 66.4334 66.4361
3681 66.4334 66.5885
3682 66.4334 66.5976
3683 66.4334 66.5416
3684 66.4334 66.6354
3685 66.4334 66.4334
3686 66.4334 66.6372
3687 66.4334 66.5237
3688 66.4334 66.4352
3689 66.4334 66.5087
3690 66.4334 66.4659
3691 66.4334 66.4334
3692 66.4334 66.4346
3693 66.4334 66.4643
3694 66.4334 66.4404
3695 66.4334 66.4375
3696 66.4334 66.4639
3697 66.4334 66.6283
3698 66.4334 66.6909
3699 66.4334 66.6394
3700 66.4334 66.7123
3701 66.4334 66.7042
3702 66.4334 66.6511
3703 66.4334 66.5011
3704 66.4334 66.6541
3705 66.4334 66.4429
3706 66.4334 66.452
3707 66.4334 66.4334
3708 66.4334 66.4343
3709 66.4334 66.4962
3710 66.4334 66.6447
3711 66.4334 66.6115
3712 66.4334 66.472
3713 66.4334 66.6479
3714 66.4334 66.7819
3715 66.4334 66.6355
3716 66.4334 66.4614
3717 66.4334 66.5546
3718 66.4334 66.7854
3719 66.4334 66.5708
3720 66.4334 66.536
3721 66.4334 66.4338
3722 66.4334 66.4555
3723 66.4334 66.4334
3724 66.4334 66.4334
3725 66.4334 66.4579
3726 66.4334 66.4505
3727 66.4334 66.4449
3728 66.4334 66.5594
3729 66.4334 66.4704
3730 66.4334 66.4667
3731 66.4334 66.4334
3732 66.4334 66.4334
3733 66.4334 66.4334
3734 66.4334 66.5699
3735 66.4334 66.513
3736 66.4334 66.8506
3737 66.4334 66.7471
3738 66.4334 66.7249
3739 66.4334 66.8378
3740 66.4334 66.7014
3741 66.4334 66.4334
3742 66.4334 66.4334
3743 66.4334 66.4334
3744 66.4334 66.4414
3745 66.4334 66.4919
3746 66.4334 66.4376
3747 66.4334 66.4374
3748 66.4334 66.4358
3749 66.4334 66.446
3750 66.4334 66.4881
3751 66.4334 66.5099
3752 66.4334 66.4426
3753 66.4334 66.4334
3754 66.4334 66.4796
3755 66.4334 66.4334
3756 66.4334 66.4334
3757 66.4334 66.4567
3758 66.4334 66.4948
3759 66.4334 66.548
3760 66.4334 66.464
3761 66.4334 66.4461
3762 66.4334 66.4432
3763 66.4334 66.4334
3764 66.4334 66.466
3765 66.4334 66.4338
3766 66.4334 66.442
3767 66.4334 66.4782
3768 66.4334 66.702
3769 66.4334 66.5298
3770 66.4334 66.5338
3771 66.4334 66.7019
3772 66.4334 66.7633
3773 66.4334 66.6558
3774 66.4334 66.4841
3775 66.4334 66.4531
3776 66.4334 66.519
3777 66.4334 66.4724
3778 66.4334 66.502
3779 66.4334 66.4334
3780 66.4334 66.4882
3781 66.4334 66.5275
3782 66.4334 66.7245
3783 66.4334 66.4615
3784 66.4334 66.5216
3785 66.4334 66.5796
3786 66.4334 66.6373
3787 66.4334 66.4602
3788 66.4334 66.4334
3789 66.4334 66.4334
3790 66.4334 66.4818
3791 66.4334 66.5308
3792 66.4334 66.5056
3793 66.4334 66.5979
3794 66.4334 66.4843
3795 66.4334 66.4334
3796 66.4334 66.5206
3797 66.4334 66.5014
3798 66.4334 66.4565
3799 66.4334 66.5137
3800 66.4334 66.6061
3801 66.4334 66.4458
3802 66.4334 66.4334
3803 66.4334 66.4875
3804 66.4334 66.5533
3805 66.4334 66.5407
3806 66.4334 66.4465
3807 66.4334 66.5179
3808 66.4334 66.4825
3809 66.4334 66.4351
3810 66.4334 66.4678
3811 66.4334 66.4662
3812 66.4334 66.4649
3813 66.4334 66.6435
3814 66.4334 66.4944
3815 66.4334 66.4466
3816 66.4334 66.4931
3817 66.4334 66.574
3818 66.4334 66.5835
3819 66.4334 66.6959
3820 66.4334 66.8691
3821 66.4334 66.6566
3822 66.4334 66.8089
3823 66.4334 66.6126
3824 66.4334 66.6256
3825 66.4334 66.4516
3826 66.4334 66.4373
3827 66.4334 66.5079
3828 66.4334 66.6573
3829 66.4334 66.4898
3830 66.4334 66.4349
3831 66.4334 66.4546
3832 66.4334 66.4334
3833 66.4334 66.5223
3834 66.4334 66.5474
3835 66.4334 66.5138
3836 66.4334 66.5445
3837 66.4334 66.4412
3838 66.4334 66.44
3839 66.4334 66.5249
3840 66.4334 66.4592
3841 66.4334 66.4391
3842 66.4334 66.4694
3843 66.4334 66.459
3844 66.4334 66.7182
3845 66.4334 66.6286
3846 66.4334 66.6073
3847 66.4334 66.7855
3848 66.4334 66.9617
3849 66.4334 66.7848
3850 66.4334 66.891
3851 66.4334 66.4765
3852 66.4334 66.4994
3853 66.4334 66.4334
3854 66.4334 66.4334
3855 66.4334 66.441
3856 66.4334 66.5869
3857 66.4334 66.5788
3858 66.4334 66.4334
3859 66.4334 66.475
3860 66.4334 66.5332
3861 66.4334 66.4564
3862 66.4334 66.4993
3863 66.4334 66.6451
3864 66.4334 66.4611
3865 66.4334 66.8457
3866 66.4334 66.4347
3867 66.4334 66.4334
3868 66.4334 66.6282
3869 66.4334 66.5212
3870 66.4334 66.5927
3871 66.4334 66.4394
3872 66.4334 66.4334
3873 66.4334 66.4525
3874 66.4334 66.4504
3875 66.4334 66.6682
3876 66.4334 66.7109
3877 66.4334 66.6908
3878 66.4334 66.5066
3879 66.4334 66.4977
3880 66.4334 66.5326
3881 66.4334 66.4922
3882 66.4334 66.4457
3883 66.4334 66.4334
3884 66.4334 66.617
3885 66.4334 66.4852
3886 66.4334 66.69
3887 66.4334 66.5281
3888 66.4334 66.438
3889 66.4334 66.4832
3890 66.4334 66.5141
3891 66.4334 66.4641
3892 66.4334 66.731
3893 66.4334 66.6425
3894 66.4334 66.6096
3895 66.4334 66.5211
3896 66.4334 66.5354
3897 66.4334 66.4475
3898 66.4334 66.4886
3899 66.4334 66.4908
3900 66.4334 66.573
3901 66.4334 66.4959
3902 66.4334 66.441
3903 66.4334 66.4988
3904 66.4334 66.4435
3905 66.4334 66.5374
3906 66.4334 66.4788
3907 66.4334 66.4521
3908 66.4334 66.4457
3909 66.4334 66.4334
3910 66.4334 66.4334
3911 66.4334 66.4495
3912 66.4334 66.5139
3913 66.4334 66.4384
3914 66.4334 66.5581
3915 66.4334 66.4823
3916 66.4334 66.5503
3917 66.4334 66.4625
3918 66.4334 66.4906
3919 66.4334 66.5606
3920 66.4334 66.4595
3921 66.4334 66.4411
3922 66.4334 66.4523
3923 66.4334 66.4919
3924 66.4334 66.5883
3925 66.4334 66.4895
3926 66.4334 66.7088
3927 66.4334 66.5747
3928 66.4334 66.4416
3929 66.4334 66.4334
3930 66.4334 66.4892
3931 66.4334 66.4543
3932 66.4334 66.4717
3933 66.4334 66.452
3934 66.4334 66.4334
3935 66.4334 66.4334
3936 66.4334 66.4516
3937 66.4334 66.4334
3938 66.4334 66.4334
3939 66.4334 66.4751
3940 66.4334 66.445
3941 66.4334 66.4908
3942 66.4334 66.6526
3943 66.4334 66.4453
3944 66.4334 66.4609
3945 66.4334 66.4519
3946 66.4334 66.759
3947 66.4334 66.5376
3948 66.4334 66.4859
3949 66.4334 66.4383
3950 66.4334 66.4572
3951 66.4334 66.4548
3952 66.4334 66.4875
3953 66.4334 66.5178
3954 66.4334 66.4644
3955 66.4334 66.4968
3956 66.4334 66.4334
3957 66.4334 66.4981
3958 66.4334 66.4366
3959 66.4334 66.4334
3960 66.4334 66.4334
3961 66.4334 66.4334
3962 66.4334 66.4334
3963 66.4334 66.4334
3964 66.4334 66.4334
3965 66.4334 66.4334
3966 66.4334 66.483
3967 66.4334 66.456
3968 66.4334 66.4943
3969 66.4334 66.6051
3970 66.4334 66.593
3971 66.4334 66.4334
3972 66.4334 66.495
3973 66.4334 66.5322
3974 66.4334 66.5432
3975 66.4334 66.4943
3976 66.4334 66.4568
3977 66.4334 66.5326
3978 66.4334 66.5138
3979 66.4334 66.4358
3980 66.4334 66.4334
3981 66.4334 66.4334
3982 66.4334 66.494
3983 66.4334 66.6
3984 66.4334 66.5608
3985 66.4334 66.436
3986 66.4334 66.4334
3987 66.4334 66.4334
3988 66.4334 66.5514
3989 66.4334 66.6141
3990 66.4334 66.6879
3991 66.4334 66.4553
3992 66.4334 66.4559
3993 66.4334 66.4334
3994 66.4334 66.6626
3995 66.4334 66.5729
3996 66.4334 66.9656
3997 66.4334 66.5925
3998 66.4334 66.5152
3999 66.4334 66.5979
