0 410.891 463.865
1 389.488 439.29
2 381.015 413.377
3 372.327 394.128
4 362.873 381.214
5 355.793 372.543
6 343.424 363.349
7 332.628 354.724
8 329.325 343.576
9 319.537 333.792
10 314.625 327.8
11 312.146 321.857
12 302.585 318.102
13 295.201 312.218
14 291.006 306.791
15 283.798 298.723
16 283.252 291.812
17 269.019 287.731
18 268.504 281.844
19 264.29 274.376
20 255.684 269.076
21 254.06 264.751
22 250.323 259.624
23 248.646 255.432
24 247.094 252.632
25 241.857 250.27
26 240.278 247.009
27 239.366 244.244
28 237.407 242.19
29 232.351 240.587
30 230.437 238.414
31 225.151 235.251
32 222.605 231.753
33 219.184 227.671
34 214.562 224.803
35 212.614 221.913
36 209.146 217.854
37 207.232 214.766
38 204.759 211.359
39 202.678 209.281
40 196.877 206.708
41 194.562 203.293
42 189.773 198.945
43 188.953 195.796
44 187.016 192.03
45 186.188 190.182
46 182.907 188.166
47 181.498 186.802
48 181.498 185.177
49 179.885 183.306
50 178.624 182.488
51 177.7 181.412
52 176.848 180.428
53 174.096 179.273
54 170.925 178.141
55 166.547 175.717
56 165.227 172.475
57 163.766 169.309
58 163.3 167.118
59 160.871 165.348
60 160.403 164.093
61 159.527 162.941
62 158.283 162.088
63 155.278 160.867
64 155.278 159.78
65 154.796 158.039
66 151.202 156.57
67 148.161 156.212
68 146.748 154.018
69 146.748 151.292
70 146.062 148.67
71 144.801 147.595
72 144.114 146.637
73 143.642 145.448
74 142.788 144.445
75 141.295 143.986
76 140.823 143.697
77 140.055 142.505
78 139.795 141.868
79 138.612 141.132
80 138.133 140.667
81 137.33 140.586
82 135.834 139.657
83 135.609 138.817
84 134.844 139.071
85 134.689 137.839
86 132.896 137.471
87 132.007 136.858
88 131.336 135.419
89 129.652 134.123
90 129.231 133.201
91 128.98 132.296
92 127.988 132.409
93 127.326 130.957
94 126.327 129.789
95 126.327 128.968
96 125.84 128.29
97 125.397 127.46
98 125.075 126.846
99 123.52 126.052
100 123.077 125.591
101 120.668 124.521
102 120.226 123.213
103 120.226 122.119
104 120.226 121.289
105 120.14 120.785
106 118.312 120.454
107 117.926 120.138
108 117.306 119.639
109 116.899 118.72
110 115.855 117.993
111 115.323 117.122
112 114.917 116.474
113 114.534 115.874
114 114.004 115.258
115 113.873 114.866
116 111.896 114.603
117 111.896 114.004
118 110.331 114.17
119 110.331 113.04
120 107.846 113.581
121 107.184 111.99
122 107.184 109.494
123 107.184 109.029
124 106.634 108.301
125 106.486 107.744
126 105.936 107.326
127 105.415 106.963
128 105.415 106.186
129 105.183 105.97
130 104.637 105.725
131 104.405 105.574
132 104.014 105.02
133 103.787 104.634
134 103.633 104.423
135 103.102 104.108
136 103.102 103.873
137 102.222 103.491
138 102.002 103.111
139 101.675 102.966
140 101.455 102.412
141 101.455 101.975
142 100.105 101.806
143 99.4479 101.39
144 99.4479 101.001
145 99.4479 100.264
146 99.4479 99.8691
147 99.1266 99.6041
148 98.6576 99.6992
149 97.9011 100.596
150 97.9011 100.8
151 97.2807 100.347
152 97.2807 99.0127
153 96.6589 98.5324
154 96.6589 97.6976
155 96.6589 97.3258
156 96.2708 97.1933
157 96.2708 96.9047
158 96.2708 96.5698
159 96.2135 96.4183
160 95.6181 96.3182
161 95.5848 96.1287
162 95.2768 95.9762
163 94.8502 95.7273
164 94.5088 95.4207
165 93.9469 95.0195
166 93.7285 94.6349
167 93.1666 94.2595
168 93.1092 93.9495
169 93.1092 93.5925
170 93.1092 93.471
171 93.0817 93.2924
172 91.9015 93.2185
173 91.8739 93.0203
174 91.501 92.5438
175 91.4735 92.097
176 91.4735 91.8206
177 88.5055 91.7528
178 88.5055 91.3576
179 88.2711 90.9846
180 88.2711 89.6235
181 88.2711 89.3627
182 87.8777 89.185
183 86.703 88.8737
184 86.3096 88.2561
185 86.3096 87.6237
186 86.3096 87.4777
187 86.3096 86.897
188 86.3096 86.7784
189 86.3096 86.4203
190 86.3096 86.3114
191 85.0897 86.3151
192 84.8013 86.3505
193 84.8013 85.7758
194 84.2186 85.2039
195 83.9301 84.8522
196 83.8492 84.5089
197 83.5608 84.2338
198 83.5608 83.9216
199 83.5608 83.886
200 83.5608 83.8073
201 83.5608 83.7931
202 83.5608 83.6296
203 82.7283 83.6143
204 82.7283 83.4817
205 82.7283 83.4197
206 82.7283 83.1506
207 82.7283 82.9663
208 82.7283 82.9206
209 82.7283 82.8596
210 82.238 82.7615
211 82.2284 82.7019
212 81.4239 82.5604
213 81.4239 82.35
214 81.4239 82.1932
215 81.4239 81.6471
216 81.4239 81.4883
217 81.4239 81.4322
218 81.4239 81.4666
219 81.4239 81.4621
220 81.4239 81.4747
221 81.4239 81.4239
222 81.4239 81.4239
223 81.4239 81.5101
224 81.4239 81.7043
225 80.8558 81.6087
226 80.8558 81.695
227 80.8558 81.2784
228 80.8558 81.2039
229 80.8558 81.0278
230 80.8558 81.0726
231 80.8558 80.875
232 80.8558 80.9086
233 80.8558 81.0901
234 80.8558 80.9797
235 80.8503 80.9673
236 80.8503 80.9716
237 80.8503 80.853
238 80.8503 80.8789
239 80.3863 80.9315
240 80.3863 80.8377
241 80.3798 80.7752
242 80.3798 80.6039
243 79.8262 80.413
244 79.8262 80.7953
245 79.7606 80.7306
246 79.4675 81.0684
247 79.4675 80.5013
248 79.4675 79.7197
249 79.4398 79.7557
250 79.4398 79.7148
251 79.4398 79.8034
252 79.4398 79.5951
253 79.4398 79.7293
254 79.4398 79.513
255 79.4398 79.447
256 79.4398 79.455
257 79.1756 79.4391
258 79.1756 79.4658
259 79.1756 79.5194
260 79.1756 79.5207
261 79.1756 79.2305
262 79.1756 79.1919
263 79.1756 79.1824
264 79.1756 79.4058
265 78.4853 79.3015
266 78.4853 79.2216
267 77.8801 79.5506
268 77.8801 79.0072
269 77.8801 78.5937
270 77.8122 78.6285
271 77.8122 78.0969
272 77.3418 77.9297
273 77.2654 77.796
274 77.2654 77.6651
275 77.2654 77.4264
276 77.2654 77.3167
277 77.2654 77.2795
278 77.2654 77.2766
279 77.2654 77.4144
280 77.2654 77.3974
281 77.2654 77.3714
282 77.2654 77.3135
283 77.2654 77.2654
284 77.0561 77.2648
285 77.0561 77.2594
286 77.0561 77.3094
287 77.0561 77.191
288 76.9119 77.0722
289 76.9119 77.0471
290 76.9119 76.9828
291 76.9119 76.9708
292 76.9119 76.9459
293 76.9119 76.9509
294 76.9119 76.9937
295 76.9119 77.133
296 76.9119 76.9119
297 76.4158 76.9327
298 76.4158 76.8425
299 76.4158 76.611
300 76.4158 76.5213
301 75.7551 76.4853
302 75.7551 76.3421
303 75.7551 76.042
304 75.7551 75.9449
305 75.4602 75.8788
306 75.3364 75.7842
307 75.3364 75.6257
308 75.3324 75.8229
309 75.3324 75.3789
310 75.3324 75.3373
311 75.3324 75.3754
312 75.3324 75.5262
313 75.3324 75.6634
314 75.3324 75.3503
315 75.3324 75.338
316 75.3324 75.335
317 75.3324 75.4491
318 75.3324 75.3441
319 75.3324 75.3389
320 75.3324 75.3373
321 75.3324 75.5227
322 75.3324 75.3545
323 75.3324 75.3324
324 75.3324 75.3324
325 75.3324 75.3513
326 75.3324 75.3761
327 75.3324 75.339
328 75.3324 75.3609
329 75.3324 75.5211
330 75.3324 75.3443
331 75.3324 75.3324
332 74.8181 75.331
333 74.8181 75.2619
334 74.8181 75.0484
335 74.5464 74.9369
336 74.5464 74.8362
337 73.8462 74.7449
338 73.8462 74.5944
339 73.8462 74.1925
340 73.8462 74.1774
341 72.8746 74.0504
342 72.8746 73.7589
343 72.4805 73.3917
344 72.4805 73.1144
345 72.4805 72.7885
346 72.4805 72.6494
347 72.2343 72.5639
348 72.2343 72.5209
349 72.2343 72.446
350 72.2343 72.3038
351 72.2343 72.6441
352 72.2343 72.4406
353 72.067 72.4131
354 72.067 72.7939
355 71.5601 73.2124
356 71.5601 72.5578
357 71.5601 72.4723
358 71.5601 72.0585
359 71.4754 71.9729
360 71.4754 71.8715
361 71.4754 71.5577
362 71.4754 71.7472
363 71.3687 71.514
364 71.3366 71.4901
365 71.3366 71.7014
366 71.3366 71.6914
367 70.9473 71.3513
368 70.9473 71.3397
369 70.9473 71.2793
370 70.9473 71.0932
371 70.9473 70.994
372 70.9473 71.0304
373 70.9473 70.9484
374 70.9473 70.9473
375 70.9444 70.9473
376 70.9444 70.9519
377 70.72 71.1628
378 70.72 71.1129
379 70.6038 70.9094
380 70.6038 70.7983
381 70.6038 71.1016
382 70.6038 71.1122
383 70.6038 70.7816
384 70.6038 70.6644
385 70.3394 70.6218
386 70.3394 70.6021
387 70.3394 70.715
388 70.3394 70.4116
389 70.3394 70.413
390 70.3394 70.357
391 70.3394 70.3394
392 70.3394 70.3394
393 70.3394 70.3394
394 70.3394 70.3394
395 70.3394 70.5601
396 70.3394 70.3559
397 70.3394 70.4572
398 70.3394 70.621
399 70.3394 70.641
400 70.3394 70.3909
401 70.3394 70.5512
402 70.3394 70.5522
403 70.3394 70.4458
404 70.3394 70.406
405 70.3394 70.4531
406 70.3394 70.3532
407 70.3394 70.3448
408 70.3394 70.3394
409 70.3394 70.3394
410 70.3394 70.6793
411 70.3394 70.4814
412 69.6829 70.3354
413 69.6829 70.2452
414 69.6829 70.0015
415 69.6829 69.8632
416 69.6829 70.0056
417 69.6829 69.9122
418 69.6829 69.7496
419 69.6829 69.6829
420 69.6829 69.7442
421 69.1941 69.6967
422 69.1941 69.6983
423 69.1941 69.6505
424 69.1941 69.381
425 69.0306 69.5128
426 69.0306 69.2152
427 69.0306 69.1103
428 69.0306 69.0723
429 69.0306 69.1179
430 69.0306 69.2645
431 69.0306 69.1494
432 69.0306 69.1762
433 69.0306 69.4223
434 69.0306 69.3449
435 69.0306 69.1822
436 69.0306 69.1862
437 69.0306 69.0503
438 69.0306 69.1706
439 69.0306 69.1036
440 69.0306 69.0769
441 69.0306 69.0361
442 69.0306 69.0915
443 69.0306 69.048
444 69.0306 69.1106
445 69.0306 69.2507
446 69.0306 69.15
447 69.0306 69.0373
448 69.0306 69.1757
449 69.0306 69.1198
450 69.0306 69.0422
451 69.0306 69.0306
452 69.0306 69.1561
453 69.0306 69.0306
454 69.0306 69.0306
455 69.0306 69.0306
456 69.0306 69.047
457 69.0306 69.0524
458 69.0306 69.2034
459 69.0306 69.0691
460 69.0306 69.0306
461 69.0306 69.0306
462 69.0306 69.0384
463 69.0306 69.0306
464 69.0306 69.2024
465 69.0306 69.3993
466 69.0306 69.3362
467 69.0306 69.1894
468 69.0306 69.1773
469 69.0306 69.0306
470 69.0306 69.0306
471 69.0306 69.0306
472 69.0306 69.0994
473 69.0306 69.0878
474 69.0306 69.0949
475 69.0306 69.0332
476 69.0306 69.0306
477 69.0306 69.0466
478 69.0306 69.2076
479 69.0306 69.1729
480 69.0306 69.0594
481 69.0306 69.219
482 69.0306 69.1128
483 69.0306 69.1126
484 69.0306 69.3198
485 69.0306 69.218
486 69.0306 69.0352
487 69.0306 69.1085
488 69.0306 69.0548
489 69.0306 69.118
490 69.0306 69.0705
491 69.0306 69.2382
492 69.0306 69.0306
493 69.0306 69.2849
494 69.0306 69.0986
495 69.0306 69.0306
496 69.0306 69.0306
497 69.0306 69.0507
498 69.0306 69.045
499 69.0306 69.1068
500 69.0306 69.1017
501 69.0306 69.0306
502 69.0306 69.0306
503 69.0306 69.0951
504 69.0306 69.0334
505 69.0306 69.0306
506 69.0306 69.084
507 69.0306 69.0939
508 69.0306 69.0306
509 69.0306 69.1896
510 69.0306 69.257
511 69.0306 69.2477
512 69.0306 69.1291
513 68.9176 69.0902
514 68.9176 69.0439
515 68.9176 68.9806
516 68.9176 69.131
517 68.9176 69.0298
518 68.9176 69.1144
519 68.9176 69.0004
520 68.9176 68.9988
521 68.9176 68.9176
522 68.9176 68.9726
523 68.9176 68.9176
524 68.9176 68.9325
525 68.9176 68.973
526 68.9176 68.922
527 68.9176 69.0454
528 68.9176 68.9519
529 68.9176 68.9242
530 68.9176 68.9216
531 68.9176 69.0512
532 68.9176 68.9508
533 68.9176 68.9176
534 68.9176 68.9176
535 68.9176 68.962
536 68.9176 68.9429
537 68.9176 68.92
538 68.9176 68.9176
539 68.9176 68.9452
540 68.9176 68.9946
541 68.9176 68.9521
542 68.9176 68.9778
543 68.9176 68.9765
544 68.9176 68.946
545 68.9176 68.9464
546 68.9176 68.9176
547 68.9176 68.9305
548 68.9176 69.008
549 68.9176 69.1715
550 68.9176 69.1082
551 68.9176 68.9733
552 68.9176 69.0745
553 68.3098 68.9231
554 68.3098 68.9187
555 68.3098 69.2767
556 68.3098 69.1103
557 68.3098 68.6964
558 68.3098 68.77
559 68.3098 68.4961
560 68.3098 68.3885
561 68.3098 68.3156
562 68.3098 68.446
563 68.3098 68.3973
564 68.3098 68.3356
565 68.2755 68.3201
566 68.2755 68.3576
567 68.2755 68.4436
568 68.2755 68.396
569 68.2755 68.2769
570 68.2755 68.2755
571 68.2755 68.2759
572 68.2755 68.2861
573 68.2755 68.2755
574 68.2755 68.2797
575 68.2755 68.3003
576 68.2755 68.4373
577 68.2755 68.4218
578 68.2755 68.2819
579 68.2755 68.2755
580 68.2755 68.2755
581 68.2755 68.2755
582 68.2755 68.2755
583 68.2755 68.3154
584 68.2755 68.4126
585 68.2755 68.4552
586 68.2755 68.4381
587 68.2755 68.4578
588 68.2755 68.4362
589 68.2755 68.3223
590 68.2755 68.3068
591 68.2755 68.2859
592 68.2755 68.2755
593 68.2755 68.3054
594 68.2755 68.3581
595 68.2755 68.519
596 68.2755 68.3512
597 68.2755 68.5248
598 68.2755 68.8306
599 68.2755 68.4805
600 68.2755 68.5494
601 68.2312 68.6471
602 68.2312 68.4988
603 68.2312 68.328
604 68.2312 68.6165
605 68.1167 68.3555
606 68.1167 68.2652
607 68.1167 68.2146
608 68.1167 68.203
609 68.1167 68.1732
610 68.1167 68.2317
611 68.1167 68.1344
612 68.1167 68.1167
613 68.1167 68.1813
614 68.1167 68.1865
615 68.1167 68.2182
616 68.1167 68.2421
617 68.1167 68.405
618 68.1167 68.1374
619 68.1167 68.2208
620 68.1167 68.2522
621 68.1167 68.1928
622 68.1167 68.1545
623 68.1167 68.3603
624 68.1167 68.2371
625 68.1167 68.2048
626 68.1167 68.3096
627 68.1167 68.1349
628 68.1167 68.1538
629 68.1167 68.1182
630 68.1167 68.1167
631 68.1167 68.1167
632 68.1167 68.1408
633 68.1167 68.1647
634 68.1167 68.1526
635 68.1167 68.1496
636 68.1167 68.1167
637 68.1167 68.1375
638 68.1167 68.1656
639 68.1167 68.1586
640 68.1167 68.1223
641 68.1167 68.2832
642 68.1167 68.1316
643 68.1167 68.2073
644 68.1167 68.1544
645 68.1167 68.1167
646 68.1167 68.127
647 68.1167 68.1171
648 68.1167 68.1224
649 68.1167 68.1223
650 68.1167 68.1651
651 68.1167 68.2262
652 68.1167 68.1167
653 68.1167 68.1702
654 68.1167 68.2523
655 68.1167 68.4575
656 68.1167 68.2483
657 68.1167 68.2861
658 68.1167 68.3231
659 68.1167 68.3112
660 68.1167 68.1568
661 68.1167 68.1277
662 68.1167 68.1277
663 68.1167 68.1305
664 68.1167 68.2348
665 68.1167 68.3536
666 68.1167 68.1461
667 68.1167 68.1186
668 68.1167 68.1348
669 68.1167 68.1167
670 68.1167 68.1229
671 68.1167 68.216
672 68.1167 68.1919
673 68.1167 68.3644
674 68.1167 68.3048
675 68.1167 68.1675
676 68.1167 68.1167
677 68.1167 68.1527
678 68.1167 68.1167
679 68.1167 68.1276
680 68.1167 68.223
681 68.1167 68.8852
682 68.1167 68.6958
683 68.1167 68.284
684 68.1167 68.1311
685 68.1167 68.1475
686 68.1167 68.1168
687 68.1167 68.2244
688 68.1167 68.1274
689 68.1167 68.1313
690 68.1167 68.1974
691 68.1167 68.149
692 68.1167 68.17
693 68.1167 68.1851
694 68.1167 68.132
695 68.1167 68.1778
696 68.1167 68.1459
697 68.1167 68.2591
698 68.1167 68.1496
699 68.1167 68.1886
700 68.1167 68.1588
701 67.7816 68.1524
702 67.7816 68.1707
703 67.7816 68.0087
704 67.7816 68.0587
705 67.7816 68.0324
706 67.7816 67.8158
707 67.7816 67.8343
708 67.7816 67.9268
709 67.7816 67.7942
710 67.7816 67.8534
711 67.7816 67.8545
712 67.7816 67.8904
713 67.7816 67.9762
714 67.4869 67.7808
715 67.1096 67.7975
716 67.1096 67.649
717 67.1096 67.7214
718 67.1096 67.3042
719 67.1096 67.3137
720 67.1096 67.1327
721 67.1096 67.1303
722 67.1096 67.1096
723 67.1096 67.1636
724 67.1096 67.2086
725 67.1096 67.3194
726 67.1096 67.1778
727 67.1096 67.248
728 67.1096 67.1232
729 67.1096 67.1448
730 67.1096 67.1173
731 67.1096 67.1096
732 67.1096 67.1872
733 67.1096 67.1096
734 67.1096 67.135
735 67.1096 67.2056
736 67.1096 67.1892
737 67.1096 67.2126
738 67.1096 67.1096
739 67.1096 67.1199
740 67.1096 67.1097
741 67.1096 67.1839
742 67.1096 67.1337
743 67.1096 67.1096
744 67.1096 67.1297
745 67.1096 67.1646
746 67.1096 67.1888
747 67.1096 67.1118
748 67.1096 67.1096
749 67.1096 67.1096
750 67.1096 67.1096
751 67.1096 67.117
752 67.1096 67.1898
753 67.1096 67.2471
754 67.1096 67.1557
755 67.1096 67.1123
756 67.1096 67.1219
757 67.1096 67.131
758 67.1096 67.119
759 67.1096 67.1096
760 67.1096 67.2291
761 67.1096 67.2739
762 67.1096 67.3468
763 67.1096 67.4936
764 67.1096 67.1915
765 67.1096 67.4957
766 67.1096 67.1813
767 67.1096 67.2682
768 67.1096 67.1096
769 67.1096 67.1719
770 67.1096 67.1807
771 67.1096 67.2536
772 67.1096 67.1553
773 67.1096 67.1721
774 67.1096 67.2781
775 67.1096 67.1632
776 67.1096 67.1096
777 67.1096 67.1488
778 67.1096 67.1096
779 67.1096 67.1164
780 67.1096 67.119
781 67.1096 67.1096
782 67.1096 67.1729
783 67.1096 67.1457
784 67.1096 67.2047
785 67.1096 67.2536
786 67.1096 67.2459
787 67.1096 67.1369
788 67.1096 67.1631
789 67.1096 67.1802
790 67.1096 67.1773
791 67.1096 67.1096
792 67.1096 67.1136
793 67.1096 67.1366
794 67.1096 67.2273
795 67.1096 67.148
796 67.1096 67.1767
797 67.1096 67.1119
798 67.1096 67.1401
799 67.1096 67.1943
800 67.1096 67.1744
801 67.1096 67.2397
802 67.1096 67.1225
803 67.1096 67.1161
804 67.1096 67.1947
805 67.1096 67.245
806 67.1096 67.1096
807 67.1096 67.1096
808 67.1096 67.1453
809 67.1096 67.1096
810 67.1096 67.1096
811 67.1096 67.1838
812 67.1096 67.2114
813 67.1049 67.2221
814 67.1049 67.1783
815 67.1049 67.2397
816 67.1049 67.1147
817 67.1049 67.1452
818 67.0639 67.1489
819 67.0639 67.1266
820 67.0639 67.147
821 67.0639 67.1039
822 67.0639 67.0853
823 67.0639 67.4235
824 67.0639 67.2497
825 67.0639 67.2671
826 67.0639 67.1516
827 67.0639 67.0763
828 67.0639 67.0983
829 67.0639 67.0639
830 67.0639 67.0718
831 67.0639 67.0639
832 67.0639 67.0639
833 67.0639 67.0639
834 67.0639 67.0639
835 67.0639 67.1413
836 67.0639 67.0639
837 67.0639 67.1415
838 67.0639 67.2385
839 67.0639 67.1442
840 67.0639 67.0911
841 67.0639 67.1874
842 67.0639 67.1645
843 67.0639 67.0953
844 67.0639 67.0639
845 67.0639 67.0639
846 67.0639 67.2157
847 67.0639 67.1363
848 67.0639 67.0698
849 67.0639 67.1452
850 67.0639 67.1485
851 67.0639 67.1573
852 67.0639 67.1769
853 67.0639 67.0659
854 67.0639 67.0911
855 67.0639 67.0835
856 67.0639 67.1339
857 67.0639 67.1813
858 67.0639 67.2138
859 67.0639 67.1024
860 67.0639 67.0639
861 67.0639 67.0639
862 67.0639 67.0639
863 67.0639 67.0639
864 67.0639 67.0639
865 67.0639 67.0639
866 67.0639 67.0639
867 67.0639 67.2196
868 67.0639 67.064
869 67.0639 67.0639
870 67.0639 67.2079
871 67.0639 67.0639
872 67.0639 67.0639
873 67.0639 67.077
874 67.0639 67.0639
875 67.0639 67.0639
876 67.0639 67.0644
877 67.0639 67.3881
878 67.0639 67.5286
879 67.0639 67.6854
880 67.0639 67.2138
881 67.0639 67.1752
882 67.0639 67.1427
883 67.0639 67.0721
884 67.0639 67.0741
885 67.0639 67.1208
886 67.0639 67.1092
887 67.0639 67.0639
888 67.0639 67.0639
889 67.0639 67.0639
890 67.0639 67.1182
891 67.0639 67.2716
892 67.0639 67.1664
893 67.0639 67.1381
894 67.0639 67.1242
895 67.0639 67.1441
896 67.0639 67.2863
897 67.0639 67.2993
898 67.0639 67.0778
899 67.0639 67.1272
900 67.0639 67.0646
901 67.0639 67.0975
902 67.0639 67.0757
903 67.0639 67.0639
904 67.0639 67.0691
905 67.0639 67.1423
906 67.0639 67.0715
907 67.0639 67.0639
908 67.0639 67.1628
909 67.0639 67.0639
910 67.0639 67.0741
911 67.0639 67.1279
912 67.0639 67.0739
913 67.0639 67.0804
914 67.0639 67.0691
915 67.0639 67.0639
916 67.0639 67.0651
917 67.0639 67.0991
918 67.0639 67.2246
919 67.0639 67.3134
920 67.0639 67.1889
921 67.0639 67.1268
922 67.0639 67.3238
923 67.0639 67.1297
924 67.0639 67.0688
925 67.0639 67.0819
926 67.0639 67.1203
927 67.0639 67.0639
928 67.0639 67.0639
929 67.0639 67.068
930 67.0639 67.401
931 67.0639 67.3626
932 67.0639 67.0723
933 67.0639 67.1913
934 67.0639 67.0767
935 67.0639 67.1491
936 67.0639 67.2173
937 67.0639 67.1506
938 67.0639 67.1173
939 67.0639 67.0693
940 67.0639 67.0652
941 67.0639 67.0639
942 67.0639 67.0639
943 67.0639 67.0639
944 67.0639 67.0639
945 67.0639 67.0678
946 67.0639 67.1058
947 67.0639 67.2598
948 67.0639 67.2051
949 67.0639 67.1426
950 67.0639 67.1523
951 67.0639 67.4639
952 67.0639 67.2576
953 67.0639 67.4617
954 67.0639 67.2921
955 67.0639 67.2259
956 67.0639 67.1465
957 67.0639 67.2036
958 67.0639 67.1491
959 67.0639 67.0662
960 67.0639 67.0687
961 67.0639 67.1054
962 67.0639 67.0639
963 67.0639 67.0639
964 67.0639 67.1391
965 67.0639 67.1304
966 67.0639 67.0696
967 67.0639 67.0735
968 67.0639 67.0639
969 67.0639 67.0696
970 67.0639 67.0689
971 67.0639 67.0639
972 67.0639 67.0825
973 67.0639 67.0855
974 67.0639 67.0639
975 67.0639 67.0906
976 67.0639 67.2031
977 67.0639 67.1196
978 67.0639 67.2232
979 67.0639 67.6218
980 67.0639 67.0985
981 67.0639 67.0639
982 67.0639 67.1145
983 67.0639 67.0639
984 67.0639 67.172
985 67.0639 67.1029
986 67.0639 67.1278
987 67.0639 67.1971
988 67.0639 67.0671
989 67.0639 67.0651
990 67.0639 67.0909
991 67.0639 67.106
992 67.0639 67.1336
993 67.0639 67.0713
994 67.0639 67.1106
995 67.0639 67.3149
996 67.0639 67.1316
997 67.0639 67.1779
998 67.0639 67.1414
999 67.0639 67.0639
1000 67.0639 67.0639
1001 67.0639 67.1057
1002 67.0639 67.0843
1003 67.0639 67.1434
1004 67.0639 67.0874
1005 67.0639 67.1829
1006 67.0639 67.1003
1007 67.0639 67.0834
1008 67.0639 67.0766
1009 67.0639 67.3226
1010 67.0639 67.0639
1011 67.0639 67.0639
1012 67.0639 67.1299
1013 67.0639 67.1254
1014 67.0639 67.0639
1015 67.0639 67.0911
1016 67.0639 67.1699
1017 67.0639 67.2004
1018 67.0639 67.156
1019 67.0639 67.5315
1020 67.0639 67.19
1021 67.0639 67.127
1022 67.0639 67.1571
1023 67.0639 67.1581
1024 67.0639 67.0871
1025 67.0639 67.0957
1026 67.0639 67.0639
1027 67.0639 67.1469
1028 67.0639 67.1494
1029 67.0639 67.0639
1030 67.0639 67.0639
1031 67.0639 67.201
1032 67.0639 67.4044
1033 67.0639 67.2417
1034 67.0639 67.0727
1035 67.0639 67.1229
1036 67.0639 67.1485
1037 67.0639 67.2607
1038 67.0639 67.2591
1039 67.0639 67.1927
1040 67.0639 67.1591
1041 67.0639 67.1631
1042 67.0639 67.1804
1043 67.0639 67.075
1044 67.0639 67.069
1045 67.0639 67.0806
1046 67.0639 67.1448
1047 67.0639 67.257
1048 67.0639 67.1372
1049 67.0639 67.0919
1050 67.0639 67.069
1051 67.0639 67.0639
1052 67.0639 67.0639
1053 67.0639 67.0725
1054 67.0639 67.0639
1055 67.0639 67.1014
1056 67.0639 67.0707
1057 67.0639 67.0772
1058 67.0639 67.1146
1059 67.0639 67.1224
1060 67.0639 67.1008
1061 67.0639 67.2898
1062 67.0639 67.1665
1063 67.0639 67.2104
1064 67.0639 67.2606
1065 67.0639 67.2892
1066 67.0639 67.264
1067 67.0639 67.1995
1068 67.0639 67.1278
1069 67.0639 67.2814
1070 67.0639 67.1198
1071 67.0639 67.0829
1072 67.0639 67.0639
1073 67.0639 67.0694
1074 67.0639 67.092
1075 67.0639 67.0881
1076 67.0639 67.2181
1077 67.0639 67.0639
1078 67.0639 67.1006
1079 67.0639 67.0639
1080 67.0639 67.0692
1081 67.0639 67.1162
1082 67.0639 67.0691
1083 67.0639 67.1111
1084 67.0639 67.0991
1085 67.0639 67.3478
1086 67.0639 67.0658
1087 67.0639 67.0639
1088 67.0639 67.0639
1089 67.0639 67.0639
1090 67.0639 67.0639
1091 67.0639 67.0639
1092 67.0639 67.0732
1093 67.0639 67.0757
1094 67.0639 67.0701
1095 67.0639 67.0775
1096 67.0639 67.0639
1097 67.0639 67.1087
1098 67.0639 67.0639
1099 67.0639 67.0675
1100 67.0639 67.2179
1101 67.0639 67.1759
1102 67.0639 67.0762
1103 67.0639 67.0671
1104 67.0639 67.0639
1105 67.0639 67.0639
1106 67.0639 67.3605
1107 67.0639 67.1211
1108 67.0639 67.2648
1109 67.0639 67.1887
1110 67.0639 67.1351
1111 67.0639 67.0783
1112 67.0639 67.0639
1113 67.0639 67.0686
1114 67.0639 67.2146
1115 67.0639 67.0988
1116 67.0639 67.1634
1117 67.0639 67.1704
1118 67.0639 67.2299
1119 67.0639 67.1752
1120 67.0639 67.2248
1121 67.0639 67.1381
1122 67.0639 67.1354
1123 67.0639 67.1972
1124 67.0639 67.1157
1125 67.0639 67.0639
1126 67.0639 67.0639
1127 67.0639 67.1142
1128 67.0639 67.0776
1129 67.0639 67.0868
1130 67.0639 67.1803
1131 67.0639 67.0994
1132 67.0639 67.0671
1133 67.0639 67.1372
1134 67.0639 67.12
1135 67.0639 67.1303
1136 67.0639 67.068
1137 67.0639 67.2513
1138 67.0639 67.1147
1139 67.0639 67.3615
1140 67.0639 67.0639
1141 67.0639 67.1509
1142 67.0639 67.4822
1143 67.0639 67.1204
1144 67.0639 67.0989
1145 67.0639 67.0639
1146 67.0639 67.0639
1147 67.0639 67.0639
1148 67.0639 67.1598
1149 67.0639 67.0811
1150 67.0639 67.2363
1151 67.0639 67.1422
1152 67.0639 67.118
1153 67.0639 67.1574
1154 67.0639 67.1764
1155 67.0639 67.1147
1156 67.0639 67.071
1157 67.0639 67.0639
1158 67.0639 67.0639
1159 67.0639 67.1066
1160 67.0639 67.0819
1161 67.0639 67.1676
1162 67.0639 67.0639
1163 67.0639 67.1083
1164 67.0639 67.0844
1165 67.0639 67.1194
1166 67.0639 67.1886
1167 67.0639 67.0639
1168 67.0639 67.0639
1169 67.0639 67.093
1170 67.0639 67.1082
1171 67.0639 67.226
1172 67.0639 67.1198
1173 67.0639 67.0639
1174 67.0639 67.1015
1175 67.0639 67.0639
1176 67.0639 67.0656
1177 67.0639 67.0782
1178 67.0639 67.0639
1179 67.0639 67.2793
1180 67.0639 67.1247
1181 67.0639 67.1355
1182 67.0639 67.1913
1183 67.0639 67.3022
1184 67.0639 67.1167
1185 67.0639 67.1343
1186 67.0639 67.0794
1187 67.0639 67.1784
1188 67.0639 67.1464
1189 67.0639 67.0908
1190 67.0639 67.0639
1191 67.0639 67.0853
1192 67.0639 67.0848
1193 67.0639 67.2924
1194 67.0639 67.5608
1195 67.0639 67.0832
1196 67.0639 67.0981
1197 67.0639 67.1413
1198 67.0639 67.186
1199 67.0639 67.2628
1200 67.0639 67.5764
1201 67.0639 67.1618
1202 67.0639 67.3143
1203 67.0639 67.2841
1204 67.0639 67.0834
1205 67.0639 67.0925
1206 67.0639 67.0639
1207 67.0639 67.1524
1208 67.0639 67.388
1209 67.0639 67.1383
1210 67.0639 67.0639
1211 67.0639 67.0797
1212 67.0639 67.2077
1213 67.0639 67.2692
1214 67.0639 67.1827
1215 67.0639 67.0961
1216 67.0639 67.1788
1217 67.0639 67.1343
1218 67.0639 67.2126
1219 67.0639 67.0639
1220 67.0639 67.0653
1221 67.0639 67.0639
1222 67.0639 67.0639
1223 67.0639 67.0639
1224 67.0639 67.0639
1225 67.0639 67.0639
1226 67.0639 67.153
1227 67.0639 67.0639
1228 67.0639 67.0757
1229 67.0639 67.1252
1230 67.0639 67.0982
1231 67.0639 67.0639
1232 67.0639 67.4809
1233 67.0639 67.0732
1234 67.0639 67.0639
1235 67.0639 67.0928
1236 67.0639 67.1491
1237 67.0639 67.2698
1238 67.0639 67.0818
1239 67.0639 67.0639
1240 67.0639 67.0639
1241 67.0639 67.0639
1242 67.0639 67.1969
1243 67.0639 67.0639
1244 67.0639 67.0639
1245 67.0639 67.0816
1246 67.0639 67.0832
1247 67.0639 67.2892
1248 67.0639 67.0639
1249 67.0639 67.0724
1250 67.0639 67.084
1251 67.0639 67.2431
1252 67.0639 67.1741
1253 67.0639 67.0974
1254 67.0639 67.0668
1255 67.0639 67.0812
1256 67.0639 67.0976
1257 67.0639 67.1626
1258 67.0639 67.0821
1259 67.0639 67.0888
1260 67.0639 67.0916
1261 67.0639 67.0639
1262 67.0639 67.0639
1263 67.0639 67.0639
1264 67.0639 67.0671
1265 67.0639 67.0666
1266 67.0639 67.0639
1267 67.0639 67.0639
1268 67.0639 67.0639
1269 67.0639 67.0983
1270 67.0639 67.0654
1271 67.0639 67.0796
1272 67.0639 67.076
1273 67.0639 67.0639
1274 67.0639 67.0639
1275 67.0639 67.1445
1276 67.0639 67.0868
1277 67.0639 67.0639
1278 67.0639 67.1289
1279 67.0639 67.0639
1280 67.0639 67.094
1281 67.0639 67.0928
1282 67.0639 67.0846
1283 67.0639 67.1489
1284 67.0639 67.0856
1285 67.0639 67.1265
1286 67.0639 67.2495
1287 67.0639 67.0639
1288 67.0639 67.0639
1289 67.0639 67.0639
1290 67.0639 67.0835
1291 67.0639 67.0639
1292 67.0639 67.0801
1293 67.0639 67.0639
1294 67.0639 67.0643
1295 67.0639 67.1188
1296 67.0639 67.1958
1297 67.0639 67.2322
1298 67.0639 67.2478
1299 67.0639 67.3017
1300 67.0639 67.5214
1301 67.0639 67.3588
1302 67.0639 67.1207
1303 67.0639 67.441
1304 67.0639 67.1954
1305 67.0639 67.1627
1306 67.0639 67.0654
1307 67.0639 67.0639
1308 67.0639 67.1005
1309 67.0639 67.2188
1310 67.0639 67.2484
1311 67.0639 67.1489
1312 67.0639 67.1603
1313 67.0639 67.1577
1314 67.0639 67.1674
1315 67.0639 67.3662
1316 67.0639 67.2354
1317 67.0639 67.0812
1318 67.0639 67.1001
1319 67.0639 67.1235
1320 67.0639 67.1728
1321 67.0639 67.2063
1322 67.0639 67.1463
1323 67.0639 67.1413
1324 67.0639 67.1179
1325 67.0639 67.0639
1326 67.0639 67.0664
1327 67.0639 67.1091
1328 67.0639 67.1166
1329 67.0639 67.1783
1330 67.0639 67.1307
1331 67.0639 67.1166
1332 67.0639 67.0783
1333 67.0639 67.2592
1334 67.0639 67.1935
1335 67.0639 67.0826
1336 67.0639 67.2492
1337 67.0639 67.0767
1338 67.0639 67.0672
1339 67.0639 67.1497
1340 67.0639 67.1219
1341 67.0639 67.135
1342 67.0639 67.1526
1343 67.0639 67.4225
1344 67.0639 67.2822
1345 67.0639 67.2052
1346 67.0639 67.1536
1347 67.0639 67.1748
1348 67.0639 67.068
1349 67.0639 67.0857
1350 67.0639 67.172
1351 67.0639 67.0904
1352 67.0639 67.0679
1353 67.0639 67.0639
1354 67.0639 67.1543
1355 67.0639 67.2969
1356 67.0639 67.1786
1357 67.0639 67.2024
1358 67.0639 67.0639
1359 67.0639 67.0639
1360 67.0639 67.0639
1361 67.0639 67.0639
1362 67.0639 67.0639
1363 67.0639 67.0639
1364 67.0639 67.0715
1365 67.0639 67.1959
1366 67.0639 67.0824
1367 67.0639 67.0808
1368 67.0639 67.1636
1369 67.0639 67.1384
1370 67.0639 67.1226
1371 67.0639 67.0639
1372 67.0639 67.0639
1373 67.0639 67.0639
1374 67.0639 67.3501
1375 67.0639 67.2105
1376 67.0639 67.0722
1377 67.0639 67.0639
1378 67.0639 67.064
1379 67.0639 67.0639
1380 67.0639 67.0639
1381 67.0639 67.2014
1382 67.0639 67.3055
1383 67.0639 67.2262
1384 67.0639 67.2495
1385 67.0639 67.249
1386 67.0639 67.3062
1387 67.0639 67.0639
1388 67.0639 67.1553
1389 67.0639 67.1218
1390 67.0639 67.2103
1391 67.0639 67.3228
1392 67.0639 67.2114
1393 67.0639 67.0639
1394 67.0639 67.0639
1395 67.0639 67.0639
1396 67.0639 67.0766
1397 67.0639 67.1287
1398 66.8915 67.2209
1399 66.8915 67.1107
1400 66.8915 66.979
1401 66.8915 66.9788
1402 66.8915 66.9036
1403 66.8915 66.8984
1404 66.8915 66.9107
1405 66.8915 66.8961
1406 66.8915 66.8915
1407 66.8915 66.9332
1408 66.8915 67.3209
1409 66.8915 66.9095
1410 66.8915 66.9589
1411 66.8915 66.8915
1412 66.8915 66.9615
1413 66.8915 66.8915
1414 66.8915 67.0422
1415 66.8915 66.9258
1416 66.8915 66.9221
1417 66.8915 66.9018
1418 66.8915 66.917
1419 66.8915 66.8915
1420 66.8915 66.8915
1421 66.8915 66.8918
1422 66.8915 67.0274
1423 66.8915 66.9444
1424 66.8915 66.918
1425 66.8915 66.8969
1426 66.8915 66.894
1427 66.8915 66.9185
1428 66.8915 66.9058
1429 66.8915 67.0114
1430 66.8915 67.1366
1431 66.8915 66.9386
1432 66.8915 66.8915
1433 66.8915 66.9333
1434 66.8915 66.9848
1435 66.8915 66.9182
1436 66.8915 67.0126
1437 66.8915 67.0369
1438 66.8915 67.0329
1439 66.8915 66.9211
1440 66.8915 66.8915
1441 66.8915 66.8915
1442 66.8915 66.8915
1443 66.8915 66.9649
1444 66.8915 67.014
1445 66.8915 67.0711
1446 66.8915 67.0983
1447 66.8915 66.9099
1448 66.8915 66.8915
1449 66.8915 66.8915
1450 66.8915 66.8915
1451 66.8915 66.8915
1452 66.8915 66.902
1453 66.8915 66.9065
1454 66.8915 66.9013
1455 66.8915 66.8915
1456 66.8915 66.8915
1457 66.8915 66.9224
1458 66.8915 67.2018
1459 66.8915 66.918
1460 66.8915 66.8927
1461 66.8915 66.8915
1462 66.8915 66.8915
1463 66.8915 66.8915
1464 66.5574 66.8905
1465 66.5574 66.838
1466 66.5574 66.7096
1467 66.5574 66.6136
1468 66.5574 66.5775
1469 66.5574 66.5845
1470 66.5574 66.6016
1471 66.5574 66.6904
1472 66.5574 66.5832
1473 66.5574 66.6031
1474 66.5574 66.5574
1475 66.5574 66.5574
1476 66.5574 66.5574
1477 66.5574 66.5574
1478 66.5574 66.5574
1479 66.5574 66.6156
1480 66.5574 66.5574
1481 66.5574 66.6555
1482 66.5574 66.5574
1483 66.5574 66.5574
1484 66.5574 66.6908
1485 66.5574 66.8172
1486 66.5574 66.7526
1487 66.5574 66.5723
1488 66.5574 66.5574
1489 66.5574 66.5913
1490 66.5574 66.6186
1491 66.5574 66.7433
1492 66.5574 66.69
1493 66.5574 66.7654
1494 66.5574 66.8145
1495 66.5574 66.601
1496 66.5574 66.8101
1497 66.5574 67.1132
1498 66.5574 66.9015
1499 66.5574 66.6229
1500 66.5574 66.5574
1501 66.5574 66.5574
1502 66.5574 66.5574
1503 66.5574 66.5686
1504 66.5574 66.6162
1505 66.5574 66.6062
1506 66.5574 66.9034
1507 66.5574 66.9172
1508 66.5574 66.6233
1509 66.5574 66.5574
1510 66.5574 66.6618
1511 66.5574 66.7139
1512 66.5574 66.5811
1513 66.5574 66.6869
1514 66.5574 66.6347
1515 66.5574 66.5574
1516 66.5574 66.5947
1517 66.5574 66.636
1518 66.5574 66.7612
1519 66.5574 66.7045
1520 66.5574 67.0319
1521 66.5574 66.9286
1522 66.5574 66.9051
1523 66.5574 66.6094
1524 66.5574 66.7877
1525 66.5574 66.673
1526 66.5574 66.5691
1527 66.5574 66.5574
1528 66.5574 66.6253
1529 66.5574 66.6288
1530 66.5574 66.5574
1531 66.5574 66.6917
1532 66.5574 66.6232
1533 66.5574 66.5574
1534 66.5574 66.6542
1535 66.5574 66.6528
1536 66.5574 66.7915
1537 66.5574 66.7496
1538 66.5574 66.6001
1539 66.5574 66.5574
1540 66.5574 66.5609
1541 66.5574 66.5574
1542 66.5574 66.5574
1543 66.5574 66.5574
1544 66.5574 66.5624
1545 66.5574 66.6247
1546 66.5574 66.5574
1547 66.5574 66.7042
1548 66.5574 66.6843
1549 66.5574 66.7575
1550 66.5574 66.9083
1551 66.5574 66.9153
1552 66.5574 67.1096
1553 66.5574 66.6349
1554 66.5574 66.5574
1555 66.5574 66.7395
1556 66.5574 66.6238
1557 66.5574 66.6077
1558 66.5574 66.6143
1559 66.5574 66.6083
1560 66.5574 66.6668
1561 66.5574 66.6403
1562 66.5574 66.6541
1563 66.5574 66.5574
1564 66.5574 66.5574
1565 66.5574 66.5574
1566 66.5574 66.5789
1567 66.5574 66.5574
1568 66.5574 66.5977
1569 66.5574 66.5574
1570 66.5574 66.5649
1571 66.5574 66.5576
1572 66.5574 66.5574
1573 66.5574 66.5574
1574 66.5574 66.5627
1575 66.5574 66.5924
1576 66.5574 66.6021
1577 66.5574 66.5723
1578 66.5574 66.5624
1579 66.5574 66.6465
1580 66.5574 66.6107
1581 66.5574 66.5574
1582 66.5574 66.5574
1583 66.5574 66.5574
1584 66.5574 66.5947
1585 66.5574 66.7421
1586 66.5574 66.776
1587 66.5574 66.598
1588 66.5574 66.6282
1589 66.5574 66.5659
1590 66.5574 66.6464
1591 66.5574 66.6633
1592 66.5574 66.7222
1593 66.5574 66.7459
1594 66.5574 66.9735
1595 66.5574 66.7046
1596 66.5574 66.6247
1597 66.5574 66.5574
1598 66.5574 66.6489
1599 66.5574 66.8183
1600 66.5574 66.5923
1601 66.5574 66.6711
1602 66.5574 66.688
1603 66.5574 66.6034
1604 66.5574 66.5619
1605 66.5574 66.6594
1606 66.5574 66.6844
1607 66.5574 66.6014
1608 66.5574 66.703
1609 66.5574 66.5815
1610 66.5574 66.5574
1611 66.5574 66.5574
1612 66.5574 66.5574
1613 66.5574 66.6708
1614 66.5574 66.5574
1615 66.5574 66.6896
1616 66.5574 66.8473
1617 66.5574 66.58
1618 66.5574 66.5847
1619 66.5574 66.6697
1620 66.5574 66.6537
1621 66.5574 66.5857
1622 66.5574 66.686
1623 66.5574 66.589
1624 66.5574 66.5574
1625 66.5574 66.6789
1626 66.5574 66.5574
1627 66.5574 66.5733
1628 66.5574 66.5939
1629 66.5574 66.6569
1630 66.5574 66.6156
1631 66.5574 66.5884
1632 66.5574 66.5868
1633 66.5574 66.7905
1634 66.5574 66.6502
1635 66.5574 66.5586
1636 66.5574 66.5665
1637 66.5574 66.6759
1638 66.5574 66.5736
1639 66.5574 66.7937
1640 66.5574 66.726
1641 66.5574 66.6446
1642 66.5574 66.5841
1643 66.5574 66.6083
1644 66.5574 66.595
1645 66.5574 66.5574
1646 66.5574 66.5574
1647 66.5574 66.5611
1648 66.5574 66.5975
1649 66.5574 66.5574
1650 66.5574 66.6319
1651 66.5574 66.6505
1652 66.5574 66.5901
1653 66.5574 66.6029
1654 66.5574 66.5574
1655 66.5574 66.565
1656 66.5574 66.5574
1657 66.5574 66.7204
1658 66.5574 66.5753
1659 66.5574 66.6624
1660 66.5574 66.6706
1661 66.5574 66.5834
1662 66.5574 66.8092
1663 66.5574 66.8184
1664 66.5574 66.7024
1665 66.5574 66.5852
1666 66.5574 66.5901
1667 66.5574 66.5574
1668 66.5574 66.5671
1669 66.5574 66.5574
1670 66.5574 66.7434
1671 66.5574 66.7771
1672 66.5574 66.5805
1673 66.5574 66.5901
1674 66.5574 66.5731
1675 66.5574 66.5574
1676 66.5574 66.5574
1677 66.5574 66.5574
1678 66.5574 66.5685
1679 66.5574 66.6904
1680 66.5574 66.5638
1681 66.5574 66.5574
1682 66.5574 66.5884
1683 66.5574 66.7415
1684 66.5574 66.7971
1685 66.5574 66.6937
1686 66.5574 66.6012
1687 66.5574 66.7856
1688 66.5574 66.7195
1689 66.5574 66.5933
1690 66.5574 66.5574
1691 66.5574 66.6393
1692 66.5574 66.6099
1693 66.5574 66.5574
1694 66.5574 66.7086
1695 66.5574 66.5747
1696 66.5574 66.7007
1697 66.5574 66.6447
1698 66.5574 66.5574
1699 66.5574 66.5934
1700 66.5574 66.5574
1701 66.5574 66.5588
1702 66.5574 66.5574
1703 66.5574 66.5574
1704 66.5574 66.5574
1705 66.5574 66.6732
1706 66.5574 66.5854
1707 66.5574 66.5574
1708 66.5574 66.6635
1709 66.5574 66.5913
1710 66.5574 66.5679
1711 66.5574 66.5574
1712 66.5574 66.5574
1713 66.5574 66.5574
1714 66.5574 66.5622
1715 66.5574 66.5639
1716 66.5574 66.5574
1717 66.5574 66.6407
1718 66.5574 66.8004
1719 66.5574 66.6254
1720 66.5574 66.7645
1721 66.5574 66.5574
1722 66.5574 66.6741
1723 66.5574 66.5951
1724 66.5574 66.5574
1725 66.5574 66.6321
1726 66.5574 66.5659
1727 66.5574 66.6937
1728 66.5574 66.704
1729 66.5574 66.6102
1730 66.5574 66.6185
1731 66.5574 66.6223
1732 66.5574 66.5865
1733 66.5574 66.5665
1734 66.5574 66.5944
1735 66.5574 66.5574
1736 66.5574 66.5574
1737 66.5574 66.7134
1738 66.5574 66.6569
1739 66.5574 66.673
1740 66.5574 66.608
1741 66.5574 66.5574
1742 66.5574 66.5574
1743 66.5574 66.7606
1744 66.5574 66.5642
1745 66.5574 66.705
1746 66.5574 66.6058
1747 66.5574 66.5575
1748 66.5574 66.6496
1749 66.5574 66.7139
1750 66.5574 66.5889
1751 66.5574 66.5855
1752 66.5574 66.5881
1753 66.5574 66.6861
1754 66.5574 66.7514
1755 66.5574 66.6033
1756 66.5574 66.6055
1757 66.5574 66.5856
1758 66.5574 66.9004
1759 66.5574 66.6593
1760 66.5574 66.6317
1761 66.5574 66.5947
1762 66.5574 66.6297
1763 66.5574 66.611
1764 66.5574 66.5574
1765 66.5574 66.5835
1766 66.5574 66.6663
1767 66.5574 66.5591
1768 66.5574 66.5574
1769 66.5574 66.5574
1770 66.5574 66.5575
1771 66.5574 66.6223
1772 66.5574 66.6011
1773 66.5574 66.7735
1774 66.5574 66.6322
1775 66.5574 66.6387
1776 66.5574 66.6041
1777 66.5574 66.5577
1778 66.5574 66.5945
1779 66.5574 66.5574
1780 66.5574 66.5948
1781 66.5574 66.6744
1782 66.5574 66.7026
1783 66.5574 66.5747
1784 66.5574 66.5896
1785 66.5574 66.5574
1786 66.5574 66.5574
1787 66.5574 66.763
1788 66.5574 66.5644
1789 66.5574 66.6117
1790 66.5574 66.7667
1791 66.5574 66.7106
1792 66.5574 66.5876
1793 66.5574 66.6309
1794 66.5574 66.8686
1795 66.5574 66.6815
1796 66.5574 66.854
1797 66.5574 66.6598
1798 66.5574 66.5836
1799 66.5574 66.6828
1800 66.5574 66.6174
1801 66.5574 66.5899
1802 66.5574 66.7286
1803 66.5574 66.5574
1804 66.5574 66.5637
1805 66.5574 66.5574
1806 66.5574 66.5574
1807 66.5574 66.5707
1808 66.5574 66.5574
1809 66.5574 66.6444
1810 66.5574 66.559
1811 66.5574 66.5574
1812 66.5574 66.5994
1813 66.5574 66.6941
1814 66.5574 66.6943
1815 66.5574 66.5742
1816 66.5574 66.641
1817 66.5574 66.6616
1818 66.5574 66.5625
1819 66.5574 66.5574
1820 66.5574 66.5574
1821 66.5574 66.56
1822 66.5574 66.586
1823 66.5574 66.5875
1824 66.5574 66.5682
1825 66.5574 66.5625
1826 66.5574 66.6362
1827 66.5574 66.5574
1828 66.5574 66.5956
1829 66.5574 66.8728
1830 66.5574 66.7272
1831 66.5574 66.666
1832 66.5574 66.6501
1833 66.5574 66.851
1834 66.5574 66.8096
1835 66.5574 66.7042
1836 66.5574 66.5877
1837 66.5574 66.5586
1838 66.5574 66.5625
1839 66.5574 66.5604
1840 66.5574 66.5719
1841 66.5574 66.8829
1842 66.5574 66.5762
1843 66.5574 66.5644
1844 66.5574 66.5655
1845 66.5574 66.6766
1846 66.5574 66.5574
1847 66.5574 66.5574
1848 66.5574 66.5574
1849 66.5574 66.7199
1850 66.5574 66.6117
1851 66.5574 66.5574
1852 66.5574 66.5574
1853 66.5574 66.5942
1854 66.5574 66.6314
1855 66.5574 66.8712
1856 66.5574 66.6917
1857 66.5574 66.6552
1858 66.5574 66.6224
1859 66.5574 66.7633
1860 66.5574 66.5811
1861 66.5574 66.6116
1862 66.5574 66.5871
1863 66.5574 66.5797
1864 66.5574 66.8132
1865 66.5574 66.5701
1866 66.5574 66.5762
1867 66.5574 66.6073
1868 66.5574 66.5768
1869 66.5574 66.5578
1870 66.5574 66.5768
1871 66.5574 66.5746
1872 66.5574 66.612
1873 66.5574 66.5574
1874 66.5574 66.5574
1875 66.5574 66.5776
1876 66.5574 66.5574
1877 66.5574 66.5785
1878 66.5574 66.6996
1879 66.5574 66.9701
1880 66.5574 66.5574
1881 66.5574 66.6145
1882 66.5574 66.576
1883 66.5574 66.7008
1884 66.5574 66.7078
1885 66.5574 66.6386
1886 66.5574 66.586
1887 66.5574 66.5574
1888 66.5574 66.5982
1889 66.5574 66.5674
1890 66.5574 66.6355
1891 66.5574 66.6468
1892 66.5574 66.7766
1893 66.5574 66.7056
1894 66.5574 66.5574
1895 66.5574 66.5574
1896 66.5574 66.5574
1897 66.5574 66.5574
1898 66.5574 66.5574
1899 66.5574 66.5574
1900 66.5574 66.5574
1901 66.5574 66.5574
1902 66.5574 66.5908
1903 66.5574 66.7088
1904 66.5574 66.9205
1905 66.5574 66.842
1906 66.5574 66.6088
1907 66.5574 66.5574
1908 66.5574 66.5986
1909 66.5574 66.6335
1910 66.5574 66.5849
1911 66.5574 66.5721
1912 66.5574 66.5964
1913 66.5574 66.5574
1914 66.5574 66.6868
1915 66.5574 66.9242
1916 66.5574 66.8524
1917 66.5574 66.6555
1918 66.5574 66.5669
1919 66.5574 66.6205
1920 66.5574 66.6981
1921 66.5574 66.7483
1922 66.5574 66.5574
1923 66.5574 66.5574
1924 66.5574 66.5931
1925 66.5574 66.603
1926 66.5574 66.57
1927 66.5574 66.5633
1928 66.5574 66.5874
1929 66.5574 66.6453
1930 66.5574 66.6946
1931 66.5574 66.7827
1932 66.5574 66.9416
1933 66.5574 66.8038
1934 66.5574 66.6043
1935 66.5574 66.5574
1936 66.5574 66.5574
1937 66.5574 66.5574
1938 66.5574 66.6912
1939 66.5574 66.775
1940 66.5574 66.6371
1941 66.5574 66.6017
1942 66.5574 66.5619
1943 66.5574 66.5574
1944 66.5574 66.5574
1945 66.5574 66.5917
1946 66.5574 66.5594
1947 66.5574 66.6999
1948 66.5574 66.8596
1949 66.5574 66.7627
1950 66.5574 66.8688
1951 66.5574 66.66
1952 66.5574 66.6636
1953 66.5574 66.5683
1954 66.5574 66.5672
1955 66.5574 66.5576
1956 66.5574 66.7572
1957 66.5574 66.6151
1958 66.5574 66.565
1959 66.5574 66.5574
1960 66.5574 66.6574
1961 66.5574 66.6464
1962 66.5574 66.5574
1963 66.5574 66.5585
1964 66.5574 66.5603
1965 66.5574 66.5973
1966 66.5574 66.6758
1967 66.5574 66.7435
1968 66.5574 66.5574
1969 66.5574 66.6874
1970 66.5574 66.8666
1971 66.5574 66.6063
1972 66.5574 66.584
1973 66.5574 66.563
1974 66.5574 66.5733
1975 66.5574 66.5628
1976 66.5574 66.5574
1977 66.5574 66.5691
1978 66.5574 66.5574
1979 66.5574 66.5574
1980 66.5574 66.5574
1981 66.5574 66.559
1982 66.5574 66.5606
1983 66.5574 67.1925
1984 66.5574 67.4505
1985 66.5574 66.878
1986 66.5574 66.8271
1987 66.5574 66.8027
1988 66.5574 66.6842
1989 66.5574 66.5811
1990 66.5574 66.5584
1991 66.5574 66.6358
1992 66.5574 66.6144
1993 66.5574 66.5668
1994 66.5574 66.6028
1995 66.5574 66.6034
1996 66.5574 66.5952
1997 66.5574 66.748
1998 66.5574 66.9312
1999 66.5574 66.6579
2000 66.5574 66.6382
2001 66.5574 66.6437
2002 66.5574 66.5681
2003 66.5574 66.5574
2004 66.5574 66.5734
2005 66.5574 66.8615
2006 66.5574 66.7063
2007 66.5574 66.6042
2008 66.5574 66.7538
2009 66.5574 66.5596
2010 66.5574 66.5835
2011 66.5574 66.8874
2012 66.5574 66.6705
2013 66.5574 66.6472
2014 66.5574 66.6703
2015 66.5574 66.6566
2016 66.5574 66.6268
2017 66.5574 66.7168
2018 66.5574 66.8184
2019 66.5574 66.7478
2020 66.5574 66.6761
2021 66.5574 66.5579
2022 66.5574 66.5574
2023 66.5574 66.5574
2024 66.5574 66.5574
2025 66.5574 66.6192
2026 66.5574 66.7903
2027 66.5574 66.7245
2028 66.5574 66.5974
2029 66.5574 66.6284
2030 66.5574 66.5739
2031 66.5574 66.5574
2032 66.5574 66.5574
2033 66.5574 66.6648
2034 66.5574 66.5652
2035 66.5574 66.8642
2036 66.5574 66.6642
2037 66.5574 66.6285
2038 66.5574 66.5606
2039 66.5574 66.5963
2040 66.5574 66.5785
2041 66.5574 66.6973
2042 66.5574 66.5585
2043 66.5574 66.5574
2044 66.5574 66.6664
2045 66.5574 66.6986
2046 66.5574 66.5766
2047 66.5574 66.6009
2048 66.5574 66.6898
2049 66.5574 66.5639
2050 66.5574 66.5715
2051 66.5574 66.6744
2052 66.5574 66.5589
2053 66.5574 66.5574
2054 66.5574 66.5652
2055 66.5574 66.569
2056 66.5574 66.5574
2057 66.5574 66.5574
2058 66.5574 66.5574
2059 66.5574 66.5638
2060 66.5574 66.6237
2061 66.5574 66.6218
2062 66.5574 66.717
2063 66.5574 66.6867
2064 66.5574 66.5574
2065 66.5574 66.5574
2066 66.5574 66.5574
2067 66.5574 66.5599
2068 66.5574 66.611
2069 66.5574 66.6404
2070 66.5574 66.7337
2071 66.5574 66.9102
2072 66.5574 66.6721
2073 66.5574 66.6013
2074 66.5574 67.0151
2075 66.5574 66.7284
2076 66.5574 66.6356
2077 66.5574 66.5574
2078 66.5574 66.5574
2079 66.5574 66.5574
2080 66.5574 66.5914
2081 66.5574 66.5574
2082 66.5574 66.6927
2083 66.5574 66.7243
2084 66.5574 66.8398
2085 66.5574 66.7285
2086 66.5574 66.5638
2087 66.5574 66.5574
2088 66.5574 66.5574
2089 66.5574 66.734
2090 66.5574 66.5655
2091 66.5574 66.8322
2092 66.5574 66.866
2093 66.5574 66.6799
2094 66.5574 66.7637
2095 66.5574 66.5657
2096 66.5574 66.5676
2097 66.5574 66.7958
2098 66.5574 66.7771
2099 66.5574 66.5848
2100 66.5574 66.5575
2101 66.5574 66.5574
2102 66.5574 66.5592
2103 66.5574 66.5574
2104 66.5574 66.5574
2105 66.5574 66.5849
2106 66.5574 66.5794
2107 66.5574 66.7783
2108 66.5574 66.7422
2109 66.5574 66.5662
2110 66.5574 66.5574
2111 66.5574 66.5574
2112 66.5574 66.5574
2113 66.5574 66.5574
2114 66.5574 66.5939
2115 66.5574 66.6203
2116 66.5574 66.5574
2117 66.5574 66.6006
2118 66.5574 66.7692
2119 66.5574 66.5574
2120 66.5574 66.5574
2121 66.5574 66.5574
2122 66.5574 66.5859
2123 66.5574 66.5608
2124 66.5574 66.5574
2125 66.5574 66.5574
2126 66.5574 66.5574
2127 66.5574 66.5888
2128 66.5574 66.6106
2129 66.5574 66.6821
2130 66.5574 66.7338
2131 66.5574 66.6505
2132 66.5574 66.5574
2133 66.5574 66.5574
2134 66.5574 66.6309
2135 66.5574 66.83
2136 66.5574 66.6772
2137 66.5574 66.705
2138 66.5574 66.6742
2139 66.5574 66.5688
2140 66.5574 66.7141
2141 66.5574 66.7164
2142 66.5574 66.6858
2143 66.5574 66.603
2144 66.5574 66.6149
2145 66.5574 66.7242
2146 66.5574 66.8109
2147 66.5574 66.6461
2148 66.5574 66.6875
2149 66.5574 66.6014
2150 66.5574 66.5592
2151 66.5574 66.5574
2152 66.5574 66.6139
2153 66.5574 66.5975
2154 66.5574 66.586
2155 66.5574 66.6459
2156 66.5574 66.5844
2157 66.5574 66.6107
2158 66.5574 66.6941
2159 66.5574 66.5593
2160 66.5574 66.6089
2161 66.5574 66.7625
2162 66.5574 66.7212
2163 66.5574 66.7181
2164 66.5574 66.621
2165 66.5574 66.5797
2166 66.5574 66.5574
2167 66.5574 66.5574
2168 66.5574 66.5574
2169 66.5574 66.5574
2170 66.5574 66.5574
2171 66.5574 66.5583
2172 66.5574 66.561
2173 66.5574 66.701
2174 66.5574 66.5574
2175 66.5574 66.6911
2176 66.5574 66.7018
2177 66.5574 66.765
2178 66.5574 66.7018
2179 66.5574 66.6852
2180 66.5574 66.5686
2181 66.5574 66.5628
2182 66.5574 66.5816
2183 66.5574 66.7896
2184 66.5574 66.6994
2185 66.5574 66.8147
2186 66.5574 66.6559
2187 66.5574 66.5574
2188 66.5574 66.6007
2189 66.5574 66.7033
2190 66.5574 66.7115
2191 66.5574 66.586
2192 66.5574 66.578
2193 66.5574 66.7031
2194 66.5574 66.6443
2195 66.5574 66.6713
2196 66.5574 66.6237
2197 66.5574 66.5714
2198 66.5574 66.5763
2199 66.5574 66.568
2200 66.5574 66.5574
2201 66.5574 66.578
2202 66.5574 66.5732
2203 66.5574 66.5574
2204 66.5574 66.5574
2205 66.5574 66.6089
2206 66.5574 66.5673
2207 66.5574 66.5592
2208 66.5574 66.763
2209 66.5574 66.5574
2210 66.5574 66.593
2211 66.5574 66.5825
2212 66.5574 66.6766
2213 66.5574 66.7305
2214 66.5574 66.5948
2215 66.5574 66.6378
2216 66.5574 66.7108
2217 66.5574 66.8464
2218 66.5574 66.6623
2219 66.5574 66.6481
2220 66.5574 66.5574
2221 66.5574 66.5644
2222 66.5574 66.5855
2223 66.5574 66.5741
2224 66.5574 66.619
2225 66.5574 66.8698
2226 66.5574 66.6099
2227 66.5574 66.8027
2228 66.5574 66.5574
2229 66.5574 66.5574
2230 66.5574 66.5574
2231 66.5574 66.6497
2232 66.5574 66.569
2233 66.5574 66.5574
2234 66.5574 66.5574
2235 66.5574 66.5574
2236 66.5574 66.5574
2237 66.5574 66.5879
2238 66.5574 66.7124
2239 66.5574 66.7765
2240 66.5574 66.6618
2241 66.5574 66.5595
2242 66.5574 66.5778
2243 66.5574 66.7433
2244 66.5574 66.86
2245 66.5574 66.7311
2246 66.5574 66.727
2247 66.5574 66.6452
2248 66.5574 66.6143
2249 66.5574 66.5574
2250 66.5574 66.5591
2251 66.5574 66.5918
2252 66.5574 66.6879
2253 66.5574 66.57
2254 66.5574 66.5574
2255 66.5574 66.5574
2256 66.5574 66.587
2257 66.5574 66.7333
2258 66.5574 66.7657
2259 66.5574 66.8395
2260 66.5574 66.7851
2261 66.5574 66.5744
2262 66.5574 66.5574
2263 66.5574 66.5574
2264 66.5574 66.6024
2265 66.5574 66.7063
2266 66.5574 66.9559
2267 66.5574 66.7253
2268 66.5574 66.8992
2269 66.5574 66.8063
2270 66.5574 66.673
2271 66.5574 66.8266
2272 66.5574 66.6123
2273 66.5574 66.6707
2274 66.5574 66.5574
2275 66.5574 66.5574
2276 66.5574 66.5574
2277 66.5574 66.5593
2278 66.5574 66.559
2279 66.5574 66.6263
2280 66.5574 66.5653
2281 66.5574 66.5604
2282 66.5574 66.5574
2283 66.5574 66.5838
2284 66.5574 66.61
2285 66.5574 66.5633
2286 66.5574 66.5574
2287 66.5574 66.5574
2288 66.5574 66.5692
2289 66.5574 66.592
2290 66.5574 66.695
2291 66.5574 66.5739
2292 66.5574 66.6978
2293 66.5574 66.8408
2294 66.5574 66.5619
2295 66.5574 66.5574
2296 66.5574 66.5574
2297 66.5574 66.5574
2298 66.5574 66.5704
2299 66.5574 66.5881
2300 66.5574 66.5574
2301 66.5574 66.579
2302 66.5574 66.5574
2303 66.5574 66.5574
2304 66.5574 66.5672
2305 66.5574 66.7261
2306 66.5574 66.6181
2307 66.5574 66.6104
2308 66.5574 66.5574
2309 66.5574 66.5574
2310 66.5574 66.5574
2311 66.5574 66.561
2312 66.5574 66.5574
2313 66.5574 66.6581
2314 66.5574 66.669
2315 66.5574 66.7772
2316 66.5574 66.5574
2317 66.5574 66.7169
2318 66.5574 66.5697
2319 66.5574 66.6041
2320 66.5574 66.5574
2321 66.5574 66.6625
2322 66.5574 66.6516
2323 66.5574 66.5789
2324 66.5574 66.5649
2325 66.5574 66.8155
2326 66.5574 66.714
2327 66.5574 66.5599
2328 66.5574 66.6098
2329 66.5574 66.5739
2330 66.5574 66.5574
2331 66.5574 66.5574
2332 66.5574 66.5574
2333 66.5574 66.5574
2334 66.5574 66.6177
2335 66.5574 67.0248
2336 66.5574 66.7517
2337 66.5574 66.6955
2338 66.5574 66.6518
2339 66.5574 66.7987
2340 66.5574 66.9687
2341 66.5574 66.5574
2342 66.5574 66.5664
2343 66.5574 66.6026
2344 66.5574 66.6339
2345 66.5574 66.5574
2346 66.5574 66.5574
2347 66.5574 66.5574
2348 66.5574 66.5574
2349 66.5574 66.6105
2350 66.5574 66.7125
2351 66.5574 66.6247
2352 66.5574 66.5679
2353 66.5574 66.5609
2354 66.5574 66.6092
2355 66.5574 66.5574
2356 66.5574 66.5678
2357 66.5574 66.6247
2358 66.5574 66.5634
2359 66.5574 66.6798
2360 66.5574 66.611
2361 66.5574 66.6964
2362 66.5574 66.6015
2363 66.5574 66.5683
2364 66.5574 66.5574
2365 66.5574 66.5574
2366 66.5574 66.755
2367 66.5574 66.5804
2368 66.5574 66.5575
2369 66.5574 66.5574
2370 66.5574 66.5574
2371 66.5574 66.7062
2372 66.5574 66.6147
2373 66.5574 66.5574
2374 66.5574 66.5574
2375 66.5574 66.637
2376 66.5574 66.5576
2377 66.5574 66.561
2378 66.5574 66.5603
2379 66.5574 66.6992
2380 66.5574 66.5792
2381 66.5574 66.6097
2382 66.5574 66.7235
2383 66.5574 66.6699
2384 66.5574 66.7034
2385 66.5574 66.9394
2386 66.5574 66.5728
2387 66.5574 66.5574
2388 66.5574 66.5574
2389 66.5574 66.5988
2390 66.5574 66.6088
2391 66.5574 66.6793
2392 66.5574 66.6548
2393 66.5574 66.706
2394 66.5574 66.6122
2395 66.5574 66.6088
2396 66.5574 66.6166
2397 66.5574 66.5746
2398 66.5574 66.5734
2399 66.5574 66.5622
2400 66.5574 66.6305
2401 66.5574 66.5578
2402 66.5574 66.6078
2403 66.5574 66.5793
2404 66.5574 66.609
2405 66.5574 66.8073
2406 66.5574 66.6732
2407 66.5574 66.8123
2408 66.5574 66.6986
2409 66.5574 66.5888
2410 66.5574 66.6124
2411 66.5574 66.5574
2412 66.5574 66.5574
2413 66.5574 66.5574
2414 66.5574 66.5574
2415 66.5574 66.5574
2416 66.5574 66.5717
2417 66.5574 66.5723
2418 66.5574 66.6099
2419 66.5574 66.6913
2420 66.5574 66.6623
2421 66.5574 67.0564
2422 66.5574 66.7086
2423 66.5574 66.5574
2424 66.5574 66.5654
2425 66.5574 66.6033
2426 66.5574 66.655
2427 66.5574 66.5673
2428 66.5574 66.6654
2429 66.5574 66.5731
2430 66.5574 66.6539
2431 66.5574 66.6346
2432 66.5574 66.5574
2433 66.5574 66.6365
2434 66.5574 66.5959
2435 66.5574 66.576
2436 66.5574 66.571
2437 66.5574 66.6062
2438 66.5574 66.5796
2439 66.5574 66.5574
2440 66.5574 66.5574
2441 66.5574 66.6171
2442 66.5574 66.6146
2443 66.5574 66.6002
2444 66.5574 66.6693
2445 66.5574 66.7386
2446 66.5574 66.5574
2447 66.5574 66.5574
2448 66.5574 66.6704
2449 66.5574 66.6919
2450 66.5574 66.5574
2451 66.5574 66.5574
2452 66.5574 66.5574
2453 66.5574 66.566
2454 66.5574 66.6382
2455 66.5574 66.5627
2456 66.5574 66.6105
2457 66.5574 66.5574
2458 66.5574 66.5574
2459 66.5574 66.7691
2460 66.5574 66.6677
2461 66.5574 66.691
2462 66.5574 66.5599
2463 66.5574 66.5574
2464 66.5574 66.5574
2465 66.5574 66.5574
2466 66.5574 66.5846
2467 66.5574 66.8144
2468 66.5574 66.7728
2469 66.5574 66.9325
2470 66.5574 66.6195
2471 66.5574 66.6329
2472 66.5574 66.5705
2473 66.5574 66.601
2474 66.5574 66.648
2475 66.5574 66.7485
2476 66.5574 66.605
2477 66.5574 66.5744
2478 66.5574 66.7194
2479 66.5574 66.67
2480 66.5574 66.5574
2481 66.5574 66.5608
2482 66.5574 66.5963
2483 66.5574 66.5574
2484 66.5574 66.5901
2485 66.5574 66.6624
2486 66.5574 66.5941
2487 66.5574 66.5606
2488 66.5574 66.5659
2489 66.5574 66.5574
2490 66.5574 66.5796
2491 66.5574 66.6407
2492 66.5574 66.5574
2493 66.5574 66.6295
2494 66.5574 66.8513
2495 66.5574 66.5654
2496 66.5574 66.6163
2497 66.5574 66.6205
2498 66.5574 66.5574
2499 66.5574 66.6933
2500 66.5574 66.6617
2501 66.5574 66.7368
2502 66.5574 66.7903
2503 66.5574 66.6065
2504 66.5574 66.6039
2505 66.5574 66.7636
2506 66.5574 66.741
2507 66.5574 66.6391
2508 66.5574 66.6507
2509 66.5574 66.8114
2510 66.5574 66.709
2511 66.5574 66.5637
2512 66.5574 66.5574
2513 66.5574 66.6269
2514 66.5574 66.7174
2515 66.5574 66.5689
2516 66.5574 66.5574
2517 66.5574 66.5574
2518 66.5574 66.5574
2519 66.5574 66.5574
2520 66.5574 66.5751
2521 66.5574 66.5972
2522 66.5574 66.6192
2523 66.5574 66.5875
2524 66.5574 66.6147
2525 66.5574 66.5574
2526 66.5574 66.5786
2527 66.5574 66.5633
2528 66.5574 66.5854
2529 66.5574 66.7312
2530 66.5574 66.6592
2531 66.5574 66.7505
2532 66.5574 66.5574
2533 66.5574 66.6489
2534 66.5574 66.8419
2535 66.5574 66.7445
2536 66.5574 67.1255
2537 66.5574 66.7504
2538 66.5574 66.915
2539 66.5574 66.806
2540 66.5574 66.8937
2541 66.5574 66.6443
2542 66.5574 66.5574
2543 66.5574 66.5971
2544 66.5574 66.5912
2545 66.5574 66.5642
2546 66.5574 66.5688
2547 66.5574 66.5574
2548 66.5574 66.6556
2549 66.5574 66.6499
2550 66.5574 66.6376
2551 66.5574 66.6041
2552 66.5574 66.5574
2553 66.5574 66.5574
2554 66.5574 66.5725
2555 66.5574 66.6396
2556 66.5574 66.6416
2557 66.5574 66.5611
2558 66.5574 66.5581
2559 66.5574 66.5667
2560 66.5574 66.5574
2561 66.5574 66.5574
2562 66.5574 66.5574
2563 66.5574 66.5574
2564 66.5574 66.7739
2565 66.5574 66.5574
2566 66.5574 66.5756
2567 66.5574 66.5574
2568 66.5574 66.5705
2569 66.5574 66.5606
2570 66.5574 66.6068
2571 66.5574 66.7293
2572 66.5574 67.0626
2573 66.5574 66.6424
2574 66.5574 66.742
2575 66.5574 66.6856
2576 66.5574 66.9643
2577 66.5574 66.8973
2578 66.5574 66.7581
2579 66.5574 66.6546
2580 66.5574 66.8233
2581 66.5574 66.6006
2582 66.5574 66.6851
2583 66.5574 66.628
2584 66.5574 66.6459
2585 66.5574 66.5817
2586 66.5574 66.5574
2587 66.5574 66.5657
2588 66.5574 66.6424
2589 66.5574 66.652
2590 66.5574 66.5938
2591 66.5574 66.6566
2592 66.5574 66.6043
2593 66.5574 66.5595
2594 66.5574 66.5601
2595 66.5574 66.5586
2596 66.5574 66.5676
2597 66.5574 66.5574
2598 66.5574 66.5651
2599 66.5574 66.8399
2600 66.5574 66.6402
2601 66.5574 66.8022
2602 66.5574 66.692
2603 66.5574 66.5629
2604 66.5574 66.6426
2605 66.5574 66.5716
2606 66.5574 66.5951
2607 66.5574 66.5574
2608 66.5574 66.5709
2609 66.5574 66.6904
2610 66.5574 66.5888
2611 66.5574 66.6044
2612 66.5574 66.6796
2613 66.5574 66.6398
2614 66.5574 66.6752
2615 66.5574 66.5992
2616 66.5574 66.5705
2617 66.5574 66.5574
2618 66.5574 66.5574
2619 66.5574 66.5574
2620 66.5574 66.5574
2621 66.5574 66.5574
2622 66.5574 66.6351
2623 66.5574 66.5968
2624 66.5574 66.7327
2625 66.5574 66.6003
2626 66.5574 66.5657
2627 66.5088 66.6001
2628 66.5088 66.6386
2629 66.5088 67.059
2630 66.5088 66.669
2631 66.5088 66.7197
2632 66.5088 66.5144
2633 66.5088 66.6292
2634 66.5088 66.6784
2635 66.5088 66.7288
2636 66.5088 66.5629
2637 66.5088 66.6728
2638 66.5088 66.6486
2639 66.5088 66.5243
2640 66.5088 66.7081
2641 66.5088 66.7813
2642 66.5088 66.709
2643 66.5088 66.5254
2644 66.5088 66.535
2645 66.5088 66.6823
2646 66.5088 66.9049
2647 66.5088 66.5734
2648 66.5088 66.514
2649 66.5088 66.7281
2650 66.5088 66.5939
2651 66.5088 66.5401
2652 66.5088 66.5314
2653 66.5088 66.6857
2654 66.5088 66.7487
2655 66.5088 66.5088
2656 66.5088 66.5091
2657 66.5088 66.5502
2658 66.5088 66.6894
2659 66.5088 66.5088
2660 66.5088 66.6537
2661 66.5088 66.8464
2662 66.5088 66.5285
2663 66.5088 66.5557
2664 66.5088 66.5582
2665 66.5088 66.5432
2666 66.5088 66.5188
2667 66.5088 66.5833
2668 66.5088 66.5088
2669 66.5088 66.5102
2670 66.5088 66.5456
2671 66.5088 66.5088
2672 66.5088 66.5088
2673 66.5088 66.5088
2674 66.5088 66.5784
2675 66.5088 66.5088
2676 66.5088 66.6807
2677 66.5088 66.5263
2678 66.5088 66.5088
2679 66.5088 66.5289
2680 66.5088 66.5123
2681 66.5088 66.5824
2682 66.5088 66.5549
2683 66.5088 66.5088
2684 66.5088 66.5088
2685 66.5088 66.5738
2686 66.5088 66.6552
2687 66.5088 66.624
2688 66.5088 66.573
2689 66.5088 66.5322
2690 66.5088 66.5942
2691 66.5088 66.5992
2692 66.5088 66.6675
2693 66.5088 66.5854
2694 66.5088 66.5585
2695 66.5088 66.609
2696 66.5088 66.6238
2697 66.5088 66.6269
2698 66.5088 66.5245
2699 66.5088 66.6106
2700 66.5088 66.5742
2701 66.5088 66.8371
2702 66.5088 66.5578
2703 66.5088 66.5088
2704 66.5088 66.5088
2705 66.5088 66.5694
2706 66.5088 66.53
2707 66.5088 66.6472
2708 66.5088 66.5728
2709 66.5088 66.5733
2710 66.5088 66.538
2711 66.5088 66.579
2712 66.5088 66.5132
2713 66.5088 66.5088
2714 66.5088 66.5467
2715 66.5088 66.5817
2716 66.5088 66.5371
2717 66.5088 66.5606
2718 66.5088 66.5139
2719 66.5088 66.5088
2720 66.5088 66.7929
2721 66.5088 66.863
2722 66.3465 66.6016
2723 66.3465 66.6134
2724 66.3465 66.4818
2725 66.3465 66.6362
2726 66.3465 66.5711
2727 66.3465 66.3475
2728 66.3465 66.3593
2729 66.3465 66.451
2730 66.3465 66.4327
2731 66.3465 66.3892
2732 66.3465 66.4656
2733 66.3465 66.4444
2734 66.3465 66.5699
2735 66.3465 66.358
2736 66.3465 66.3958
2737 66.3465 66.3511
2738 66.3465 66.4139
2739 66.3465 66.5444
2740 66.3465 66.353
2741 66.3465 66.3465
2742 66.3465 66.365
2743 66.3465 66.3559
2744 66.3465 66.3465
2745 66.3465 66.4126
2746 66.3465 66.3465
2747 66.3465 66.3465
2748 66.3465 66.3651
2749 66.3465 66.3492
2750 66.3465 66.3612
2751 66.3465 66.3767
2752 66.3465 66.4286
2753 66.3465 66.4899
2754 66.3465 66.4379
2755 66.3465 66.5649
2756 66.3465 66.5374
2757 66.3465 66.4047
2758 66.3465 66.4326
2759 66.3465 66.5609
2760 66.3465 66.4594
2761 66.3465 66.5456
2762 66.3465 66.978
2763 66.3465 66.4097
2764 66.3465 66.3551
2765 66.3465 66.3982
2766 66.3465 66.4164
2767 66.3465 66.3895
2768 66.3465 66.3642
2769 66.3465 66.3465
2770 66.3465 66.4061
2771 66.3465 66.3658
2772 66.3465 66.4601
2773 66.3465 66.4224
2774 66.3465 66.4541
2775 66.3465 66.3465
2776 66.3465 66.3465
2777 66.3465 66.3465
2778 66.3465 66.709
2779 66.3465 66.3948
2780 66.3465 66.3682
2781 66.3465 66.3681
2782 66.3465 66.3831
2783 66.3465 66.3465
2784 66.3465 66.3465
2785 66.3465 66.3465
2786 66.3465 66.3465
2787 66.3465 66.3465
2788 66.3465 66.3493
2789 66.3465 66.5008
2790 66.3465 66.4437
2791 66.3465 66.3768
2792 66.3465 66.4112
2793 66.3465 66.4127
2794 66.3465 66.5275
2795 66.3465 66.3904
2796 66.3465 66.5229
2797 66.3465 66.4866
2798 66.3465 66.4514
2799 66.3465 66.5218
2800 66.3465 66.3567
2801 66.3465 66.5447
2802 66.3465 66.3722
2803 66.3465 66.3465
2804 66.3465 66.3743
2805 66.3465 66.3465
2806 66.3465 66.3465
2807 66.3465 66.3465
2808 66.3465 66.3651
2809 66.3465 66.4716
2810 66.3465 66.3907
2811 66.3465 66.3808
2812 66.3465 66.3638
2813 66.3465 66.3465
2814 66.3465 66.5292
2815 66.3465 66.5416
2816 66.3465 66.5694
2817 66.3465 66.4093
2818 66.3465 66.4323
2819 66.3465 66.5265
2820 66.3465 66.4459
2821 66.3465 66.4171
2822 66.3465 66.4558
2823 66.3465 66.5829
2824 66.3465 66.5668
2825 66.3465 66.525
2826 66.3465 66.4649
2827 66.3465 66.4751
2828 66.3465 66.6114
2829 66.3465 66.6683
2830 66.3465 66.6021
2831 66.3465 66.4242
2832 66.3465 66.3481
2833 66.3465 66.3936
2834 66.3465 66.4458
2835 66.3465 66.3465
2836 66.3465 66.3921
2837 66.3465 66.5012
2838 66.3465 66.6755
2839 66.3465 66.5484
2840 66.3465 66.3465
2841 66.3465 66.3465
2842 66.3465 66.431
2843 66.3465 66.4294
2844 66.3465 66.5532
2845 66.3465 66.4826
2846 66.3465 66.3931
2847 66.3465 66.8239
2848 66.3465 66.6327
2849 66.3465 66.5965
2850 66.3465 66.5186
2851 66.3465 66.3465
2852 66.3465 66.4807
2853 66.3465 66.3465
2854 66.3465 66.3512
2855 66.3465 66.3553
2856 66.3465 66.402
2857 66.3465 66.4066
2858 66.3465 66.3921
2859 66.3465 66.4573
2860 66.3465 66.3559
2861 66.3465 66.3465
2862 66.3465 66.3687
2863 66.3465 66.4007
2864 66.3465 66.6257
2865 66.3465 66.4067
2866 66.3465 66.3465
2867 66.3465 66.3548
2868 66.3465 66.3465
2869 66.3465 66.3465
2870 66.3465 66.5577
2871 66.3465 66.3633
2872 66.3465 66.3779
2873 66.3465 66.4106
2874 66.3465 66.3465
2875 66.3465 66.4336
2876 66.3465 66.4912
2877 66.3465 66.4174
2878 66.3465 66.4048
2879 66.3465 66.5647
2880 66.3465 66.8332
2881 66.3465 66.3971
2882 66.3465 66.3551
2883 66.3465 66.4528
2884 66.3465 66.5155
2885 66.3465 66.3465
2886 66.3465 66.3465
2887 66.3465 66.3811
2888 66.3465 66.3983
2889 66.3465 66.3925
2890 66.3465 66.3465
2891 66.3465 66.3504
2892 66.3465 66.3735
2893 66.3465 66.3798
2894 66.3465 66.4487
2895 66.3465 66.5079
2896 66.3465 66.4434
2897 66.3465 66.3887
2898 66.3465 66.4213
2899 66.3465 66.6391
2900 66.3465 66.4539
2901 66.3465 66.3747
2902 66.3465 66.4149
2903 66.3465 66.4307
2904 66.3465 66.464
2905 66.3465 66.5034
2906 66.3465 66.8026
2907 66.3465 66.3465
2908 66.3465 66.4213
2909 66.3465 66.3624
2910 66.3465 66.3493
2911 66.3465 66.3659
2912 66.3465 66.4319
2913 66.3465 66.3665
2914 66.3465 66.3754
2915 66.3465 66.4256
2916 66.3465 66.5395
2917 66.3465 66.3901
2918 66.3465 66.6712
2919 66.3465 66.3699
2920 66.3465 66.4042
2921 66.3465 66.3632
2922 66.3465 66.5758
2923 66.3465 66.3791
2924 66.3465 66.3647
2925 66.3465 66.3748
2926 66.3465 66.5513
2927 66.3465 66.4776
2928 66.3465 66.4514
2929 66.3465 66.3465
2930 66.3465 66.3475
2931 66.3465 66.3809
2932 66.3465 66.5914
2933 66.3465 66.4083
2934 66.3465 66.3892
2935 66.3465 66.3465
2936 66.3465 66.3576
2937 66.3465 66.6289
2938 66.3465 67.0141
2939 66.3465 66.6016
2940 66.3465 66.4385
2941 66.3465 66.444
2942 66.3465 66.3499
2943 66.3465 66.4088
2944 66.3465 66.4041
2945 66.3465 66.5231
2946 66.3465 66.371
2947 66.3465 66.3465
2948 66.3465 66.3813
2949 66.3465 66.3831
2950 66.3465 66.4959
2951 66.3465 66.3888
2952 66.3465 66.4408
2953 66.3465 66.3543
2954 66.3465 66.3617
2955 66.3465 66.369
2956 66.3465 66.3733
2957 66.3465 66.4683
2958 66.3465 66.4132
2959 66.3465 66.3465
2960 66.3465 66.3614
2961 66.3465 66.3618
2962 66.3465 66.4011
2963 66.3465 66.3741
2964 66.3465 66.3465
2965 66.3465 66.3841
2966 66.3465 66.4107
2967 66.3465 66.4163
2968 66.3465 66.3796
2969 66.3465 66.5653
2970 66.3465 66.4725
2971 66.3465 66.4279
2972 66.3465 66.392
2973 66.3465 66.3602
2974 66.3465 66.4228
2975 66.3465 66.3488
2976 66.3465 66.4011
2977 66.3465 66.4767
2978 66.3465 66.3465
2979 66.3465 66.5509
2980 66.3465 66.3989
2981 66.3465 66.3648
2982 66.3465 66.3465
2983 66.3465 66.4015
2984 66.3465 66.3475
2985 66.3465 66.3465
2986 66.3465 66.4858
2987 66.3465 66.4294
2988 66.3465 66.3609
2989 66.3465 66.3465
2990 66.3465 66.3708
2991 66.3465 66.3807
2992 66.3465 66.3533
2993 66.3465 66.3496
2994 66.3465 66.3498
2995 66.3465 66.5793
2996 66.3465 66.3617
2997 66.3465 66.5339
2998 66.3465 66.4553
2999 66.3465 66.4377
3000 66.3465 66.4848
3001 66.3465 66.6042
3002 66.3465 66.5136
3003 66.3465 66.461
3004 66.3465 66.5814
3005 66.3465 66.5312
3006 66.3465 66.4884
3007 66.3465 66.422
3008 66.3465 66.6317
3009 66.3465 66.4302
3010 66.3465 66.3465
3011 66.3465 66.3543
3012 66.3465 66.3465
3013 66.3465 66.3697
3014 66.3465 66.3959
3015 66.3465 66.3787
3016 66.3465 66.3525
3017 66.3465 66.3465
3018 66.3465 66.3928
3019 66.3465 66.3733
3020 66.3465 66.5118
3021 66.3465 66.6903
3022 66.3465 66.4659
3023 66.3465 66.4746
3024 66.3465 66.4192
3025 66.3465 66.3465
3026 66.3465 66.3564
3027 66.3465 66.3783
3028 66.3465 66.3472
3029 66.3465 66.4637
3030 66.3465 66.4321
3031 66.3465 66.3465
3032 66.3465 66.3678
3033 66.3465 66.3465
3034 66.3465 66.3671
3035 66.3465 66.3465
3036 66.3465 66.3465
3037 66.3465 66.3817
3038 66.3465 66.3518
3039 66.3465 66.436
3040 66.3465 66.5431
3041 66.3465 66.3519
3042 66.3465 66.475
3043 66.3465 66.3783
3044 66.3465 66.4095
3045 66.3465 66.4888
3046 66.3465 66.3465
3047 66.3465 66.3917
3048 66.3465 66.4472
3049 66.3465 66.4641
3050 66.3465 66.4776
3051 66.3465 66.4562
3052 66.3465 66.3512
3053 66.3465 66.4934
3054 66.3465 66.3465
3055 66.3465 66.3482
3056 66.3465 66.4245
3057 66.3465 66.4332
3058 66.3465 66.4789
3059 66.3465 66.5347
3060 66.3465 66.5585
3061 66.3465 66.4221
3062 66.3465 66.3465
3063 66.3465 66.3465
3064 66.3465 66.3465
3065 66.3465 66.4073
3066 66.3465 66.7499
3067 66.3465 66.536
3068 66.3465 66.3685
3069 66.3465 66.3467
3070 66.3465 66.5788
3071 66.3465 66.4837
3072 66.3465 66.4389
3073 66.3465 66.3496
3074 66.3465 66.3951
3075 66.3465 66.3503
3076 66.3465 66.7153
3077 66.3465 66.4797
3078 66.3465 66.3816
3079 66.3465 66.3726
3080 66.3465 66.4183
3081 66.3465 66.3465
3082 66.3465 66.4434
3083 66.3465 66.424
3084 66.3465 66.3465
3085 66.3465 66.3818
3086 66.3465 66.3695
3087 66.3465 66.3972
3088 66.3465 66.3465
3089 66.3465 66.3465
3090 66.3465 66.3465
3091 66.3465 66.3971
3092 66.3465 66.3465
3093 66.3465 66.3465
3094 66.3465 66.4371
3095 66.3465 66.3524
3096 66.3465 66.3616
3097 66.3465 66.3672
3098 66.3465 66.3984
3099 66.3465 66.4187
3100 66.3465 66.3545
3101 66.3465 66.8157
3102 66.3465 66.4799
3103 66.3465 66.4256
3104 66.3465 66.3533
3105 66.3465 66.4143
3106 66.3465 66.522
3107 66.3465 66.5477
3108 66.3465 66.3465
3109 66.3465 66.3815
3110 66.3465 66.4298
3111 66.3465 66.3465
3112 66.3465 66.3465
3113 66.3465 66.3613
3114 66.3465 66.3772
3115 66.3465 66.3986
3116 66.3465 66.3523
3117 66.3465 66.3465
3118 66.3465 66.3465
3119 66.3465 66.3579
3120 66.3465 66.3921
3121 66.3465 66.3465
3122 66.3465 66.3963
3123 66.3465 66.351
3124 66.3465 66.4114
3125 66.3465 66.3485
3126 66.3465 66.3571
3127 66.3465 66.5097
3128 66.3465 66.4997
3129 66.3465 66.4492
3130 66.3465 66.3465
3131 66.3465 66.3465
3132 66.3465 66.5158
3133 66.3465 66.4746
3134 66.3465 66.4102
3135 66.3465 66.6801
3136 66.3465 66.549
3137 66.3465 66.5511
3138 66.3465 66.515
3139 66.3465 66.3467
3140 66.3465 66.3759
3141 66.3465 66.3465
3142 66.3465 66.366
3143 66.3465 66.3465
3144 66.3465 66.4823
3145 66.3465 66.5243
3146 66.3465 66.6339
3147 66.3465 66.4339
3148 66.3465 66.4736
3149 66.3465 66.3465
3150 66.3465 66.3685
3151 66.3465 66.3674
3152 66.3465 66.3465
3153 66.3465 66.4078
3154 66.3465 66.66
3155 66.3465 66.3973
3156 66.3465 66.3618
3157 66.3465 66.3465
3158 66.3465 66.3552
3159 66.3465 66.3885
3160 66.3465 66.3465
3161 66.3465 66.3465
3162 66.3465 66.3465
3163 66.3465 66.3465
3164 66.3465 66.3506
3165 66.3465 66.3514
3166 66.3465 66.3465
3167 66.3465 66.4427
3168 66.3465 66.388
3169 66.3465 66.3978
3170 66.3465 66.5357
3171 66.3465 66.3511
3172 66.3465 66.5295
3173 66.3465 66.5471
3174 66.3465 66.4027
3175 66.3465 66.3465
3176 66.3465 66.3766
3177 66.3465 66.5283
3178 66.3465 66.5254
3179 66.3465 66.4139
3180 66.3465 66.4252
3181 66.3465 66.453
3182 66.3465 66.3735
3183 66.3465 66.3994
3184 66.3465 66.3465
3185 66.3465 66.4341
3186 66.3465 66.3541
3187 66.3465 66.3465
3188 66.3465 66.362
3189 66.3465 66.3941
3190 66.3465 66.3528
3191 66.3465 66.3465
3192 66.3465 66.3548
3193 66.3465 66.6603
3194 66.3465 66.5757
3195 66.3465 66.3756
3196 66.3465 66.5258
3197 66.3465 66.4881
3198 66.3465 66.4598
3199 66.3465 66.586
3200 66.3465 66.4545
3201 66.3465 66.5567
3202 66.3465 66.3559
3203 66.3465 66.5295
3204 66.3465 66.6372
3205 66.3465 66.5382
3206 66.3465 66.365
3207 66.3465 66.3629
3208 66.3465 66.3796
3209 66.3465 66.4762
3210 66.3465 66.4146
3211 66.3465 66.4241
3212 66.3465 66.4719
3213 66.3465 66.3988
3214 66.3465 66.3536
3215 66.3465 66.3465
3216 66.3465 66.3465
3217 66.3465 66.4451
3218 66.3465 66.4657
3219 66.3465 66.4917
3220 66.3465 66.6772
3221 66.3465 66.4507
3222 66.3465 66.4848
3223 66.3465 66.3465
3224 66.3465 66.3465
3225 66.3465 66.3465
3226 66.3465 66.4604
3227 66.3465 66.4164
3228 66.3465 66.4129
3229 66.3465 66.4245
3230 66.3465 66.3698
3231 66.3465 66.3805
3232 66.3465 66.6272
3233 66.3465 66.6458
3234 66.3465 66.5096
3235 66.3465 66.4796
3236 66.3465 66.3998
3237 66.3465 66.3551
3238 66.3465 66.4038
3239 66.3465 66.395
3240 66.3465 66.5258
3241 66.3465 66.4113
3242 66.3465 66.3993
3243 66.3465 66.3538
3244 66.3465 66.4541
3245 66.3465 66.6744
3246 66.3465 66.9791
3247 66.3465 66.6314
3248 66.3465 66.5524
3249 66.3465 66.7422
3250 66.3465 66.4735
3251 66.3465 66.4107
3252 66.3465 66.4207
3253 66.3465 66.348
3254 66.3465 66.3465
3255 66.3465 66.354
3256 66.3465 66.3876
3257 66.3465 66.3465
3258 66.3465 66.3529
3259 66.3465 66.3541
3260 66.3465 66.3611
3261 66.3465 66.3586
3262 66.3465 66.4271
3263 66.3465 66.3563
3264 66.3465 66.3819
3265 66.3465 66.3903
3266 66.3465 66.3564
3267 66.3465 66.4415
3268 66.3465 66.3465
3269 66.3465 66.3465
3270 66.3465 66.3475
3271 66.3465 66.3852
3272 66.3465 66.3606
3273 66.3465 66.4068
3274 66.3465 66.3465
3275 66.3465 66.4005
3276 66.3465 66.3465
3277 66.3465 66.3542
3278 66.3465 66.3881
3279 66.3465 66.3465
3280 66.3465 66.492
3281 66.3465 66.4912
3282 66.3465 66.3465
3283 66.3465 66.397
3284 66.3465 66.5394
3285 66.3465 66.5197
3286 66.3465 66.456
3287 66.3465 66.913
3288 66.3465 66.9201
3289 66.3465 66.3717
3290 66.3465 66.4709
3291 66.3465 66.3928
3292 66.3465 66.44
3293 66.3465 66.4228
3294 66.3465 66.4034
3295 66.3465 66.3465
3296 66.3465 66.3465
3297 66.3465 66.5599
3298 66.3465 66.3527
3299 66.3465 66.3465
3300 66.3465 66.4772
3301 66.3465 66.3465
3302 66.3465 66.3465
3303 66.3465 66.452
3304 66.3465 66.3554
3305 66.3465 66.4076
3306 66.3465 66.3655
3307 66.3465 66.3465
3308 66.3465 66.3465
3309 66.3465 66.3465
3310 66.3465 66.4235
3311 66.3465 66.4452
3312 66.3465 66.3919
3313 66.3465 66.4725
3314 66.3465 66.5628
3315 66.3465 66.3985
3316 66.3465 66.5223
3317 66.3465 66.3983
3318 66.3465 66.4193
3319 66.3465 66.4315
3320 66.3465 66.4328
3321 66.3465 66.3789
3322 66.3465 66.6167
3323 66.3465 66.4657
3324 66.3465 66.8427
3325 66.3465 66.598
3326 66.3465 66.449
3327 66.3465 66.3808
3328 66.3465 66.3465
3329 66.3465 66.5522
3330 66.3465 66.4434
3331 66.3465 66.3465
3332 66.3465 66.3465
3333 66.3465 66.3465
3334 66.3465 66.6879
3335 66.3465 66.3629
3336 66.3465 66.5493
3337 66.3465 66.3695
3338 66.3465 66.3465
3339 66.3465 66.4001
3340 66.3465 66.3498
3341 66.3465 66.3995
3342 66.3465 66.3614
3343 66.3465 66.3561
3344 66.3465 66.5951
3345 66.3465 66.4336
3346 66.3465 66.5203
3347 66.3465 66.3862
3348 66.3465 66.3465
3349 66.3465 66.4105
3350 66.3465 66.4374
3351 66.3465 66.5853
3352 66.3465 66.5274
3353 66.3465 66.4172
3354 66.3465 66.3715
3355 66.3465 66.3465
3356 66.3465 66.3894
3357 66.3465 66.3465
3358 66.3465 66.457
3359 66.3465 66.4324
3360 66.3465 66.3465
3361 66.3465 66.3573
3362 66.3465 66.4532
3363 66.3465 66.4303
3364 66.3465 66.381
3365 66.3465 66.3914
3366 66.3465 66.4015
3367 66.3465 66.7863
3368 66.3465 66.806
3369 66.3465 66.6063
3370 66.3465 66.4102
3371 66.3465 66.3532
3372 66.3465 66.3465
3373 66.3465 66.3465
3374 66.3465 66.3465
3375 66.3465 66.3698
3376 66.3465 66.3705
3377 66.3465 66.4236
3378 66.3465 66.3985
3379 66.3465 66.4757
3380 66.3465 66.6878
3381 66.3465 66.4866
3382 66.3465 66.3681
3383 66.3465 66.3646
3384 66.3465 66.4458
3385 66.3465 66.4482
3386 66.3465 66.3507
3387 66.3465 66.3465
3388 66.3465 66.489
3389 66.3465 66.3725
3390 66.3465 66.3981
3391 66.3465 66.3465
3392 66.3465 66.3465
3393 66.3465 66.4021
3394 66.3465 66.4601
3395 66.3465 66.4878
3396 66.3465 66.3465
3397 66.3465 66.3645
3398 66.3465 66.4249
3399 66.3465 66.6347
3400 66.3465 66.6334
3401 66.3465 67.0778
3402 66.3465 66.9622
3403 66.3465 66.6886
3404 66.3465 66.3598
3405 66.3465 66.3633
3406 66.3465 66.3614
3407 66.3465 66.3525
3408 66.3465 66.3465
3409 66.3465 66.3465
3410 66.3465 66.3465
3411 66.3465 66.4951
3412 66.3465 66.6305
3413 66.3465 66.4547
3414 66.3465 66.4557
3415 66.3465 66.3868
3416 66.3465 66.6126
3417 66.3465 66.5804
3418 66.3465 66.6631
3419 66.3465 66.4508
3420 66.3465 66.4503
3421 66.3465 66.4959
3422 66.3465 66.3744
3423 66.3465 66.3735
3424 66.3465 66.5787
3425 66.3465 66.564
3426 66.3465 66.3812
3427 66.3465 66.5494
3428 66.3465 66.5524
3429 66.3465 66.4634
3430 66.3465 66.4372
3431 66.3465 66.5269
3432 66.3465 66.3742
3433 66.3465 66.5354
3434 66.3465 66.3708
3435 66.3465 66.4419
3436 66.3465 66.6562
3437 66.3465 66.3506
3438 66.3465 66.3475
3439 66.3465 66.3477
3440 66.3465 66.424
3441 66.3465 66.585
3442 66.3465 66.5108
3443 66.3465 66.5351
3444 66.3465 66.3687
3445 66.3465 66.3933
3446 66.3465 66.3847
3447 66.3465 66.3465
3448 66.3465 66.3465
3449 66.3465 66.3528
3450 66.3465 66.3965
3451 66.3465 66.357
3452 66.3465 66.4559
3453 66.3465 66.646
3454 66.3465 66.3593
3455 66.3465 66.5623
3456 66.3465 66.4233
3457 66.3465 66.3465
3458 66.3465 66.3465
3459 66.3465 66.3465
3460 66.3465 66.4405
3461 66.3465 66.3514
3462 66.3465 66.3465
3463 66.3465 66.3465
3464 66.3465 66.349
3465 66.3465 66.6782
3466 66.3465 66.7919
3467 66.3465 66.8233
3468 66.3465 66.6377
3469 66.3465 66.4352
3470 66.3465 66.4137
3471 66.3465 66.3915
3472 66.3465 66.3542
3473 66.3465 66.4045
3474 66.3465 66.3465
3475 66.3465 66.3933
3476 66.3465 66.5518
3477 66.3465 66.5213
3478 66.3465 66.3872
3479 66.3465 66.4498
3480 66.3465 66.404
3481 66.3465 66.4793
3482 66.3465 66.5854
3483 66.3465 66.5104
3484 66.3465 66.4201
3485 66.3465 66.5734
3486 66.3465 66.3535
3487 66.3465 66.387
3488 66.3465 66.4722
3489 66.3465 66.4469
3490 66.3465 66.387
3491 66.3465 66.3478
3492 66.3465 66.3846
3493 66.3465 66.3465
3494 66.3465 66.3465
3495 66.3465 66.3465
3496 66.3465 66.3509
3497 66.3465 66.3465
3498 66.3465 66.3879
3499 66.3465 66.3546
3500 66.3465 66.3562
3501 66.3465 66.5925
3502 66.3465 66.4079
3503 66.3465 66.3554
3504 66.3465 66.3853
3505 66.3465 66.354
3506 66.3465 66.4652
3507 66.3465 66.3851
3508 66.3465 66.4697
3509 66.3465 66.3919
3510 66.3465 66.3522
3511 66.3465 66.3686
3512 66.3465 66.3955
3513 66.3465 66.3465
3514 66.3465 66.3465
3515 66.3465 66.3887
3516 66.3465 66.4872
3517 66.3465 66.5257
3518 66.3465 66.442
3519 66.3465 66.4082
3520 66.3465 66.3912
3521 66.3465 66.4844
3522 66.3465 66.4488
3523 66.3465 66.4593
3524 66.3465 66.4578
3525 66.3465 66.6492
3526 66.3465 66.4912
3527 66.3465 66.5693
3528 66.3465 66.3936
3529 66.3465 66.3551
3530 66.3465 66.3465
3531 66.3465 66.4304
3532 66.3465 66.4079
3533 66.3465 66.484
3534 66.3465 66.5564
3535 66.3465 66.477
3536 66.3465 66.3482
3537 66.3465 66.3465
3538 66.3465 66.3465
3539 66.3465 66.3465
3540 66.3465 66.3465
3541 66.3465 66.3465
3542 66.3465 66.3519
3543 66.3465 66.3696
3544 66.3465 66.3683
3545 66.3465 66.4443
3546 66.3465 66.3935
3547 66.3465 66.3734
3548 66.3465 66.3465
3549 66.3465 66.4154
3550 66.3465 66.3915
3551 66.3465 66.3465
3552 66.3465 66.378
3553 66.3465 66.4231
3554 66.3465 66.3621
3555 66.3465 66.3465
3556 66.3465 66.3465
3557 66.3465 66.3465
3558 66.3465 66.3794
3559 66.3465 66.3537
3560 66.3465 66.3465
3561 66.3465 66.3633
3562 66.3465 66.3465
3563 66.3465 66.3747
3564 66.3465 66.3504
3565 66.3465 66.3487
3566 66.3465 66.404
3567 66.3465 66.3465
3568 66.3465 66.3465
3569 66.3465 66.3465
3570 66.3465 66.3743
3571 66.3465 66.3907
3572 66.3465 66.4199
3573 66.3465 66.7313
3574 66.3465 66.5088
3575 66.3465 66.4469
3576 66.3465 66.3689
3577 66.3465 66.7956
3578 66.3465 66.371
3579 66.3465 66.3773
3580 66.3465 66.4246
3581 66.3465 66.386
3582 66.3465 66.3955
3583 66.3465 66.3555
3584 66.3465 66.3703
3585 66.3465 66.4174
3586 66.3465 66.5798
3587 66.3465 66.4456
3588 66.3465 66.8071
3589 66.3465 66.3465
3590 66.3465 66.3465
3591 66.3465 66.3517
3592 66.3465 66.3465
3593 66.3465 66.3465
3594 66.3465 66.4564
3595 66.3465 66.4741
3596 66.3465 66.3821
3597 66.3465 66.3956
3598 66.3465 66.3465
3599 66.3465 66.3465
3600 66.3465 66.3625
3601 66.3465 66.6103
3602 66.3465 66.3678
3603 66.3465 66.3465
3604 66.3465 66.3465
3605 66.3465 66.3465
3606 66.3465 66.5078
3607 66.3465 66.5077
3608 66.3465 66.3606
3609 66.3465 66.3465
3610 66.3465 66.3843
3611 66.3465 66.3774
3612 66.3465 66.3531
3613 66.3465 66.3465
3614 66.3465 66.3661
3615 66.3465 66.3812
3616 66.3465 66.378
3617 66.3465 66.4038
3618 66.3465 66.4422
3619 66.3465 66.3465
3620 66.3465 66.3465
3621 66.3465 66.5428
3622 66.3465 66.4926
3623 66.3465 66.4114
3624 66.3465 66.4977
3625 66.3465 66.3465
3626 66.3465 66.5472
3627 66.3465 66.3695
3628 66.3465 66.4848
3629 66.3465 66.3465
3630 66.3465 66.3465
3631 66.3465 66.3465
3632 66.3465 66.3826
3633 66.3465 66.3541
3634 66.3465 66.5304
3635 66.3465 66.5499
3636 66.3465 66.47
3637 66.3465 66.4367
3638 66.3465 66.5359
3639 66.3465 66.3882
3640 66.3465 66.4739
3641 66.3465 66.4468
3642 66.3465 66.49
3643 66.3465 66.3612
3644 66.3465 66.3465
3645 66.3465 66.4138
3646 66.3465 66.3863
3647 66.3465 66.4693
3648 66.3465 66.4093
3649 66.3465 66.3995
3650 66.3465 66.3915
3651 66.3465 66.3465
3652 66.3465 66.4044
3653 66.3465 66.4001
3654 66.3465 66.3482
3655 66.3465 66.6742
3656 66.3465 66.7014
3657 66.3465 66.5534
3658 66.3465 66.3754
3659 66.3465 66.4118
3660 66.3465 66.4245
3661 66.3465 66.3465
3662 66.3465 66.3486
3663 66.3465 66.3665
3664 66.3465 66.3619
3665 66.3465 66.3467
3666 66.3465 66.3559
3667 66.3465 66.3569
3668 66.3465 66.3465
3669 66.3465 66.3747
3670 66.3465 66.3465
3671 66.3465 66.3465
3672 66.3465 66.423
3673 66.3465 66.3465
3674 66.3465 66.3465
3675 66.3465 66.3635
3676 66.3465 66.4056
3677 66.3465 66.4583
3678 66.3465 66.3516
3679 66.3465 66.4054
3680 66.3465 66.3465
3681 66.3465 66.3465
3682 66.3465 66.3465
3683 66.3465 66.6167
3684 66.3465 66.5748
3685 66.3465 66.3628
3686 66.3465 66.3465
3687 66.3465 66.3568
3688 66.3465 66.3465
3689 66.3465 66.3617
3690 66.3465 66.3465
3691 66.3465 66.3465
3692 66.3465 66.4016
3693 66.3465 66.3661
3694 66.3465 66.3688
3695 66.3465 66.3664
3696 66.3465 66.5318
3697 66.3465 66.4233
3698 66.3465 66.3697
3699 66.3465 66.3616
3700 66.3465 66.381
3701 66.3465 66.3541
3702 66.3465 66.7694
3703 66.3465 66.5482
3704 66.3465 66.4086
3705 66.3465 66.3465
3706 66.3465 66.3465
3707 66.3465 66.4102
3708 66.3465 66.565
3709 66.3465 66.499
3710 66.3465 66.5694
3711 66.3465 66.7304
3712 66.3465 66.5792
3713 66.3465 66.348
3714 66.3465 66.4414
3715 66.3465 66.3798
3716 66.3465 66.4671
3717 66.3465 66.6484
3718 66.3465 66.3741
3719 66.3465 66.4052
3720 66.3465 66.4139
3721 66.3465 66.3607
3722 66.3465 66.3686
3723 66.3465 66.3561
3724 66.3465 66.3774
3725 66.3465 66.3905
3726 66.3465 66.4769
3727 66.3465 66.5456
3728 66.3465 66.668
3729 66.3465 66.5003
3730 66.3465 66.4048
3731 66.3465 66.4166
3732 66.3465 66.3745
3733 66.3465 66.6502
3734 66.3465 66.3488
3735 66.3465 66.4059
3736 66.3465 66.4246
3737 66.3465 66.6364
3738 66.3465 66.3663
3739 66.3465 66.3465
3740 66.3465 66.3465
3741 66.3465 66.3465
3742 66.3465 66.3495
3743 66.3465 66.3465
3744 66.3465 66.3465
3745 66.3465 66.3613
3746 66.3465 66.4834
3747 66.3465 66.3583
3748 66.3465 66.3465
3749 66.3465 66.3465
3750 66.3465 66.4826
3751 66.3465 66.5125
3752 66.3465 66.4536
3753 66.3465 66.354
3754 66.3465 66.354
3755 66.3465 66.3465
3756 66.3465 66.4995
3757 66.3465 66.3465
3758 66.3465 66.3465
3759 66.3465 66.3465
3760 66.3465 66.3465
3761 66.3465 66.3483
3762 66.3465 66.4914
3763 66.3465 66.3506
3764 66.3465 66.3465
3765 66.3465 66.3465
3766 66.3465 66.3465
3767 66.3465 66.3465
3768 66.3465 66.3465
3769 66.3465 66.3465
3770 66.3465 66.3564
3771 66.3465 66.3611
3772 66.3465 66.4951
3773 66.3465 66.4237
3774 66.3465 66.4795
3775 66.3465 66.3465
3776 66.3465 66.4497
3777 66.3465 66.6659
3778 66.3465 66.7859
3779 66.3465 66.483
3780 66.3465 66.4526
3781 66.3465 66.3465
3782 66.3465 66.4261
3783 66.3465 66.4128
3784 66.3465 66.5005
3785 66.3465 66.3465
3786 66.3465 66.4699
3787 66.3465 66.4151
3788 66.3465 66.4178
3789 66.3465 66.3791
3790 66.3465 66.4127
3791 66.3465 66.3519
3792 66.3465 66.3492
3793 66.3465 66.3556
3794 66.3465 66.3576
3795 66.3465 66.3871
3796 66.3465 66.3465
3797 66.3465 66.3465
3798 66.3465 66.3466
3799 66.3465 66.3861
3800 66.3465 66.6714
3801 66.3465 66.421
3802 66.3465 66.5433
3803 66.3465 66.4127
3804 66.3465 66.4583
3805 66.3465 66.3574
3806 66.3465 66.3465
3807 66.3465 66.3465
3808 66.3465 66.3898
3809 66.3465 66.3786
3810 66.3465 66.4886
3811 66.3465 66.3517
3812 66.3465 66.529
3813 66.3465 66.3793
3814 66.3465 66.3734
3815 66.3465 66.3676
3816 66.3465 66.3564
3817 66.3465 66.4857
3818 66.3465 66.3484
3819 66.3465 66.3465
3820 66.3465 66.3465
3821 66.3465 66.3465
3822 66.3465 66.3465
3823 66.3465 66.4203
3824 66.3465 66.351
3825 66.3465 66.3549
3826 66.3465 66.3579
3827 66.3465 66.4267
3828 66.3465 66.4102
3829 66.3465 66.3595
3830 66.3465 66.4208
3831 66.3465 66.3895
3832 66.3465 66.4421
3833 66.3465 66.4017
3834 66.3465 66.3855
3835 66.3465 66.376
3836 66.3465 66.421
3837 66.3465 66.4576
3838 66.3465 66.3868
3839 66.3465 66.4044
3840 66.3465 66.4724
3841 66.3465 66.3829
3842 66.3465 66.3627
3843 66.3465 66.3596
3844 66.3465 66.3465
3845 66.3465 66.3465
3846 66.3465 66.3465
3847 66.3465 66.3539
3848 66.3465 66.3955
3849 66.3465 66.5024
3850 66.3465 66.6966
3851 66.3465 66.4175
3852 66.3465 66.3584
3853 66.3465 66.3465
3854 66.3465 66.5323
3855 66.3465 66.3629
3856 66.3465 66.381
3857 66.3465 66.5527
3858 66.3465 66.7836
3859 66.3465 66.4797
3860 66.3465 66.5644
3861 66.3465 66.6137
3862 66.3465 66.5639
3863 66.3465 66.6955
3864 66.3465 66.5635
3865 66.3465 66.3465
3866 66.3465 66.4699
3867 66.3465 66.3545
3868 66.3465 66.5499
3869 66.3465 66.3601
3870 66.3465 66.3657
3871 66.3465 66.4138
3872 66.3465 66.6001
3873 66.3465 66.4022
3874 66.3465 66.355
3875 66.3465 66.5848
3876 66.3465 66.3869
3877 66.3465 66.4103
3878 66.3465 66.3554
3879 66.3465 66.396
3880 66.3465 66.4424
3881 66.3465 66.3734
3882 66.3465 66.3465
3883 66.3465 66.4337
3884 66.3465 66.5447
3885 66.3465 66.364
3886 66.3465 66.3465
3887 66.3465 66.3465
3888 66.3465 66.3499
3889 66.3465 66.3466
3890 66.3465 66.4807
3891 66.3465 66.5024
3892 66.3465 66.3732
3893 66.3465 66.4528
3894 66.3465 66.3772
3895 66.3465 66.4082
3896 66.3465 66.4761
3897 66.3465 66.4094
3898 66.3465 66.4692
3899 66.3465 66.4361
3900 66.3465 66.3465
3901 66.3465 66.3493
3902 66.3465 66.4388
3903 66.3465 66.3465
3904 66.3465 66.5596
3905 66.3465 66.437
3906 66.3465 66.3595
3907 66.3465 66.3493
3908 66.3465 66.3518
3909 66.3465 66.3465
3910 66.3465 66.3465
3911 66.3465 66.3465
3912 66.3465 66.5985
3913 66.3465 66.539
3914 66.3465 66.3465
3915 66.3465 66.4585
3916 66.3465 66.4005
3917 66.3465 66.3465
3918 66.3465 66.365
3919 66.3465 66.368
3920 66.3465 66.6951
3921 66.3465 66.4574
3922 66.3465 66.3465
3923 66.3465 66.3561
3924 66.3465 66.3465
3925 66.3465 66.388
3926 66.3465 66.385
3927 66.3465 66.3465
3928 66.3465 66.3531
3929 66.3465 66.35
3930 66.3465 66.5794
3931 66.3465 66.4699
3932 66.3465 66.4884
3933 66.3465 66.412
3934 66.3465 66.4426
3935 66.3465 66.4384
3936 66.3465 66.3977
3937 66.1563 66.346
3938 66.1563 66.4165
3939 66.1563 66.4363
3940 66.1563 66.2892
3941 66.1563 66.429
3942 66.1563 66.2547
3943 66.1563 66.2163
3944 66.1563 66.2299
3945 66.1563 66.2372
3946 66.1563 66.2511
3947 66.1563 66.4672
3948 66.1563 66.2093
3949 66.1563 66.1644
3950 66.1563 66.1596
3951 66.1563 66.1763
3952 66.1563 66.2539
3953 66.1563 66.3513
3954 66.1563 66.2438
3955 66.1563 66.2052
3956 66.1563 66.1563
3957 66.1563 66.1908
3958 66.1563 66.2009
3959 66.1563 66.3381
3960 66.1563 66.2029
3961 66.1563 66.2379
3962 66.1563 66.2278
3963 66.1563 66.1563
3964 66.1563 66.1624
3965 66.1563 66.1563
3966 66.1563 66.1563
3967 66.1563 66.2697
3968 66.1563 66.1579
3969 66.1563 66.1563
3970 66.1563 66.1563
3971 66.1563 66.1563
3972 66.1563 66.1848
3973 66.1563 66.2611
3974 66.1563 66.2801
3975 66.1563 66.159
3976 66.1563 66.1733
3977 66.1563 66.2029
3978 66.1563 66.1563
3979 66.1563 66.1707
3980 66.1563 66.1563
3981 66.1563 66.1563
3982 66.1563 66.1856
3983 66.1563 66.1643
3984 66.1563 66.341
3985 66.1563 66.2192
3986 66.1563 66.2933
3987 66.1563 66.3373
3988 66.1563 66.277
3989 66.1563 66.3258
3990 66.1563 66.1606
3991 66.1563 66.1621
3992 66.1563 66.1866
3993 66.1563 66.2579
3994 66.1563 66.1563
3995 66.1563 66.1563
3996 66.1563 66.1563
3997 66.1563 66.1895
3998 66.1563 66.1601
3999 66.1563 66.1599
