0 1.2714e+06 1.3528e+06
1 1.25251e+06 1.28993e+06
2 1.2181e+06 1.26249e+06
3 1.20491e+06 1.23503e+06
4 1.18638e+06 1.21482e+06
5 1.17736e+06 1.19914e+06
6 1.16134e+06 1.18489e+06
7 1.12825e+06 1.17114e+06
8 1.10956e+06 1.14671e+06
9 1.09634e+06 1.12507e+06
10 1.07419e+06 1.10739e+06
11 1.06499e+06 1.08968e+06
12 1.05073e+06 1.07202e+06
13 1.03057e+06 1.05799e+06
14 1.02256e+06 1.03964e+06
15 1.00923e+06 1.02969e+06
16 994271 1.01999e+06
17 989241 1.00586e+06
18 969304 994561
19 953761 981311
20 939586 965394
21 927223 954117
22 919035 940984
23 912533 929091
24 901829 921419
25 892244 910440
26 883091 900162
27 875501 891131
28 860692 882794
29 850957 872754
30 825384 860659
31 809782 843809
32 802968 824868
33 797226 813358
34 790284 805937
35 786601 799637
36 782166 793148
37 775582 788725
38 769039 782408
39 755220 776943
40 755220 766735
41 747493 757760
42 746192 753323
43 740155 750177
44 736980 747902
45 727399 742419
46 717753 735706
47 709984 728470
48 696132 718928
49 686921 708266
50 685410 698320
51 679832 690309
52 678744 684776
53 673410 681154
54 662051 677209
55 654625 671521
56 651912 663088
57 649095 657133
58 644279 652781
59 641941 649146
60 636861 645756
61 625658 641375
62 625616 636366
63 620600 629871
64 620018 625612
65 616794 622539
66 612483 620076
67 604558 617617
68 603274 613617
69 594934 609188
70 589044 602432
71 585845 596028
72 579956 589636
73 571120 585227
74 567593 579513
75 566696 574035
76 563442 570271
77 563442 567374
78 561314 564950
79 559062 563362
80 555590 561902
81 549319 559298
82 547281 555940
83 539630 552086
84 532991 547126
85 525086 541919
86 522614 537010
87 520763 528831
88 519965 523973
89 517056 521216
90 515510 519849
91 511047 517762
92 508970 515465
93 505916 512806
94 497234 509745
95 490378 505850
96 485427 499115
97 484663 491525
98 480912 486922
99 480906 484291
100 478775 482323
101 473221 481106
102 471280 478678
103 469077 475696
104 467327 472062
105 458792 469271
106 453594 466850
107 453594 461669
108 450778 456761
109 450681 453939
110 449807 452810
111 447760 451651
112 446763 449863
113 443337 448384
114 440258 446349
115 437075 443770
116 433487 440748
117 430373 438184
118 428588 434835
119 427146 431610
120 410717 429920
121 404363 425989
122 404363 414515
123 402755 406153
124 399637 404575
125 396210 402641
126 394824 399725
127 393295 397597
128 392530 395832
129 389860 394083
130 389652 393025
131 388015 391514
132 387243 390840
133 386476 390103
134 386179 389157
135 383306 389817
136 377857 388610
137 376150 383969
138 374443 380741
139 373111 377893
140 371705 375452
141 368460 374424
142 367223 372472
143 365427 370399
144 365427 369055
145 365427 367182
146 363138 366234
147 362197 365057
148 360956 364247
149 360662 362638
150 357324 361476
151 356383 360394
152 353856 358476
153 352983 356599
154 351790 355318
155 351095 355412
156 350018 355196
157 350018 352316
158 349885 350553
159 349024 350136
160 348950 349737
161 347602 349380
162 347171 348785
163 346456 349404
164 346418 349565
165 344485 347488
166 342798 346586
167 341894 345946
168 341894 343756
169 340015 342377
170 338696 341545
171 336446 340440
172 336446 340552
173 335191 339743
174 330406 337881
175 330083 335466
176 330083 333070
177 330083 330967
178 329964 330254
179 329964 330071
180 326738 330012
181 325118 329744
182 325118 328056
183 322007 326277
184 322007 324896
185 320143 323332
186 316809 322142
187 315923 320185
188 315607 318053
189 314853 317239
190 313324 316490
191 311368 315332
192 309064 313643
193 308277 311565
194 307610 310353
195 307153 309237
196 307153 308826
197 307153 308208
198 305271 307544
199 304537 306834
200 304370 305705
201 302830 304850
202 302830 304067
203 301381 303297
204 300939 302562
205 300850 301792
206 299809 301122
207 299186 300793
208 297755 300149
209 296599 299100
210 296511 297939
211 294795 297196
212 294081 297070
213 292251 296062
214 291289 294403
215 290456 293058
216 288825 291842
217 287792 290212
218 287505 289562
219 286622 289090
220 286497 289491
221 285558 287520
222 283979 287122
223 282789 286529
224 282789 285932
225 282329 284121
226 282121 282930
227 279647 282799
228 277813 281619
229 277643 279914
230 275963 278526
231 275963 278311
232 275794 277355
233 274129 276081
234 272364 275627
235 272364 274693
236 271920 273272
237 271691 272392
238 269829 272536
239 269829 272266
240 268653 270796
241 267914 269888
242 267914 268757
243 266559 268335
244 266239 267839
245 265748 267022
246 265748 266349
247 264563 265974
248 264563 265618
249 264234 265062
250 264206 264703
251 263877 264530
252 263411 264509
253 263411 263874
254 263411 263639
255 263411 263457
256 263198 263410
257 263198 263432
258 263198 263418
259 262479 263741
260 262479 263093
261 262479 262753
262 262018 262547
263 262018 262412
264 261677 262236
265 261677 262014
266 261271 261882
267 261271 261638
268 259803 261414
269 259436 261077
270 258094 260447
271 257715 259321
272 257119 258483
273 257029 257701
274 256605 257342
275 255508 257091
276 255508 256651
277 253523 256065
278 253098 255244
279 253098 254073
280 252645 253372
281 252645 253217
282 252645 252906
283 252225 252701
284 252016 252576
285 251596 252938
286 251596 252976
287 251485 252824
288 251342 252034
289 250237 251778
290 249333 251852
291 248589 252036
292 248335 252202
293 245983 249777
294 245980 248128
295 245504 246768
296 245504 246189
297 244651 245818
298 244647 245423
299 243651 244962
300 243651 244565
301 242822 244030
302 242822 244886
303 242799 246520
304 241826 247663
305 241803 246957
306 241720 243915
307 241697 242514
308 241697 242824
309 241616 242115
310 241429 241735
311 241429 241608
312 241425 241509
313 240567 241452
314 239215 241260
315 238352 240623
316 238352 239329
317 237911 238809
318 237911 238270
319 237864 238130
320 237864 238001
321 237864 237903
322 237467 237868
323 237452 237800
324 237016 237628
325 237016 237429
326 236798 237215
327 236676 237107
328 236167 237474
329 234806 237546
330 234454 236652
331 233048 235813
332 232848 235120
333 232289 234147
334 229809 232967
335 229620 232122
336 229620 230885
337 229434 229904
338 229434 229715
339 229366 229540
340 229163 229433
341 229095 229391
342 229095 229221
343 229095 229151
344 228913 229111
345 228913 229056
346 228342 228971
347 228289 228800
348 227718 228548
349 226759 228156
350 226188 227695
351 226021 227075
352 225688 226627
353 224529 226075
354 224529 225624
355 224300 225071
356 224300 224603
357 223999 224368
358 223999 224235
359 222998 224104
360 222998 223822
361 222998 223333
362 222998 223128
363 222454 222998
364 221830 222907
365 221830 222540
366 221656 222101
367 220487 221825
368 220398 221193
369 218975 220677
370 218975 220129
371 218975 219550
372 218975 219133
373 218975 219080
374 218870 218974
375 218703 219099
376 217871 219353
377 217551 219331
378 217416 218413
379 216438 217802
380 216438 217464
381 216438 216817
382 216438 216565
383 213929 216439
384 213573 215921
385 213484 214767
386 213421 214112
387 212270 213528
388 211593 213278
389 211530 212571
390 211530 212032
391 211530 211602
392 211530 211533
393 211530 211531
394 211530 211530
395 211530 211530
396 211530 211530
397 211530 211530
398 211512 211530
399 211512 211832
400 211149 212192
401 211149 212394
402 211149 212850
403 211149 211727
404 211149 211298
405 210374 211145
406 210374 211015
407 210374 210775
408 210067 210471
409 210067 210308
410 210067 210244
411 210067 210208
412 210067 210113
413 209878 210066
414 200962 209998
415 200773 208421
416 200773 204364
417 200031 201863
418 200031 200704
419 199372 200591
420 198584 200227
421 198584 199520
422 198584 198976
423 198244 198710
424 196963 198503
425 196860 198083
426 195579 197452
427 195579 196672
428 195579 196099
429 195109 195667
430 195109 195513
431 195109 195315
432 195109 195170
433 195109 195109
434 195109 195109
435 195109 195109
436 194758 195108
437 194758 195046
438 194758 194882
439 194758 194865
440 194402 194771
441 194402 195889
442 194015 195877
443 194015 195533
444 194015 194787
445 194015 194668
446 194015 194154
447 193921 194203
448 193133 193993
449 193133 193772
450 192020 193497
451 191064 193016
452 191064 192259
453 191064 191534
454 190999 191283
455 190999 191058
456 190999 191020
457 190546 191005
458 190546 190897
459 190505 190700
460 190157 190615
461 190157 190485
462 190157 190283
463 190157 190202
464 190157 190221
465 190157 190157
466 190157 190157
467 190157 190157
468 190157 190157
469 190012 190156
470 190012 190131
471 190012 190060
472 190012 190040
473 189318 190189
474 189173 189875
475 188642 189780
476 188276 189270
477 188276 188801
478 188276 188414
479 188276 188313
480 188276 188298
481 188169 188481
482 188169 188265
483 188169 188252
484 188151 188290
485 188044 188165
486 188044 188109
487 187858 188070
488 187858 188013
489 187448 187920
490 187448 187809
491 187448 187604
492 187448 187492
493 187448 187467
494 187448 187448
495 186696 187445
496 186696 187329
497 186295 187014
498 186295 186672
499 186295 186431
500 186269 186299
501 186269 186290
502 186269 186287
503 186269 186315
504 186026 186320
505 186004 186279
506 185761 186451
507 185761 186952
508 185761 186834
509 185761 185923
510 185761 185761
511 185761 185761
512 185761 185761
513 185761 185761
514 185761 185827
515 185761 185761
516 185761 185761
517 185411 185758
518 185125 185663
519 185114 185473
520 184988 185283
521 184876 185147
522 184740 185008
523 184548 184888
524 184310 184732
525 184310 184501
526 184202 184375
527 184202 184297
528 184202 184241
529 184202 184219
530 184202 184223
531 184202 184227
532 184202 184202
533 183595 184367
534 183595 184080
535 183595 183819
536 183303 183643
537 183303 183573
538 182886 183433
539 181731 183246
540 181731 182788
541 181642 182139
542 181489 181947
543 181489 182217
544 181401 181997
545 181287 181684
546 180043 181763
547 180043 181298
548 180043 180530
549 180043 180205
550 180043 180122
551 180043 180043
552 180043 180043
553 179979 180042
554 179188 180027
555 179188 179876
556 179188 179497
557 179188 179284
558 179188 179252
559 179188 179229
560 179188 179188
561 179188 179206
562 178732 179369
563 178440 179291
564 177985 178997
565 177985 178483
566 177985 178146
567 177838 178067
568 177838 178270
569 177838 178131
570 177838 178209
571 177838 178199
572 177838 177839
573 177838 177904
574 177838 177838
575 177760 177838
576 177760 177824
577 177760 177824
578 177760 177767
579 177760 177858
580 177760 177762
581 177760 177760
582 177760 177760
583 177760 177760
584 177760 177760
585 177760 177760
586 177760 177891
587 177760 177760
588 177760 177760
589 177760 177760
590 177760 177760
591 177760 177760
592 177222 177758
593 177222 177656
594 177222 177491
595 177222 177400
596 177128 177229
597 177128 177203
598 177128 177162
599 176652 177130
600 176652 178325
601 176566 181111
602 176566 181169
603 176566 179607
604 176566 177331
605 176566 176566
606 176566 176566
607 176566 176566
608 176566 176566
609 176566 176566
610 176566 176588
611 176566 176566
612 176539 176566
613 176539 176560
614 176393 176549
615 176393 176520
616 176201 176457
617 176201 176373
618 176201 176294
619 176201 176220
620 176201 176206
621 176201 176284
622 176201 176201
623 175698 176199
624 175698 176097
625 175698 175861
626 175698 175731
627 175698 175706
628 175698 175698
629 175698 175711
630 175698 175698
631 175698 175698
632 175474 175698
633 175474 175653
634 175474 175584
635 175474 175519
636 175474 175480
637 175474 175497
638 175474 175474
639 175474 175474
640 175474 175475
641 174736 175502
642 174736 175328
643 174736 175068
644 174736 174899
645 174441 174735
646 174023 174685
647 174023 174497
648 174023 174195
649 174023 174093
650 174023 174023
651 174023 174023
652 174023 174023
653 174006 174023
654 174006 174019
655 174006 174206
656 174006 174007
657 174006 174006
658 174006 174006
659 174006 174007
660 174006 174006
661 174006 174023
662 174006 174006
663 174006 174006
664 174005 174006
665 174005 174006
666 174005 174008
667 174005 174005
668 173873 174005
669 173778 173982
670 173549 173897
671 173504 173758
672 173504 173612
673 173305 173536
674 173305 173473
675 173305 173376
676 173305 173334
677 173195 173306
678 173195 173293
679 173195 173230
680 173195 173200
681 173195 173195
682 173195 173195
683 173195 173195
684 173195 173195
685 173195 173231
686 173195 173195
687 173195 173195
688 173195 173248
689 173195 173213
690 173195 173195
691 173195 173195
692 173195 173195
693 173195 173195
694 173195 173195
695 173195 173195
696 173195 173195
697 173195 173195
698 173195 173195
699 173195 173195
700 173195 173204
701 173011 173194
702 173011 173160
703 172629 173070
704 172629 172952
705 172629 172770
706 172629 172671
707 172629 172629
708 172629 172631
709 172629 172633
710 172629 172635
711 172629 172629
712 172629 172732
713 172629 172828
714 172629 172673
715 172629 172677
716 172629 172756
717 172629 172629
718 172629 172629
719 172629 172629
720 172629 172629
721 172629 172629
722 172629 172629
723 172629 172629
724 172629 172634
725 172336 172660
726 172336 172583
727 170672 173042
728 170672 172075
729 170672 171394
730 170672 170856
731 170672 170672
732 170672 170774
733 170436 170866
734 170436 170658
735 170436 170499
736 170436 170449
737 170436 170486
738 170436 170440
739 170436 170436
740 170436 170436
741 170436 170443
742 170436 170436
743 170436 170436
744 170436 170495
745 170436 170436
746 170436 170688
747 170436 170477
748 170436 170448
749 170436 170436
750 170436 170436
751 170436 170436
752 170436 170436
753 170436 170436
754 170436 170436
755 170432 170436
756 170332 170435
757 170328 170574
758 170328 171162
759 170328 170433
760 170328 170558
761 170328 170346
762 170328 170328
763 170328 170328
764 170328 170329
765 170328 170632
766 170328 170328
767 170328 170328
768 170328 170405
769 170210 170334
770 170210 170602
771 169617 170738
772 169617 171121
773 169617 170201
774 169617 169691
775 169543 169617
776 169543 169601
777 169543 169582
778 169543 169550
779 169543 169546
780 169543 169545
781 169543 169543
782 169543 169543
783 169050 169555
784 169050 169447
785 169050 169249
786 169050 169214
787 169050 169203
788 169050 169053
789 169050 169050
790 169050 169050
791 169050 169050
792 169050 169050
793 169050 169050
794 169050 169050
795 168377 169048
796 168377 168909
797 168377 168671
798 168377 168546
799 168377 168377
800 168377 168377
801 168377 168431
802 168377 168443
803 168377 168662
804 168259 168533
805 168259 168551
806 168259 168528
807 168259 168300
808 168259 168312
809 168259 168361
810 168259 168259
811 168259 168259
812 168259 168259
813 168259 168259
814 168259 168259
815 168259 168259
816 168259 168259
817 168259 168259
818 168259 168259
819 168259 168270
820 168259 168445
821 168259 168306
822 168259 168259
823 167749 168272
824 167749 168180
825 167749 167951
826 167749 167762
827 167749 167764
828 167749 167749
829 167749 167749
830 167749 167749
831 167749 167749
832 167749 167749
833 167749 167749
834 167749 167749
835 167749 167749
836 167749 167749
837 167749 167749
838 167749 167758
839 167749 167827
840 167749 167749
841 167749 167749
842 167658 167749
843 167658 167764
844 167658 167694
845 167658 167668
846 167481 167673
847 167481 167640
848 167481 167584
849 167481 167505
850 167481 167481
851 167481 167481
852 167481 167481
853 167481 167481
854 167481 167481
855 167481 167530
856 167481 167486
857 167481 167571
858 167481 167481
859 167481 167481
860 167481 167481
861 167481 167481
862 167481 167481
863 167481 167481
864 167481 167481
865 167481 167481
866 167481 167481
867 167481 167481
868 167481 167496
869 167481 167481
870 167481 167481
871 167481 167481
872 167481 167481
873 167481 167481
874 167481 167481
875 167481 167481
876 167481 167481
877 167481 167481
878 167481 167481
879 167481 167481
880 167481 167486
881 167481 167481
882 167481 167481
883 167481 167481
884 167481 167481
885 167481 167481
886 167481 167481
887 167481 167481
888 167481 167510
889 167481 167492
890 167481 167533
891 167481 167481
892 167481 167483
893 167481 167498
894 167481 167493
895 167481 167491
896 167481 167481
897 167481 167481
898 167481 167534
899 167481 167675
900 167481 168121
901 167481 167490
902 167481 167486
903 167481 167482
904 167481 167513
905 167481 167960
906 167481 167481
907 167481 167481
908 166486 167477
909 166486 167272
910 166486 166958
911 166486 166627
912 166486 166555
913 166486 166486
914 166486 166486
915 166409 166486
916 166409 166471
917 166409 166438
918 166409 166416
919 166409 166412
920 166409 166409
921 166409 166409
922 166409 166409
923 166409 166409
924 166409 166411
925 166409 166409
926 166409 166409
927 166409 166409
928 166409 166413
929 166409 166409
930 166409 166409
931 166409 166409
932 166409 166409
933 166409 166409
934 166409 166409
935 166409 166409
936 166409 166409
937 166409 166409
938 166409 166409
939 166409 166409
940 166409 166412
941 166409 166409
942 166409 166409
943 166409 166409
944 165962 166408
945 165962 166296
946 165962 166108
947 165962 166005
948 165962 165962
949 165962 165962
950 165792 165961
951 165792 165938
952 165792 165859
953 165645 165815
954 165645 165770
955 165645 165747
956 165061 165730
957 164711 165693
958 164711 165273
959 164711 164891
960 164711 164750
961 164711 164711
962 164711 164711
963 164711 164711
964 164711 164772
965 164711 164711
966 163065 164704
967 162818 164391
968 162818 163697
969 162818 163130
970 162818 162833
971 162818 162853
972 162818 162819
973 162818 162818
974 162818 162828
975 162818 162818
976 162818 162818
977 162818 162818
978 162818 163063
979 162818 162830
980 162818 162818
981 162818 162819
982 162818 162818
983 162818 162866
984 162818 162960
985 162818 162828
986 162818 162818
987 162818 162818
988 162818 162818
989 162818 162818
990 162818 162818
991 162818 162818
992 162818 162855
993 162818 162818
994 162818 162818
995 162818 162818
996 162818 162818
997 162818 162818
998 162818 162818
999 162818 162818
1000 162818 162818
1001 162818 162818
1002 162818 162818
1003 162818 162818
1004 162818 162818
1005 162818 162818
1006 162818 162864
1007 162818 162818
1008 162818 162818
1009 162818 162818
1010 162818 162818
1011 162818 162844
1012 162439 162817
1013 162439 162817
1014 162439 164732
1015 162439 164866
1016 162439 164274
1017 162439 162780
1018 162439 162453
1019 162439 162439
1020 162439 162439
1021 162439 162439
1022 162439 162439
1023 162439 162439
1024 162439 162439
1025 162439 162439
1026 162439 162439
1027 162439 162439
1028 162439 162439
1029 162439 162439
1030 162439 162442
1031 162439 162439
1032 162439 162439
1033 162439 162439
1034 162439 162439
1035 162439 162439
1036 162439 162451
1037 162439 162442
1038 162439 162439
1039 162439 162439
1040 162439 162439
1041 162439 162439
1042 162439 162493
1043 162439 162469
1044 162439 162439
1045 162439 162627
1046 162439 162439
1047 162439 162558
1048 162439 162530
1049 162439 162439
1050 162439 162439
1051 162260 162439
1052 162260 162401
1053 162260 162329
1054 162260 162276
1055 162260 162264
1056 162260 162295
1057 162260 162261
1058 162260 162340
1059 162260 162260
1060 162260 162260
1061 162260 162260
1062 162260 162260
1063 162260 162260
1064 162260 162260
1065 162260 162260
1066 162260 162260
1067 162260 162260
1068 162260 162260
1069 162260 162303
1070 162260 162260
1071 162260 162260
1072 162260 162494
1073 162260 162408
1074 162260 162260
1075 162260 162260
1076 162260 162270
1077 162260 162260
1078 162260 162260
1079 162260 162264
1080 162260 162260
1081 162260 162260
1082 162260 162260
1083 162260 162260
1084 162260 162260
1085 162260 162260
1086 162260 162260
1087 162260 162260
1088 162260 162260
1089 162260 162260
1090 162260 162260
1091 162260 162260
1092 162260 162261
1093 162260 162260
1094 162260 162266
1095 162260 162352
1096 162260 162260
1097 162260 162260
1098 162260 162260
1099 162260 162260
1100 162260 162260
1101 162260 162276
1102 162260 162260
1103 162260 162260
1104 162260 162282
1105 162260 162261
1106 162260 162260
1107 162260 162408
1108 162260 162348
1109 162260 162383
1110 162260 162260
1111 162260 162260
1112 162260 162260
1113 162260 162260
1114 162260 162260
1115 162260 162260
1116 162260 162260
1117 162260 162260
1118 162260 162260
1119 162260 162260
1120 162260 162260
1121 162260 162260
1122 162260 162368
1123 162260 162260
1124 162260 162260
1125 160948 162256
1126 160948 161977
1127 160948 161540
1128 160948 161224
1129 160948 160948
1130 160948 160948
1131 160948 160948
1132 160948 160952
1133 160948 160948
1134 160948 160948
1135 160948 160965
1136 160948 160976
1137 160948 160978
1138 160948 160951
1139 160948 160948
1140 160576 160947
1141 160576 162305
1142 160576 166879
1143 158004 168303
1144 158004 164717
1145 158004 160911
1146 158004 158189
1147 158004 158087
1148 158004 158186
1149 158004 158086
1150 158004 158047
1151 158004 158004
1152 158004 158011
1153 158004 158006
1154 158004 158004
1155 158004 158004
1156 158004 158004
1157 158004 158004
1158 158004 158004
1159 158004 158004
1160 158004 158024
1161 158004 158013
1162 158004 158059
1163 158004 158023
1164 158004 158004
1165 158004 158004
1166 158004 158004
1167 158004 158004
1168 158004 158004
1169 158004 158004
1170 158004 158004
1171 158004 158004
1172 158004 158004
1173 158004 158004
1174 158004 158004
1175 158004 158004
1176 158004 158004
1177 158004 158007
1178 158004 158004
1179 158004 158004
1180 158004 158004
1181 158004 158004
1182 158004 158004
1183 158004 158004
1184 158004 158004
1185 158004 158004
1186 158004 158049
1187 158004 158251
1188 158004 158016
1189 158004 158004
1190 158004 158004
1191 158004 158004
1192 158004 158004
1193 158004 158004
1194 158004 158009
1195 158004 158004
1196 158004 158004
1197 158004 158004
1198 158004 158004
1199 158004 158004
1200 158004 158004
1201 158004 158004
1202 158004 158004
1203 158004 158004
1204 158004 158004
1205 158004 158004
1206 158004 158004
1207 158004 158004
1208 158004 158004
1209 158004 158004
1210 158004 158004
1211 158004 158004
1212 158004 158290
1213 158004 158030
1214 157978 158004
1215 157978 159308
1216 157687 161167
1217 157210 160980
1218 157210 160712
1219 157210 158562
1220 157210 157466
1221 157210 157282
1222 157210 157213
1223 157210 157210
1224 157210 157210
1225 157210 157210
1226 157210 157210
1227 157210 157210
1228 157210 157323
1229 157210 157210
1230 157210 157210
1231 157210 157210
1232 157210 157224
1233 157210 157212
1234 157210 157210
1235 157210 157215
1236 157210 157212
1237 156979 157313
1238 156979 157158
1239 156979 157059
1240 156979 157009
1241 156979 157012
1242 156979 156980
1243 156979 156979
1244 156979 156979
1245 156979 156980
1246 156979 156979
1247 156979 157086
1248 156979 156979
1249 156979 156979
1250 156979 156979
1251 156661 156978
1252 156661 156906
1253 156661 156753
1254 156661 156696
1255 156661 156662
1256 156661 156661
1257 156661 156661
1258 156661 156661
1259 156661 156661
1260 156661 156661
1261 156661 156661
1262 156661 156661
1263 156661 156661
1264 156661 156661
1265 156661 156661
1266 156661 156661
1267 156661 156661
1268 156661 156661
1269 156661 156661
1270 156661 156667
1271 156661 156661
1272 156661 156662
1273 156661 156671
1274 156661 156679
1275 156661 156661
1276 156661 156661
1277 156661 156661
1278 156661 156661
1279 156661 156661
1280 156661 156661
1281 156661 156677
1282 156661 156661
1283 156661 156661
1284 156661 156662
1285 156661 156661
1286 156661 156661
1287 156661 156661
1288 156661 156661
1289 156661 156661
1290 156661 156661
1291 156661 156661
1292 156661 156661
1293 156661 156661
1294 156661 156661
1295 156661 156661
1296 156661 156661
1297 156661 156661
1298 156661 156661
1299 156661 156661
1300 156661 156661
1301 156661 156661
1302 156661 156661
1303 156661 156661
1304 156661 156661
1305 156661 156661
1306 156661 156661
1307 156661 156664
1308 156661 156661
1309 156661 156661
1310 156661 156661
1311 156661 156661
1312 156661 156687
1313 156661 156680
1314 156661 156685
1315 156661 156761
1316 156661 156678
1317 156661 156661
1318 156661 156661
1319 156661 156758
1320 156661 156676
1321 156661 156661
1322 156661 156671
1323 156661 156689
1324 156661 156661
1325 156661 156661
1326 156661 156743
1327 156661 156669
1328 156661 156773
1329 156661 156661
1330 156661 156667
1331 156661 156661
1332 156661 156661
1333 155796 156672
1334 155562 156673
1335 155562 157103
1336 155562 156031
1337 155562 155584
1338 155562 155562
1339 155562 155562
1340 155562 155634
1341 155562 155562
1342 155562 155562
1343 155562 155562
1344 155562 155562
1345 155562 155622
1346 155562 155562
1347 155562 155713
1348 155562 155562
1349 155562 155658
1350 155562 155562
1351 155562 155562
1352 155562 155562
1353 155562 155582
1354 155562 155562
1355 155514 155562
1356 155514 155552
1357 155514 155530
1358 155514 155521
1359 155514 155515
1360 155514 155514
1361 155514 155514
1362 155514 155514
1363 155514 155514
1364 155514 155514
1365 155514 155558
1366 155514 155514
1367 155514 155514
1368 155514 155514
1369 155514 155514
1370 155514 155514
1371 155514 155514
1372 155514 155514
1373 155514 155514
1374 155514 155514
1375 155514 155514
1376 155514 155514
1377 155514 155514
1378 155514 155514
1379 155514 155514
1380 155514 155514
1381 155514 155666
1382 155514 155514
1383 155514 155514
1384 155514 155514
1385 155514 155520
1386 155514 155514
1387 155514 155514
1388 155514 155514
1389 155514 155514
1390 155514 155514
1391 155514 155514
1392 155514 155514
1393 155514 155531
1394 155514 155560
1395 155514 155515
1396 155483 155514
1397 155483 155507
1398 155483 155493
1399 155483 155671
1400 155483 155545
1401 155483 155483
1402 155483 155483
1403 155483 155483
1404 155483 155483
1405 155291 155482
1406 155291 155450
1407 155291 155360
1408 155291 155309
1409 155291 155366
1410 155291 155310
1411 155291 155291
1412 155291 155291
1413 155291 155427
1414 155291 155308
1415 155154 155337
1416 155154 155293
1417 155154 155199
1418 154628 155154
1419 154628 155052
1420 154628 154780
1421 154628 154691
1422 154628 154644
1423 154628 154650
1424 154628 154628
1425 154628 154628
1426 154628 154628
1427 154628 154628
1428 154628 154628
1429 154628 154631
1430 153928 154625
1431 153928 154491
1432 153928 154178
1433 153928 154036
1434 153928 153956
1435 153928 153928
1436 153928 153928
1437 153928 153928
1438 153928 153928
1439 153928 153928
1440 153928 153928
1441 153810 153928
1442 153810 153906
1443 153810 153853
1444 153810 153819
1445 153810 153812
1446 153810 153814
1447 153810 153810
1448 153726 153810
1449 153726 153790
1450 153726 153747
1451 153726 153735
1452 153726 153727
1453 153726 153726
1454 153726 153726
1455 153726 153726
1456 153726 153726
1457 153726 153726
1458 153726 153783
1459 153726 153746
1460 153726 153726
1461 153726 153726
1462 153726 153931
1463 153726 153726
1464 153726 153726
1465 153726 153731
1466 153726 153727
1467 153726 153726
1468 153726 153726
1469 153726 153726
1470 153726 153732
1471 153726 153794
1472 153726 153788
1473 153726 153845
1474 153726 153736
1475 153726 153726
1476 153726 153726
1477 153726 153750
1478 153726 154157
1479 153726 153726
1480 153726 153726
1481 153726 153736
1482 153726 153728
1483 153332 153724
1484 153332 153647
1485 153332 153505
1486 153332 153377
1487 153332 153346
1488 153332 153336
1489 153332 153332
1490 153332 153332
1491 153332 153332
1492 153332 153332
1493 153332 153332
1494 153332 153332
1495 153332 153332
1496 153332 153332
1497 153332 153332
1498 153332 153332
1499 153332 153332
1500 153332 153501
1501 153332 153426
1502 153332 153332
1503 153332 153339
1504 153332 153332
1505 153332 153332
1506 153332 153332
1507 153332 153332
1508 153332 153332
1509 153332 153332
1510 153332 153332
1511 153332 153332
1512 153332 153332
1513 153332 153332
1514 153332 153332
1515 153183 153332
1516 153183 153300
1517 153183 153276
1518 153183 153199
1519 153183 153217
1520 153183 153183
1521 153183 153183
1522 153183 153184
1523 153183 153183
1524 153183 153183
1525 153183 153189
1526 153183 153183
1527 153183 153183
1528 153183 153183
1529 153183 153183
1530 153183 153222
1531 153183 153197
1532 153183 153288
1533 153183 153256
1534 153183 153183
1535 153183 153183
1536 153183 153183
1537 153183 153183
1538 153183 153183
1539 153183 153188
1540 153183 153183
1541 153183 153183
1542 153183 153183
1543 153183 153226
1544 153183 153183
1545 153183 153183
1546 153183 153183
1547 153183 153193
1548 153183 153183
1549 153183 153183
1550 153183 153183
1551 153183 153183
1552 153183 153183
1553 153183 153183
1554 153183 153183
1555 153183 153183
1556 153183 153183
1557 153183 153183
1558 153183 153183
1559 153183 153183
1560 153183 153183
1561 153183 153183
1562 153183 153183
1563 153183 153183
1564 153183 153183
1565 153183 153183
1566 153183 153191
1567 153183 153183
1568 153183 153183
1569 153183 153183
1570 153183 153183
1571 153183 153183
1572 152773 153181
1573 152773 153094
1574 152773 152906
1575 152773 152807
1576 152773 152788
1577 152773 152773
1578 152773 152775
1579 152773 152773
1580 152773 152773
1581 152773 152773
1582 152773 152773
1583 152773 152773
1584 152773 152773
1585 152773 152789
1586 152773 152773
1587 152773 152773
1588 152711 152772
1589 152711 152759
1590 152711 152732
1591 152711 152717
1592 152711 152711
1593 152711 152711
1594 152711 152711
1595 152711 152711
1596 152711 152711
1597 152711 152711
1598 152711 152769
1599 152711 152711
1600 152711 152711
1601 152711 152711
1602 152711 152711
1603 152711 152711
1604 152711 152711
1605 152711 152719
1606 152711 152760
1607 152711 152769
1608 152711 152711
1609 152711 152711
1610 152711 152711
1611 152711 152711
1612 152711 152711
1613 152711 152738
1614 152711 152765
1615 152711 152711
1616 152711 152712
1617 152711 152711
1618 152711 152711
1619 152711 152711
1620 152711 152711
1621 152711 152711
1622 152711 152711
1623 152711 152711
1624 152711 152711
1625 152711 152711
1626 152711 152711
1627 152711 152711
1628 152711 152711
1629 152711 152725
1630 152711 152711
1631 152711 152711
1632 152711 152711
1633 152711 152711
1634 152711 152711
1635 152711 152711
1636 152711 152711
1637 152711 152714
1638 152711 152711
1639 152711 152711
1640 152711 152711
1641 152711 152711
1642 152711 152711
1643 152711 152711
1644 152711 152757
1645 152646 152712
1646 152646 152697
1647 152646 152692
1648 152646 152653
1649 152646 152895
1650 152646 152914
1651 152646 152646
1652 152646 152646
1653 152646 152646
1654 152624 152646
1655 152624 152641
1656 152624 152635
1657 152624 152628
1658 152624 152624
1659 152624 152624
1660 152624 152624
1661 152624 152624
1662 152624 152624
1663 152624 152624
1664 152624 152625
1665 152624 152652
1666 152624 152661
1667 152624 152657
1668 152624 152749
1669 152624 152658
1670 152624 152624
1671 152624 152624
1672 152624 152624
1673 152563 152624
1674 152563 152622
1675 152563 152590
1676 152563 152570
1677 152563 152913
1678 152563 152670
1679 152563 152563
1680 152563 152563
1681 152563 152563
1682 152563 152577
1683 152563 152563
1684 152563 152563
1685 152563 152563
1686 152563 152596
1687 152563 152563
1688 152563 152563
1689 152563 152563
1690 152563 152563
1691 152563 152563
1692 152563 152563
1693 152563 152563
1694 152563 152563
1695 152563 152563
1696 152563 152565
1697 152563 152593
1698 152563 152653
1699 152563 152563
1700 152563 152563
1701 152563 152563
1702 152563 152563
1703 152563 152563
1704 152563 152563
1705 152563 152563
1706 152563 152563
1707 152563 152563
1708 152563 152658
1709 152563 152563
1710 152563 152563
1711 152563 152563
1712 152563 152563
1713 152563 152563
1714 152563 152563
1715 152563 152563
1716 152563 152572
1717 152563 152662
1718 152563 152563
1719 152563 152563
1720 152563 152563
1721 152563 152563
1722 152563 152563
1723 152563 152577
1724 152563 152695
1725 152563 152673
1726 152563 152563
1727 152563 152563
1728 152563 152563
1729 152563 152563
1730 152563 152563
1731 152563 152780
1732 152563 152563
1733 152563 152563
1734 152563 152563
1735 152563 152563
1736 152563 152593
1737 152563 152563
1738 152563 152563
1739 152563 152563
1740 152563 152563
1741 152563 152563
1742 152563 152563
1743 152563 152563
1744 152563 152563
1745 152563 152563
1746 152563 152563
1747 152563 152563
1748 152563 152563
1749 152563 152565
1750 152563 152563
1751 152563 152563
1752 152563 152572
1753 152563 152596
1754 152563 152563
1755 152563 152563
1756 152563 152563
1757 152563 152563
1758 152563 152563
1759 152563 152563
1760 152563 152571
1761 152563 152563
1762 152563 152563
1763 152563 152563
1764 152563 152563
1765 152187 152562
1766 152187 152489
1767 152187 152373
1768 152187 152219
1769 152187 152192
1770 152187 152187
1771 152187 152187
1772 152187 152187
1773 152187 152303
1774 152187 152187
1775 152187 152187
1776 152187 152293
1777 152187 152235
1778 152187 152187
1779 152187 152187
1780 152187 152295
1781 152187 152187
1782 152187 152187
1783 152187 152187
1784 152187 152187
1785 152187 152187
1786 152187 152296
1787 152187 152187
1788 152187 152187
1789 152187 152187
1790 152187 152187
1791 152187 152187
1792 152187 152187
1793 152187 152187
1794 152187 152198
1795 152187 152187
1796 152187 152187
1797 152187 152187
1798 152187 152187
1799 152187 152188
1800 152187 152187
1801 152187 152187
1802 152187 152187
1803 152187 152187
1804 152187 152187
1805 152187 152239
1806 152187 152187
1807 152187 152187
1808 152187 152187
1809 152187 152187
1810 152187 152187
1811 152187 152187
1812 152187 152187
1813 152187 152187
1814 152187 152187
1815 152187 152187
1816 152187 152187
1817 152187 152202
1818 152187 152187
1819 152187 152187
1820 152187 152187
1821 152187 152187
1822 152187 152187
1823 152187 152187
1824 152187 152187
1825 152187 152187
1826 152187 152187
1827 152187 152187
1828 152187 152193
1829 152187 152187
1830 152187 152187
1831 152187 152187
1832 152187 152261
1833 152187 152215
1834 152187 152210
1835 152187 152187
1836 152187 152187
1837 152187 152187
1838 152187 152187
1839 152187 152187
1840 152187 152187
1841 152187 152187
1842 152187 152187
1843 152187 152187
1844 152187 152187
1845 152187 152187
1846 152187 152187
1847 152187 152187
1848 152187 152187
1849 152187 152262
1850 152187 152187
1851 152187 152187
1852 152187 152187
1853 152187 152187
1854 152187 152187
1855 152187 152187
1856 152187 152187
1857 152187 152187
1858 152187 152225
1859 152187 152187
1860 152187 152187
1861 152187 152187
1862 152187 152187
1863 152187 152187
1864 152187 152187
1865 152187 152187
1866 152187 152187
1867 152187 152187
1868 152187 152189
1869 152187 152231
1870 152187 152187
1871 152187 152187
1872 152187 152187
1873 152187 152199
1874 152187 152187
1875 152187 152187
1876 152187 152187
1877 152187 152187
1878 152187 152187
1879 152187 152187
1880 152187 152187
1881 152187 152187
1882 152187 152187
1883 152187 152187
1884 152187 152187
1885 152187 152187
1886 152187 152193
1887 152187 152395
1888 152187 152279
1889 152187 152187
1890 152187 152187
1891 152187 152187
1892 152187 152187
1893 152187 152225
1894 152187 152187
1895 152187 152187
1896 152187 152212
1897 152187 152187
1898 152187 152187
1899 152187 152187
1900 152187 152187
1901 152187 152187
1902 152187 152197
1903 152187 152187
1904 152187 152210
1905 152187 152385
1906 152187 152203
1907 152187 152187
1908 152187 152230
1909 152187 152187
1910 152187 152187
1911 152187 152187
1912 152187 152198
1913 152187 152187
1914 152187 152252
1915 152187 152218
1916 152187 152187
1917 152187 152187
1918 152187 152187
1919 152187 152298
1920 152187 152187
1921 152187 152187
1922 152187 152209
1923 152187 152187
1924 152187 152187
1925 152187 152187
1926 152187 152187
1927 152187 152187
1928 152187 152187
1929 152187 152187
1930 152187 152187
1931 152187 152187
1932 152187 152187
1933 152187 152187
1934 152187 152187
1935 152187 152187
1936 152187 152187
1937 152187 152187
1938 152187 152187
1939 152187 152187
1940 152187 152187
1941 152187 152187
1942 152187 152187
1943 152187 152201
1944 152187 152188
1945 152187 152187
1946 152187 152198
1947 152187 152194
1948 152187 152187
1949 152187 152187
1950 152187 152187
1951 152187 152187
1952 152187 152206
1953 152187 152195
1954 152187 152187
1955 152187 152187
1956 152187 152187
1957 152187 152187
1958 152187 152187
1959 152187 152187
1960 152187 152293
1961 152187 152190
1962 152187 152187
1963 152187 152187
1964 152187 152187
1965 152187 152187
1966 152187 152193
1967 152187 152187
1968 152187 152187
1969 152187 152187
1970 152187 152187
1971 152187 152187
1972 152187 152187
1973 152187 152187
1974 152187 152187
1975 152187 152187
1976 152187 152187
1977 152187 152187
1978 152187 152233
1979 152187 152187
1980 152187 152187
1981 152187 152200
1982 152187 152187
1983 152187 152187
1984 152187 152188
1985 152187 152214
1986 152187 152187
1987 152187 152187
1988 152187 152187
1989 152187 152187
1990 152187 152187
1991 152187 152187
1992 152187 152187
1993 152187 152187
1994 152187 152320
1995 152187 152196
1996 152187 152226
1997 152187 152190
1998 152187 152187
1999 152187 152187
2000 152187 152187
2001 152187 152187
2002 152187 152187
2003 152187 152187
2004 152187 152187
2005 152187 152187
2006 152187 152187
2007 152187 152192
2008 152187 152187
2009 152187 152198
2010 152187 152200
2011 152187 152196
2012 152187 152191
2013 152187 152187
2014 152187 152187
2015 152187 152195
2016 152187 152190
2017 152187 152187
2018 152187 152191
2019 152187 152232
2020 152187 152191
2021 152187 152223
2022 152187 152187
2023 152187 152187
2024 152187 152187
2025 152187 152187
2026 152187 152187
2027 152187 152187
2028 152187 152187
2029 152187 152187
2030 152187 152187
2031 152187 152187
2032 152187 152187
2033 152187 152187
2034 152187 152187
2035 152187 152216
2036 152187 152187
2037 152187 152213
2038 152187 152187
2039 152187 152190
2040 152187 152187
2041 152187 152187
2042 152187 152187
2043 152187 152187
2044 152187 152187
2045 152187 152187
2046 152187 152187
2047 152187 152187
2048 152187 152187
2049 152187 152187
2050 152187 152187
2051 152187 152187
2052 152187 152187
2053 152187 152326
2054 152187 152187
2055 152187 152187
2056 152187 152187
2057 152187 152187
2058 152187 152187
2059 152187 152197
2060 152187 152187
2061 152187 152187
2062 152187 152187
2063 152187 152187
2064 152187 152187
2065 150762 152182
2066 150762 151821
2067 150762 151268
2068 150762 150950
2069 150762 150848
2070 150762 150763
2071 150762 150762
2072 150762 150762
2073 150762 150762
2074 150762 150762
2075 150762 150767
2076 150762 150880
2077 150762 150762
2078 150762 150804
2079 150762 150762
2080 150762 150762
2081 150762 150762
2082 150762 150762
2083 150762 150773
2084 150762 150765
2085 150762 150764
2086 150762 150762
2087 150762 150762
2088 150762 150762
2089 150762 150762
2090 150762 150762
2091 150762 150902
2092 150762 150763
2093 150762 150762
2094 150762 150788
2095 150762 150775
2096 150762 150826
2097 150762 150779
2098 150762 150830
2099 150762 150778
2100 150762 150762
2101 150762 150762
2102 150762 150762
2103 150762 150762
2104 150762 150762
2105 150762 150762
2106 150762 150762
2107 150762 150762
2108 150762 150762
2109 150762 150762
2110 150762 150762
2111 150762 150762
2112 150762 150762
2113 150762 150762
2114 150762 150763
2115 150762 150762
2116 150762 150765
2117 150762 150762
2118 150762 150762
2119 150762 150762
2120 150762 150762
2121 150762 150762
2122 150762 150762
2123 150762 150762
2124 150762 150762
2125 150762 150762
2126 150762 150762
2127 150762 150762
2128 150762 150762
2129 150762 150762
2130 150762 150762
2131 150762 150961
2132 150762 150916
2133 150762 150762
2134 150762 150771
2135 150762 150836
2136 150762 150762
2137 150762 150762
2138 150762 150790
2139 150762 150763
2140 150762 150762
2141 150762 150771
2142 150762 150762
2143 150762 150762
2144 150762 150762
2145 150762 150763
2146 150762 150767
2147 150762 150762
2148 150762 150763
2149 150762 150764
2150 150762 150762
2151 150762 150762
2152 150762 150762
2153 150762 150762
2154 150762 150762
2155 150762 150762
2156 150762 150762
2157 150762 150762
2158 150762 150762
2159 150762 150762
2160 150762 150762
2161 150762 150766
2162 150762 150762
2163 150762 150762
2164 150762 150762
2165 150762 150815
2166 150762 150854
2167 150762 150798
2168 150725 150762
2169 150725 150758
2170 150725 150738
2171 150725 150731
2172 150725 150778
2173 150725 150737
2174 150725 150779
2175 150725 150725
2176 150725 150725
2177 150725 150725
2178 150725 150727
2179 150725 150725
2180 150725 150725
2181 150725 150725
2182 150725 150730
2183 150725 150770
2184 150725 150725
2185 150725 150725
2186 150725 150741
2187 150725 150879
2188 150625 150725
2189 150625 150706
2190 150625 150668
2191 150625 150634
2192 150625 150632
2193 150625 150647
2194 150625 150625
2195 150625 150625
2196 150625 150748
2197 150625 150625
2198 150625 150625
2199 150625 150690
2200 150625 150697
2201 150625 150625
2202 150625 150625
2203 150625 150625
2204 150625 150625
2205 150625 150630
2206 150625 150625
2207 150625 150936
2208 150625 150625
2209 150625 150625
2210 150625 150625
2211 150625 150629
2212 150625 150642
2213 150625 150632
2214 150625 150625
2215 150625 150625
2216 150625 150625
2217 150625 150625
2218 150625 150633
2219 150625 150674
2220 150625 150625
2221 150625 150625
2222 150625 150625
2223 150625 150659
2224 150625 150625
2225 150625 150855
2226 150625 150625
2227 150625 150625
2228 150625 150625
2229 150625 150625
2230 150625 150625
2231 150625 150625
2232 150625 150625
2233 150625 150625
2234 150625 150625
2235 150625 150625
2236 150625 150791
2237 150625 150625
2238 150625 150625
2239 150625 150625
2240 150625 150686
2241 150625 150625
2242 150625 150625
2243 150625 150625
2244 150625 150625
2245 150625 150625
2246 150625 150625
2247 150625 150625
2248 150625 150625
2249 150625 150625
2250 150625 150625
2251 150625 150625
2252 150625 150625
2253 150625 150625
2254 150625 150625
2255 150625 150625
2256 150625 150625
2257 150625 150631
2258 150625 150626
2259 150625 150625
2260 150625 150625
2261 150625 150643
2262 150625 150654
2263 150625 150625
2264 150625 150675
2265 150625 150783
2266 150625 150662
2267 150625 150625
2268 150625 150625
2269 150625 150625
2270 150625 150630
2271 150625 150625
2272 150625 150625
2273 150625 150625
2274 150625 150625
2275 150625 150625
2276 150625 150676
2277 150625 150647
2278 150625 150946
2279 150625 150625
2280 150625 150625
2281 150625 150625
2282 150625 150625
2283 150625 150630
2284 150625 150672
2285 150625 150660
2286 150625 150625
2287 150625 150769
2288 150625 151154
2289 150625 150669
2290 150625 150688
2291 150625 150626
2292 150625 150625
2293 150625 150625
2294 150625 150625
2295 150625 150625
2296 150625 150625
2297 150625 150625
2298 150625 150633
2299 150625 150625
2300 150625 150684
2301 150625 150625
2302 150625 150625
2303 150625 150642
2304 150625 150625
2305 150625 150625
2306 150625 150625
2307 150625 150625
2308 150625 150625
2309 150625 150625
2310 150625 150625
2311 150625 150625
2312 150625 150625
2313 150625 150625
2314 150625 150625
2315 150625 150625
2316 150625 150625
2317 150625 150625
2318 150625 150626
2319 150625 150625
2320 150625 150625
2321 150625 150625
2322 150625 150625
2323 150625 150625
2324 150625 150626
2325 150625 150625
2326 150625 150625
2327 150625 150625
2328 150625 150625
2329 150625 150845
2330 150625 150625
2331 150625 150625
2332 150625 150625
2333 150625 150625
2334 150625 150694
2335 150625 150731
2336 150625 150784
2337 150625 150745
2338 150625 150629
2339 150625 150625
2340 150625 150625
2341 150625 150625
2342 150625 150625
2343 150625 150694
2344 150625 150722
2345 150625 150625
2346 150625 150625
2347 150625 150625
2348 150625 150651
2349 150625 150625
2350 150625 150625
2351 150625 150625
2352 150625 150630
2353 150625 150625
2354 150625 150625
2355 150625 150625
2356 150625 150625
2357 150625 150625
2358 150625 150625
2359 150625 150625
2360 150625 150625
2361 150625 150625
2362 150625 150625
2363 150625 150625
2364 150625 150625
2365 150625 150625
2366 150625 150625
2367 150625 150637
2368 150625 150625
2369 150625 150625
2370 150625 150625
2371 150625 150625
2372 150625 150625
2373 150625 150625
2374 150625 150660
2375 150625 150801
2376 150625 150625
2377 150625 150625
2378 150625 150625
2379 150625 150625
2380 150625 150653
2381 150625 150625
2382 150625 150625
2383 150625 150625
2384 150625 150625
2385 150625 150625
2386 150625 150625
2387 150625 150625
2388 150625 150625
2389 150625 150625
2390 150625 150625
2391 150625 150625
2392 150625 150625
2393 150625 150625
2394 150625 150625
2395 150625 150625
2396 150625 150734
2397 150625 150627
2398 150625 150625
2399 150625 150625
2400 150625 150625
2401 150625 150625
2402 150625 150625
2403 150625 150625
2404 150625 150628
2405 150625 150625
2406 150625 150625
2407 150625 150625
2408 150625 150625
2409 150625 150666
2410 150625 150625
2411 150625 150625
2412 150625 150625
2413 150625 150625
2414 150625 150625
2415 150625 150625
2416 150625 150648
2417 150625 150625
2418 150625 150625
2419 150625 150647
2420 150625 150635
2421 150625 150625
2422 150625 150625
2423 150594 150625
2424 150594 150617
2425 150594 150604
2426 150594 150596
2427 150594 150594
2428 150594 150594
2429 150594 150594
2430 150594 150594
2431 150594 150607
2432 150594 150622
2433 150594 150594
2434 150594 150667
2435 150594 150660
2436 150594 150594
2437 150594 150594
2438 150594 150594
2439 150594 150594
2440 150594 150594
2441 150594 150594
2442 150594 150594
2443 150594 150594
2444 150594 150594
2445 150594 150594
2446 150594 150594
2447 150594 150594
2448 150594 150604
2449 150594 150803
2450 150594 150594
2451 150594 150594
2452 150594 150594
2453 150594 150594
2454 150594 150594
2455 150594 150594
2456 150594 150901
2457 150594 150625
2458 150594 150606
2459 150594 150594
2460 150594 150608
2461 150594 150594
2462 150594 150594
2463 150594 150594
2464 150594 150594
2465 150594 150594
2466 150594 150594
2467 150594 150594
2468 150594 150594
2469 150594 150594
2470 150594 150594
2471 150594 150594
2472 150594 150594
2473 150594 150594
2474 150594 150594
2475 150594 150594
2476 150594 150601
2477 150594 150604
2478 150594 150629
2479 150594 150594
2480 150594 150594
2481 150594 150594
2482 150594 150615
2483 150594 150594
2484 150594 150594
2485 150594 150594
2486 150594 150594
2487 150594 150596
2488 150594 150594
2489 150594 150594
2490 150594 150594
2491 150594 150594
2492 150594 150594
2493 150594 150594
2494 150594 150604
2495 150594 150639
2496 150594 150594
2497 150594 150594
2498 150594 150599
2499 150594 150594
2500 150594 150594
2501 150594 150594
2502 150594 150594
2503 150594 150594
2504 150594 150594
2505 150594 150594
2506 150594 150598
2507 150594 150594
2508 150594 150594
2509 150594 150594
2510 150594 150594
2511 150594 150594
2512 150594 150594
2513 150594 150594
2514 150594 150594
2515 150594 150602
2516 150594 150594
2517 150594 150594
2518 150594 150594
2519 150594 150594
2520 150594 150594
2521 150594 150594
2522 150594 150594
2523 150594 150605
2524 150594 150734
2525 150594 150631
2526 150594 150859
2527 150594 150651
2528 150594 150683
2529 150594 150602
2530 150594 150599
2531 150594 150594
2532 150594 150596
2533 150594 150594
2534 150594 150594
2535 150594 150594
2536 150594 150594
2537 150594 150594
2538 150594 150594
2539 150594 150621
2540 150594 150594
2541 150594 150594
2542 150594 150599
2543 150594 150594
2544 150594 150594
2545 150594 150594
2546 150594 150594
2547 150594 150594
2548 150594 150594
2549 150594 150594
2550 150594 150594
2551 150594 150594
2552 150594 150594
2553 150594 150640
2554 150594 150594
2555 150594 150594
2556 150594 150594
2557 149833 150591
2558 149833 150460
2559 149833 150072
2560 149833 149905
2561 149833 149841
2562 149833 149836
2563 149833 149833
2564 149833 149833
2565 149833 149833
2566 149833 149833
2567 149833 149833
2568 149833 149833
2569 149833 149833
2570 149833 149833
2571 149833 149833
2572 149833 149833
2573 149833 149833
2574 149833 149833
2575 149833 149847
2576 149833 149833
2577 149833 149833
2578 149833 149833
2579 149833 149833
2580 149833 149833
2581 149833 149833
2582 149833 149833
2583 149833 149833
2584 149833 149833
2585 149833 149833
2586 149833 149833
2587 149833 149833
2588 149833 149866
2589 149833 149833
2590 149833 149833
2591 149833 149885
2592 149833 149833
2593 149833 149833
2594 149833 149833
2595 149833 149833
2596 149833 149833
2597 149833 149833
2598 149833 149833
2599 149833 149833
2600 149833 149833
2601 149833 149836
2602 149833 149833
2603 149833 149833
2604 149833 149833
2605 149833 149833
2606 149833 149833
2607 149833 149833
2608 149833 149833
2609 149833 149833
2610 149833 149890
2611 149833 149859
2612 149833 149833
2613 149833 149833
2614 149833 149833
2615 149833 149833
2616 149833 149838
2617 149833 149875
2618 149833 149833
2619 149833 149833
2620 149833 149833
2621 149833 149833
2622 149833 149833
2623 149833 149867
2624 149833 149833
2625 149833 149833
2626 149833 149904
2627 149833 149836
2628 149833 149833
2629 149833 149833
2630 149833 149833
2631 149833 149833
2632 149833 149833
2633 149833 149871
2634 149833 149833
2635 149833 149952
2636 149833 149836
2637 149833 149833
2638 149833 149864
2639 149833 149877
2640 149833 149833
2641 149833 149833
2642 149833 149833
2643 149833 149833
2644 149833 149833
2645 149833 149833
2646 149833 149853
2647 149833 149835
2648 149833 149833
2649 149833 149841
2650 149833 149833
2651 149833 149833
2652 149833 149833
2653 149833 149833
2654 149833 149833
2655 149833 149833
2656 149833 149833
2657 149833 149833
2658 149833 149833
2659 149833 149853
2660 149833 150007
2661 149833 149833
2662 149833 149833
2663 149833 149833
2664 149833 149833
2665 149833 149833
2666 149833 149833
2667 149833 149857
2668 149833 149896
2669 149833 149861
2670 149833 149833
2671 149833 149833
2672 149833 149833
2673 149833 149834
2674 149833 149833
2675 149833 149833
2676 149833 149833
2677 149833 149833
2678 149833 149833
2679 149833 149833
2680 149833 149833
2681 149833 149833
2682 149833 149850
2683 149833 149833
2684 149833 149833
2685 149833 149833
2686 149833 149833
2687 149833 149833
2688 149833 149839
2689 149833 149862
2690 149833 149833
2691 149833 149833
2692 149833 149838
2693 149833 149833
2694 149833 149833
2695 149833 149833
2696 149833 149833
2697 149833 149841
2698 149833 149833
2699 149833 149833
2700 149833 149833
2701 149833 149833
2702 149833 149833
2703 149833 149833
2704 149833 149833
2705 149833 149833
2706 149833 149833
2707 149833 149833
2708 149833 149833
2709 149833 149833
2710 149833 149833
2711 149833 149833
2712 149833 149865
2713 149833 149833
2714 149833 149853
2715 149833 149833
2716 149833 149866
2717 149833 149871
2718 149833 149833
2719 149833 149833
2720 149833 149833
2721 149833 149833
2722 149833 149833
2723 149833 149838
2724 149833 149833
2725 149833 149833
2726 149833 149833
2727 149833 149833
2728 149833 149834
2729 149833 149833
2730 149833 149833
2731 149833 149833
2732 149833 149833
2733 149833 149833
2734 149833 149833
2735 149833 149833
2736 149833 149836
2737 149833 149833
2738 149833 149833
2739 149833 149833
2740 149833 149833
2741 149833 149892
2742 149833 149833
2743 149833 149833
2744 149833 149833
2745 149833 149836
2746 149833 149833
2747 149833 149833
2748 149833 149875
2749 149833 149833
2750 149833 149833
2751 149833 149833
2752 149833 149833
2753 149833 149833
2754 149833 149968
2755 149833 149833
2756 149833 149862
2757 149833 149833
2758 149833 149903
2759 149833 149883
2760 149833 149833
2761 149833 149833
2762 149833 149833
2763 149833 149833
2764 149833 149833
2765 149833 149833
2766 149833 149833
2767 149833 149833
2768 149833 149833
2769 149833 149833
2770 149833 149833
2771 149833 149833
2772 149833 149833
2773 149833 149833
2774 149833 149833
2775 149833 149833
2776 149833 149833
2777 149833 149833
2778 149833 149833
2779 149833 149834
2780 149833 149833
2781 149833 149835
2782 149833 149833
2783 149833 149897
2784 149833 149915
2785 149833 150173
2786 149833 149833
2787 149833 149833
2788 149833 149833
2789 149833 149833
2790 149833 149833
2791 149833 149833
2792 149833 149833
2793 149833 149833
2794 149833 149911
2795 149833 149833
2796 149833 149833
2797 149833 149833
2798 149833 149833
2799 149833 149833
2800 149833 149833
2801 149833 149833
2802 149833 149833
2803 149833 149833
2804 149833 149900
2805 149833 149990
2806 149833 149833
2807 149833 149833
2808 149833 149838
2809 149833 149833
2810 149833 149833
2811 149833 149833
2812 149833 149844
2813 149833 149887
2814 149833 149833
2815 149833 149833
2816 149833 149833
2817 149833 149833
2818 149833 149833
2819 149833 149833
2820 149833 149833
2821 149833 149833
2822 149833 149860
2823 149833 149928
2824 149833 149921
2825 149833 149835
2826 149833 149838
2827 149833 149852
2828 149833 149833
2829 149833 149834
2830 149833 149833
2831 149833 149833
2832 149833 149833
2833 149833 149833
2834 149833 149833
2835 149833 149833
2836 149833 149833
2837 149833 149833
2838 149833 149833
2839 149833 149833
2840 149833 149833
2841 149833 149833
2842 149833 149935
2843 149833 149847
2844 149833 149980
2845 149833 149915
2846 149833 149844
2847 149833 149833
2848 149833 149833
2849 149833 149833
2850 149833 149833
2851 149833 149833
2852 149833 149838
2853 149833 149851
2854 149833 149839
2855 149833 149935
2856 149833 149850
2857 149833 149833
2858 149833 149838
2859 149833 149833
2860 149833 149833
2861 149833 149833
2862 149833 149833
2863 149833 149833
2864 149833 149833
2865 149833 149932
2866 149833 149833
2867 149833 149833
2868 149833 149833
2869 149833 149833
2870 149833 149833
2871 149833 149833
2872 149833 149833
2873 149833 149833
2874 149833 149833
2875 149833 149833
2876 149833 149833
2877 149833 149833
2878 149833 149833
2879 149833 149833
2880 149833 149838
2881 149833 149834
2882 149833 149966
2883 149833 149833
2884 149833 149879
2885 149833 149833
2886 149833 149888
2887 149833 149833
2888 149833 149862
2889 149833 149833
2890 149833 149833
2891 149833 149833
2892 149833 149833
2893 149833 149833
2894 149833 149833
2895 149833 149876
2896 149833 149833
2897 149833 149861
2898 149833 149846
2899 149833 149939
2900 149833 149858
2901 149833 149850
2902 149833 149833
2903 149833 149833
2904 149833 149833
2905 149833 149833
2906 149833 149833
2907 149833 149833
2908 149833 149833
2909 149833 149854
2910 149833 149895
2911 149833 149886
2912 149833 149833
2913 149833 149843
2914 149833 149833
2915 149833 149835
2916 149833 149879
2917 149833 149881
2918 149833 149847
2919 149833 149833
2920 149833 149833
2921 149833 149833
2922 149833 149868
2923 149833 149833
2924 149833 149833
2925 149833 149833
2926 149833 149892
2927 149833 149833
2928 149833 149833
2929 149833 149833
2930 149833 149833
2931 149833 149868
2932 149833 149833
2933 149833 149833
2934 149833 149833
2935 149833 149833
2936 149833 149833
2937 149833 149833
2938 149833 149856
2939 149833 149833
2940 149833 149898
2941 149833 149833
2942 149833 149833
2943 149833 149833
2944 149833 149833
2945 149833 149833
2946 149833 149833
2947 149833 149833
2948 149833 149833
2949 149833 149833
2950 149833 149833
2951 149833 149833
2952 149833 149833
2953 149833 149833
2954 149833 149833
2955 149833 149833
2956 149833 149833
2957 149833 149833
2958 149833 149833
2959 149833 149833
2960 149833 149833
2961 149833 149833
2962 149833 149833
2963 149833 149833
2964 149833 149833
2965 149833 149833
2966 149833 149833
2967 149833 149833
2968 149833 149833
2969 149833 149833
2970 149833 149833
2971 149833 149833
2972 149833 149833
2973 149833 149833
2974 149833 149833
2975 149833 149833
2976 149833 149833
2977 149833 149938
2978 149833 149844
2979 149833 149833
2980 149833 149871
2981 149833 149833
2982 149833 149833
2983 149833 149833
2984 149833 149833
2985 149833 149833
2986 149833 149833
2987 149833 149833
2988 149833 149833
2989 149833 149872
2990 149833 149833
2991 149833 149866
2992 149833 149833
2993 149833 149833
2994 149833 149833
2995 149833 149833
2996 149833 149833
2997 149833 149874
2998 149833 149896
2999 149833 149838
3000 149833 149833
3001 149833 149833
3002 149833 149833
3003 149833 149833
3004 149833 149833
3005 149833 149833
3006 149833 149833
3007 149833 149833
3008 149833 149833
3009 149833 149833
3010 149833 149833
3011 149833 149833
3012 149833 149833
3013 149833 149845
3014 149833 149833
3015 149833 149833
3016 149833 149833
3017 149833 149833
3018 149833 149843
3019 149833 149833
3020 149833 149833
3021 149833 149833
3022 149833 149833
3023 149833 149833
3024 149833 149833
3025 149833 150301
3026 149833 149833
3027 149833 149833
3028 149833 149833
3029 149833 149833
3030 149833 149833
3031 149833 149833
3032 149833 149833
3033 149833 149833
3034 149833 149833
3035 149833 149833
3036 149833 149835
3037 149833 149833
3038 149833 149833
3039 149833 149841
3040 149833 149844
3041 149833 149833
3042 149833 149833
3043 149833 149840
3044 149833 149833
3045 149833 149842
3046 149833 149835
3047 149833 149833
3048 149833 149842
3049 149833 149833
3050 149833 149833
3051 149833 149833
3052 149833 149833
3053 149833 149833
3054 149833 149833
3055 149833 149833
3056 149833 149845
3057 149833 149890
3058 149833 149834
3059 149833 149833
3060 149833 149851
3061 149833 149881
3062 149833 150140
3063 149833 149896
3064 149833 149833
3065 149833 149833
3066 149833 149836
3067 149833 149833
3068 149833 149833
3069 149833 149833
3070 149833 149833
3071 149833 149833
3072 149833 149833
3073 149833 149893
3074 149833 149856
3075 149833 149833
3076 149833 149900
3077 149833 149833
3078 149833 149833
3079 149833 149833
3080 149833 149833
3081 149833 149833
3082 149833 149833
3083 149833 149833
3084 149833 149838
3085 149833 149851
3086 149833 149930
3087 149833 149850
3088 149833 149833
3089 149833 149833
3090 149833 149833
3091 149833 149843
3092 149833 149833
3093 149833 149833
3094 149833 149833
3095 149833 149865
3096 149833 149833
3097 149833 149833
3098 149833 149833
3099 149833 149833
3100 149833 149833
3101 149833 149833
3102 149833 149850
3103 149833 149848
3104 149833 149833
3105 149833 149833
3106 149833 149833
3107 149833 149833
3108 149833 149833
3109 149833 149833
3110 149833 149833
3111 149833 149833
3112 149833 149840
3113 149833 149871
3114 149833 149833
3115 149833 149833
3116 149833 149833
3117 149833 149840
3118 149833 149833
3119 149833 149833
3120 149833 149833
3121 149833 149833
3122 149833 149833
3123 149833 149842
3124 149833 149840
3125 149833 150002
3126 149833 149833
3127 149833 149833
3128 149833 149833
3129 149833 149833
3130 149833 149833
3131 149833 149837
3132 149833 149980
3133 149833 149926
3134 149833 149833
3135 149833 149833
3136 149833 149842
3137 149833 149833
3138 149833 149833
3139 149833 149833
3140 149833 149833
3141 149833 149833
3142 149833 149833
3143 149833 149860
3144 149833 149833
3145 149833 149833
3146 149833 149833
3147 149833 149833
3148 149833 149833
3149 149833 149833
3150 149833 149833
3151 149833 149833
3152 149833 150071
3153 149833 149981
3154 149833 149972
3155 149833 149972
3156 149833 149833
3157 149833 149845
3158 149833 149833
3159 149833 149833
3160 149833 149833
3161 149833 149841
3162 149833 149834
3163 149833 149833
3164 149833 149841
3165 149833 149833
3166 149833 149833
3167 149833 149833
3168 149833 149836
3169 149833 149833
3170 149833 149833
3171 149833 149833
3172 149833 149833
3173 149833 149833
3174 149833 149879
3175 149833 149833
3176 149833 149833
3177 149833 149833
3178 149833 149833
3179 149833 149833
3180 149833 149833
3181 149833 149833
3182 149833 149833
3183 149833 149896
3184 149833 149833
3185 149833 149833
3186 149833 149833
3187 149833 149835
3188 149833 149865
3189 149833 149852
3190 149833 149833
3191 149833 149833
3192 149833 149833
3193 149833 149833
3194 149833 149833
3195 149833 149997
3196 149833 149860
3197 149833 149833
3198 149833 149833
3199 149833 149834
3200 149833 149833
3201 149833 149833
3202 149833 149833
3203 149833 149864
3204 149833 149945
3205 149833 149956
3206 149833 149901
3207 149833 149833
3208 149833 149833
3209 149833 149833
3210 149833 149833
3211 149833 149833
3212 149833 149833
3213 149833 149913
3214 149833 149833
3215 149833 149833
3216 149833 149837
3217 149833 149833
3218 149833 149833
3219 149833 149891
3220 149833 149833
3221 149833 149833
3222 149833 149847
3223 149833 149833
3224 149833 149833
3225 149833 149833
3226 149833 149833
3227 149833 149847
3228 149833 149833
3229 149833 149833
3230 149833 149833
3231 149833 149833
3232 149833 149833
3233 149833 149833
3234 149833 149833
3235 149833 149833
3236 149833 149833
3237 149833 149833
3238 149833 149833
3239 149833 149841
3240 149833 149933
3241 149833 149903
3242 149833 149833
3243 149833 149833
3244 149833 149833
3245 149833 149833
3246 149833 149833
3247 149833 149833
3248 149833 149833
3249 149833 149833
3250 149833 149833
3251 149833 149833
3252 149833 149833
3253 149833 149833
3254 149833 149878
3255 149833 149833
3256 149833 149833
3257 149833 149833
3258 149833 149834
3259 149833 149833
3260 149833 149833
3261 149833 149833
3262 149833 149833
3263 149833 149850
3264 149833 149866
3265 149833 149833
3266 149833 149836
3267 149833 150005
3268 149833 149833
3269 149833 149856
3270 149833 149833
3271 149833 149833
3272 149833 149833
3273 149833 149833
3274 149833 149833
3275 149833 149833
3276 149833 149837
3277 149833 149833
3278 149833 149833
3279 149833 149833
3280 149833 149833
3281 149833 149833
3282 149833 149833
3283 149833 149833
3284 149833 149833
3285 149833 149833
3286 149833 149833
3287 149833 149840
3288 149833 149843
3289 149833 149833
3290 149833 149833
3291 149833 149868
3292 149833 149833
3293 149833 149833
3294 149833 149833
3295 149833 149833
3296 149833 149833
3297 149833 149833
3298 149833 149834
3299 149833 149833
3300 149833 149995
3301 149833 149833
3302 149833 149833
3303 149833 149833
3304 149833 149833
3305 149833 149841
3306 149833 149836
3307 149833 149833
3308 149833 149833
3309 149833 149833
3310 149833 149833
3311 149833 149861
3312 149833 149833
3313 149833 149833
3314 149833 149833
3315 149833 149833
3316 149833 149833
3317 149833 149840
3318 149833 149841
3319 149833 149833
3320 149833 149842
3321 149833 149833
3322 149833 149833
3323 149833 149835
3324 149833 149833
3325 149833 149833
3326 149833 149833
3327 149833 149833
3328 149833 149937
3329 149833 149922
3330 149833 149833
3331 149833 149833
3332 149833 149833
3333 149833 149833
3334 149833 149833
3335 149833 149833
3336 149833 149859
3337 149833 149834
3338 149833 149833
3339 149833 149866
3340 149833 149833
3341 149833 149833
3342 149833 149833
3343 149833 149833
3344 149833 149835
3345 149833 149833
3346 149833 149833
3347 149833 149833
3348 149833 149837
3349 149833 149833
3350 149833 149833
3351 149833 149909
3352 149833 149833
3353 149833 149861
3354 149833 149833
3355 149833 149835
3356 149833 149843
3357 149833 149919
3358 149833 149968
3359 149833 149937
3360 149833 149833
3361 149833 149833
3362 149833 149932
3363 149833 149833
3364 149833 149833
3365 149833 149834
3366 149833 149833
3367 149833 149833
3368 149833 149844
3369 149833 149833
3370 149833 149833
3371 149833 149850
3372 149833 149833
3373 149833 149833
3374 149833 149833
3375 149833 149833
3376 149833 149833
3377 149833 149833
3378 149833 149903
3379 149833 149833
3380 149833 149833
3381 149833 149833
3382 149833 149833
3383 149833 149833
3384 149833 149833
3385 149833 149833
3386 149833 149833
3387 149833 149833
3388 149833 149833
3389 149833 149833
3390 149833 149833
3391 149833 149833
3392 149833 149843
3393 149833 149863
3394 149833 150125
3395 149833 149937
3396 149833 149869
3397 149833 149833
3398 149833 149837
3399 149833 149833
3400 149833 149838
3401 149833 149833
3402 149833 149833
3403 149833 149833
3404 149833 149833
3405 149833 149833
3406 149833 149833
3407 149833 149833
3408 149833 149868
3409 149833 149833
3410 149833 149833
3411 149833 149833
3412 149833 149833
3413 149833 149833
3414 149833 149833
3415 149833 149857
3416 149833 149846
3417 149833 149833
3418 149833 149833
3419 149833 149842
3420 149833 149833
3421 149833 149835
3422 149833 149848
3423 149833 149833
3424 149833 149842
3425 149833 149833
3426 149833 149835
3427 149833 149836
3428 149833 149833
3429 149833 149833
3430 149833 149833
3431 149833 149833
3432 149833 149833
3433 149833 149833
3434 149833 149833
3435 149833 149842
3436 149833 149833
3437 149833 149844
3438 149833 149833
3439 149833 149833
3440 149833 149833
3441 149833 149869
3442 149833 149894
3443 149833 149833
3444 149833 149862
3445 149833 149950
3446 149833 149833
3447 149833 149860
3448 149833 149833
3449 149833 149833
3450 149833 149833
3451 149833 149833
3452 149833 149833
3453 149833 149833
3454 149833 149835
3455 149833 149833
3456 149833 149833
3457 149833 149833
3458 149833 149852
3459 149833 149833
3460 149833 149833
3461 149833 149833
3462 149833 149833
3463 149833 149833
3464 149833 149833
3465 149833 149833
3466 149833 149833
3467 149833 149844
3468 149833 149843
3469 149833 149845
3470 149833 149833
3471 149833 149833
3472 149833 149833
3473 149833 149833
3474 149833 149833
3475 149833 149833
3476 149833 149833
3477 149833 149833
3478 149833 149833
3479 149833 149833
3480 149833 149839
3481 149833 149833
3482 149833 149833
3483 149833 149833
3484 149833 149920
3485 149833 150039
3486 149833 149833
3487 149833 149833
3488 149833 149833
3489 149833 149833
3490 149833 149833
3491 149833 149833
3492 149833 149961
3493 149833 149833
3494 149833 149833
3495 149833 149833
3496 149833 149833
3497 149833 149833
3498 149334 149832
3499 149334 150049
3500 149334 150633
3501 149334 151347
3502 149334 150149
3503 149334 149537
3504 149334 149405
3505 149334 149334
3506 149334 149334
3507 149334 149334
3508 149334 149334
3509 149334 149334
3510 149334 149489
3511 149334 149334
3512 149334 149339
3513 149334 149363
3514 149334 149334
3515 149334 149334
3516 149334 149336
3517 149334 149334
3518 149334 149334
3519 149334 149334
3520 149334 149334
3521 149334 149334
3522 149334 149334
3523 149334 149334
3524 149334 149334
3525 149334 149335
3526 149334 149334
3527 149334 149334
3528 149334 149500
3529 149334 149334
3530 149334 149334
3531 149334 149365
3532 149334 149334
3533 149334 149334
3534 149334 149334
3535 149334 149334
3536 149334 149334
3537 149334 149334
3538 149334 149335
3539 149334 149334
3540 149334 149334
3541 149334 149334
3542 149334 149334
3543 149334 149334
3544 149334 149364
3545 149334 149390
3546 149334 149344
3547 149334 149365
3548 149334 149334
3549 149334 149334
3550 149334 149334
3551 149334 149334
3552 149334 149342
3553 149334 149334
3554 149334 149334
3555 149334 149334
3556 149334 149334
3557 149334 149334
3558 149334 149334
3559 149334 149334
3560 149334 149334
3561 149334 149334
3562 149334 149334
3563 149334 149334
3564 149334 149334
3565 149334 149334
3566 149334 149334
3567 149334 149334
3568 149334 149334
3569 149334 149334
3570 149334 149334
3571 149334 149334
3572 149334 149334
3573 149334 149334
3574 149334 149359
3575 149334 149366
3576 149334 149334
3577 149334 149334
3578 149334 149334
3579 149334 149336
3580 149334 149347
3581 149334 149393
3582 149334 149416
3583 149334 149409
3584 149334 149334
3585 149334 149334
3586 149334 149334
3587 149334 149334
3588 149334 149334
3589 149334 149334
3590 149334 149334
3591 149334 149334
3592 149334 149363
3593 149334 149396
3594 149334 149334
3595 149334 149334
3596 149334 149334
3597 149334 149334
3598 149334 149334
3599 149334 149334
3600 149334 149334
3601 149334 149334
3602 149334 149334
3603 149334 149334
3604 149334 149334
3605 149334 149334
3606 149334 149345
3607 149334 149392
3608 149334 149650
3609 149334 149334
3610 149334 149334
3611 149334 149334
3612 149334 149334
3613 149334 149334
3614 149334 149334
3615 149334 149334
3616 149334 149334
3617 149334 149334
3618 149334 149335
3619 149334 149334
3620 149334 149341
3621 149334 149334
3622 149334 149334
3623 149334 149334
3624 149334 149334
3625 149334 149334
3626 149334 149334
3627 149334 149338
3628 149334 149334
3629 149334 149334
3630 149334 149334
3631 149334 149334
3632 149334 149334
3633 149334 149334
3634 149334 149346
3635 149334 149379
3636 149334 149334
3637 149334 149387
3638 149334 149334
3639 149334 149334
3640 149334 149334
3641 149334 149337
3642 149334 149349
3643 149334 149334
3644 149334 149334
3645 149334 149338
3646 149334 149334
3647 149334 149334
3648 149334 149334
3649 149334 149334
3650 149334 149334
3651 149334 149334
3652 149334 149334
3653 149334 149334
3654 149334 149334
3655 149334 149371
3656 149334 149334
3657 149334 149334
3658 149334 149334
3659 149334 149334
3660 149334 149334
3661 149334 149336
3662 149334 149342
3663 149334 149334
3664 149334 149334
3665 149334 149334
3666 149334 149334
3667 149334 149334
3668 149334 149334
3669 149334 149358
3670 149334 149334
3671 149334 149334
3672 149334 149334
3673 149334 149334
3674 149334 149334
3675 149334 149380
3676 149334 149334
3677 149334 149334
3678 149334 149334
3679 149334 149334
3680 149334 149334
3681 149334 149334
3682 149334 149334
3683 149334 149334
3684 149334 149334
3685 149334 149334
3686 149334 149334
3687 149334 149334
3688 149334 149334
3689 149334 149371
3690 149334 149385
3691 149334 149394
3692 149334 149526
3693 149334 149393
3694 149334 149334
3695 149334 149334
3696 149334 149334
3697 149334 149334
3698 149334 149334
3699 149334 149334
3700 149334 149334
3701 149334 149334
3702 149334 149446
3703 149334 149405
3704 149334 149489
3705 149334 149334
3706 149334 149370
3707 149334 149334
3708 149334 149437
3709 149334 149436
3710 149334 149414
3711 149334 149427
3712 149334 149334
3713 149334 149334
3714 149334 149334
3715 149334 149334
3716 149334 149334
3717 149334 149334
3718 149334 149334
3719 149334 149334
3720 149334 149334
3721 149334 149334
3722 149334 149334
3723 149334 149334
3724 149334 149334
3725 149334 149334
3726 149334 149334
3727 149334 149334
3728 149334 149334
3729 149334 149334
3730 149334 149438
3731 149334 149334
3732 149334 149334
3733 149334 149334
3734 149334 149334
3735 149334 149334
3736 149334 149334
3737 149334 149334
3738 149334 149334
3739 149334 149336
3740 149334 149381
3741 149334 149334
3742 149334 149613
3743 149334 149358
3744 149334 149380
3745 149334 149335
3746 149334 149334
3747 149334 149383
3748 149334 149345
3749 149334 149334
3750 149334 149334
3751 149334 149334
3752 149334 149334
3753 149334 149334
3754 149334 149334
3755 149334 149334
3756 149334 149334
3757 149334 149334
3758 149334 149334
3759 149334 149334
3760 149334 149334
3761 149334 149334
3762 149334 149334
3763 149334 149334
3764 149334 149334
3765 149334 149346
3766 149334 149334
3767 149334 149334
3768 149334 149334
3769 149334 149334
3770 149334 149334
3771 149334 149376
3772 149334 149334
3773 149334 149334
3774 149334 149334
3775 149334 149334
3776 149334 149334
3777 149334 149334
3778 149334 149334
3779 149334 149334
3780 149334 149335
3781 149334 149381
3782 149334 149334
3783 149334 149350
3784 149334 149482
3785 149334 149334
3786 149334 149334
3787 149334 149334
3788 149334 149334
3789 149334 149334
3790 149334 149334
3791 149334 149334
3792 149334 149334
3793 149334 149334
3794 149334 149334
3795 149334 149334
3796 149334 149334
3797 149334 149334
3798 149334 149334
3799 149334 149334
3800 149334 149334
3801 149334 149341
3802 149334 149334
3803 149334 149334
3804 149334 149334
3805 149334 149334
3806 149334 149377
3807 149334 149570
3808 149334 149334
3809 149334 149334
3810 149334 149334
3811 149334 149334
3812 149334 149334
3813 149334 149334
3814 149334 149334
3815 149334 149334
3816 149334 149334
3817 149334 149334
3818 149334 149334
3819 149334 149334
3820 149334 149437
3821 149334 149341
3822 149334 149334
3823 149334 149334
3824 149334 149334
3825 149334 149334
3826 149334 149334
3827 149334 149334
3828 149334 149334
3829 149334 149334
3830 149334 149334
3831 149334 149334
3832 149334 149341
3833 149334 149334
3834 149334 149334
3835 149334 149334
3836 149334 149334
3837 149334 149337
3838 149334 149334
3839 149334 149334
3840 149334 149334
3841 149334 149334
3842 149334 149334
3843 149334 149334
3844 149334 149334
3845 149334 149341
3846 149334 149334
3847 149334 149334
3848 149334 149334
3849 149334 149334
3850 149334 149531
3851 149334 149392
3852 149334 149334
3853 149334 149334
3854 149334 149334
3855 149334 149334
3856 149334 149422
3857 149334 149334
3858 149334 149334
3859 149334 149334
3860 149334 149334
3861 149334 149359
3862 149334 149335
3863 149334 149334
3864 149334 149334
3865 149334 149334
3866 149334 149334
3867 149334 149334
3868 149334 149334
3869 149334 149334
3870 149334 149334
3871 149334 149334
3872 149334 149334
3873 149334 149334
3874 149334 149334
3875 149334 149334
3876 149334 149334
3877 149334 149334
3878 149334 149334
3879 149334 149334
3880 149334 149334
3881 149334 149334
3882 149334 149334
3883 149334 149334
3884 149334 149334
3885 149334 149334
3886 149334 149334
3887 149334 149334
3888 149334 149334
3889 149334 149334
3890 149334 149334
3891 149334 149334
3892 149334 149406
3893 149334 149334
3894 149334 149334
3895 149334 149334
3896 149334 149334
3897 149334 149350
3898 149334 149334
3899 149334 149337
3900 149334 149352
3901 149334 149334
3902 149334 149334
3903 149334 149334
3904 149334 149334
3905 149334 149334
3906 149334 149350
3907 149334 149350
3908 149334 149334
3909 149334 149334
3910 149334 149343
3911 149334 149334
3912 149334 149357
3913 149334 149423
3914 149334 149646
3915 149334 149334
3916 149334 149334
3917 149334 149334
3918 149334 149334
3919 149334 149334
3920 149334 149542
3921 149334 149357
3922 149334 149511
3923 149334 149334
3924 149334 149347
3925 149334 149334
3926 149334 149334
3927 149334 149334
3928 149334 149334
3929 149334 149408
3930 149334 149334
3931 149334 149334
3932 149334 149334
3933 149334 149334
3934 149334 149334
3935 149334 149334
3936 149334 149410
3937 149334 149393
3938 149334 149364
3939 149334 149334
3940 149334 149334
3941 149334 149334
3942 149334 149334
3943 149334 149334
3944 149334 149334
3945 149334 149385
3946 149334 149391
3947 149334 149370
3948 149334 149334
3949 149334 149334
3950 149334 149334
3951 149334 149334
3952 149334 149334
3953 149334 149334
3954 149334 149338
3955 149334 149334
3956 149334 149353
3957 149334 149334
3958 149334 149416
3959 149334 149338
3960 149334 149339
3961 149334 149334
3962 149334 149340
3963 149334 149334
3964 149334 149334
3965 149334 149334
3966 149334 149334
3967 149334 149334
3968 149334 149334
3969 149334 149336
3970 149334 149334
3971 149334 149334
3972 149334 149402
3973 149334 149334
3974 149334 149334
3975 149334 149354
3976 149334 149776
3977 149334 149545
3978 149334 149372
3979 149334 149348
3980 149334 149334
3981 149334 149334
3982 149334 149362
3983 149334 149334
3984 149334 149334
3985 149334 149334
3986 149334 149334
3987 149334 149334
3988 149334 149334
3989 149334 149334
3990 149334 149334
3991 149334 149334
3992 149334 149351
3993 149334 149444
3994 149334 149334
3995 149334 149334
3996 149334 149334
3997 149334 149334
3998 149334 149360
3999 149334 149345
4000 149334 149376
4001 149334 149334
4002 149334 149334
4003 149334 149336
4004 149334 149334
4005 149334 149334
4006 149334 149334
4007 149334 149334
4008 149334 149334
4009 149334 149367
4010 149334 149336
4011 149334 149334
4012 149334 149334
4013 149334 149334
4014 149334 149334
4015 149334 149334
4016 149334 149334
4017 149334 149334
4018 149334 149334
4019 149334 149334
4020 149334 149334
4021 149334 149334
4022 149334 149345
4023 149334 149334
4024 149334 149334
4025 149334 149334
4026 149334 149334
4027 149334 149334
4028 149334 149334
4029 149334 149334
4030 149334 149334
4031 149334 149334
4032 149334 149437
4033 149334 149525
4034 149334 149334
4035 149334 149334
4036 149334 149334
4037 149334 149334
4038 149334 149343
4039 149334 149334
4040 149334 149334
4041 149334 149334
4042 149334 149334
4043 149334 149334
4044 149334 149334
4045 149334 149334
4046 149334 149334
4047 149334 149334
4048 149334 149334
4049 149334 149334
4050 149334 149334
4051 149334 149334
4052 149334 149334
4053 149334 149334
4054 149334 149352
4055 149334 149334
4056 149334 149334
4057 149334 149334
4058 149334 149334
4059 149334 149334
4060 149334 149334
4061 149334 149334
4062 149334 149334
4063 149334 149334
4064 149334 149334
4065 149334 149334
4066 149334 149334
4067 149334 149334
4068 149334 149334
4069 149334 149334
4070 149334 149334
4071 149334 149334
4072 149334 149334
4073 149334 149334
4074 149334 149359
4075 149334 149338
4076 149334 149334
4077 149334 149334
4078 149334 149372
4079 149334 149334
4080 149334 149334
4081 149334 149334
4082 149334 149334
4083 149334 149334
4084 149334 149334
4085 149334 149405
4086 149334 149334
4087 149334 149334
4088 149334 149334
4089 149334 149393
4090 149334 149334
4091 149334 149441
4092 149334 149460
4093 149334 149334
4094 149334 149383
4095 149334 149334
4096 149334 149334
4097 149334 149334
4098 149334 149334
4099 149334 149334
4100 149334 149334
4101 149334 149334
4102 149334 149374
4103 149334 149492
4104 149334 149368
4105 149334 149334
4106 149334 149336
4107 149334 149334
4108 149334 149334
4109 149334 149334
4110 149334 149334
4111 149334 149334
4112 149334 149334
4113 149334 149334
4114 149334 149380
4115 149334 149335
4116 149334 149334
4117 149334 149334
4118 149334 149334
4119 149334 149334
4120 149334 149390
4121 149334 149465
4122 149334 149369
4123 149334 149334
4124 149334 149334
4125 149334 149334
4126 149334 149334
4127 149334 149334
4128 149334 149334
4129 149334 149354
4130 149334 149334
4131 149334 149350
4132 149334 149334
4133 149334 149334
4134 149334 149334
4135 149334 149334
4136 149334 149334
4137 149334 149334
4138 149334 149334
4139 149334 149340
4140 149334 149360
4141 149334 149334
4142 149334 149334
4143 149334 149334
4144 149334 149334
4145 149334 149337
4146 149334 149334
4147 149334 149334
4148 149334 149334
4149 149334 149334
4150 149334 149375
4151 149334 149341
4152 149334 149371
4153 149334 149334
4154 149334 149334
4155 149334 149334
4156 149334 149334
4157 149334 149334
4158 149334 149334
4159 149334 149334
4160 149334 149334
4161 149334 149334
4162 149334 149334
4163 149334 149334
4164 149334 149334
4165 149334 149456
4166 149334 149334
4167 149334 149334
4168 149334 149334
4169 149334 149334
4170 149334 149334
4171 149334 149334
4172 149334 149334
4173 149334 149334
4174 149334 149348
4175 149334 149334
4176 149334 149334
4177 149334 149334
4178 149334 149334
4179 149334 149334
4180 149334 149334
4181 149334 149334
4182 149334 149334
4183 149334 149334
4184 149334 149334
4185 149334 149334
4186 149334 149334
4187 149334 149334
4188 149334 149475
4189 149334 149334
4190 149334 149334
4191 149334 149334
4192 149334 149378
4193 149334 149334
4194 149334 149334
4195 149334 149337
4196 149334 149334
4197 149334 149334
4198 149334 149334
4199 149334 149334
4200 149334 149334
4201 149334 149335
4202 149334 149334
4203 149334 149334
4204 149334 149342
4205 149334 149740
4206 149334 149351
4207 149334 149411
4208 149334 149334
4209 149334 149334
4210 149334 149334
4211 149334 149381
4212 149334 149334
4213 149334 149334
4214 149334 149334
4215 149334 149334
4216 149334 149334
4217 149334 149334
4218 149334 149334
4219 149334 149334
4220 149334 149334
4221 149334 149360
4222 149334 149444
4223 149334 149334
4224 149334 149334
4225 149334 149334
4226 149334 149599
4227 149334 149334
4228 149334 149343
4229 149334 149334
4230 149334 149334
4231 149334 149334
4232 149334 149334
4233 149334 149334
4234 149334 149336
4235 149334 149334
4236 149334 149334
4237 149334 149334
4238 149334 149334
4239 149334 149334
4240 149334 149360
4241 149334 149334
4242 149334 149334
4243 149334 149418
4244 149334 149364
4245 149334 149334
4246 149334 149334
4247 149334 149334
4248 149334 149334
4249 149334 149334
4250 149334 149378
4251 149334 149453
4252 149334 149392
4253 149334 149345
4254 149334 149334
4255 149334 149334
4256 149334 149353
4257 149334 149345
4258 149334 149334
4259 149334 149334
4260 149334 149363
4261 149334 149334
4262 149334 149334
4263 149334 149334
4264 149334 149334
4265 149334 149334
4266 149334 149400
4267 149334 149394
4268 149334 149334
4269 149334 149334
4270 149334 149334
4271 149334 149334
4272 149334 149334
4273 149334 149340
4274 149334 149334
4275 149334 149353
4276 149334 149486
4277 149334 149402
4278 149334 149334
4279 149334 149334
4280 149334 149334
4281 149334 149334
4282 149334 149334
4283 149334 149334
4284 149334 149417
4285 149334 149349
4286 149334 149334
4287 149334 149334
4288 149334 149375
4289 149334 149355
4290 149334 149334
4291 149334 149334
4292 149334 149334
4293 149334 149334
4294 149334 149336
4295 149334 149347
4296 149334 149380
4297 149334 149336
4298 149334 149575
4299 149334 149334
4300 149334 149334
4301 149334 149334
4302 149334 149334
4303 149334 149334
4304 149334 149334
4305 149334 149343
4306 149334 149334
4307 149334 149334
4308 149334 149348
4309 149334 149334
4310 149334 149334
4311 149334 149334
4312 149334 149343
4313 149334 149334
4314 149334 149356
4315 149334 149349
4316 149334 149334
4317 149334 149334
4318 149334 149334
4319 149334 149334
4320 149334 149422
4321 149334 149334
4322 149334 149334
4323 149334 149549
4324 149334 149334
4325 149334 149334
4326 149334 149334
4327 149334 149334
4328 149334 149334
4329 149334 149334
4330 149334 149334
4331 149334 149334
4332 149334 149334
4333 149334 149334
4334 149334 149334
4335 149334 149334
4336 149334 149554
4337 149334 149335
4338 149334 149362
4339 149334 149341
4340 149334 149345
4341 149334 149334
4342 149334 149334
4343 149334 149334
4344 149334 149334
4345 149334 149334
4346 149334 149334
4347 149334 149334
4348 149334 149334
4349 149334 149334
4350 149334 149365
4351 149334 149334
4352 149334 149387
4353 149334 149334
4354 149334 149334
4355 149334 149334
4356 149334 149334
4357 149334 149334
4358 149334 149334
4359 149334 149411
4360 149334 149334
4361 149334 149334
4362 149334 149334
4363 149334 149334
4364 149334 149391
4365 149334 149334
4366 149334 149334
4367 149334 149334
4368 149334 149334
4369 149334 149334
4370 149334 149334
4371 149334 149334
4372 149334 149334
4373 149334 149334
4374 149334 149334
4375 149334 149334
4376 149334 149334
4377 149334 149334
4378 149334 149348
4379 149334 149334
4380 149334 149350
4381 149334 149334
4382 149334 149334
4383 149334 149334
4384 149334 149334
4385 149334 149349
4386 149334 149334
4387 149334 149334
4388 149334 149339
4389 149334 149334
4390 149334 149334
4391 149334 149334
4392 149334 149334
4393 149334 149334
4394 149334 149334
4395 149334 149334
4396 149334 149334
4397 149334 149334
4398 149334 149334
4399 149334 149334
4400 149334 149334
4401 149334 149334
4402 149334 149334
4403 149334 149334
4404 149334 149365
4405 149334 149334
4406 149334 149334
4407 149334 149334
4408 149334 149334
4409 149334 149334
4410 149334 149334
4411 149334 149359
4412 149334 149334
4413 149334 149334
4414 149334 149334
4415 149334 149334
4416 149334 149334
4417 149334 149380
4418 149334 149334
4419 149334 149334
4420 149334 149334
4421 149334 149334
4422 149334 149334
4423 149334 149334
4424 149334 149334
4425 149334 149334
4426 149334 149495
4427 149334 149340
4428 149334 149337
4429 149334 149334
4430 149334 149334
4431 149334 149334
4432 149334 149334
4433 149334 149355
4434 149334 149499
4435 149334 149418
4436 149334 149335
4437 149334 149340
4438 149334 149334
4439 149334 149334
4440 149334 149334
4441 149334 149334
4442 149334 149334
4443 149334 149334
4444 149334 149334
4445 149334 149334
4446 149334 149334
4447 149334 149345
4448 149334 149334
4449 149334 149334
4450 149334 149363
4451 149334 149334
4452 149334 149334
4453 149334 149334
4454 149334 149334
4455 149334 149344
4456 149334 149334
4457 149334 149334
4458 149334 149334
4459 149334 149334
4460 149334 149334
4461 149334 149334
4462 149334 149339
4463 149334 149334
4464 149334 149334
4465 149334 149334
4466 149334 149334
4467 149334 149334
4468 149334 149334
4469 149334 149334
4470 149334 149334
4471 149334 149334
4472 149334 149334
4473 149334 149334
4474 149334 149334
4475 149334 149334
4476 149334 149334
4477 149334 149334
4478 149334 149334
4479 149334 149334
4480 149334 149334
4481 149334 149347
4482 149334 149334
4483 149334 149334
4484 149334 149334
4485 149334 149414
4486 149334 149334
4487 149334 149334
4488 149334 149334
4489 149334 149334
4490 149334 149334
4491 149334 149334
4492 149334 149334
4493 149334 149334
4494 149334 149340
4495 149334 149334
4496 149334 149334
4497 149334 149334
4498 149334 149334
4499 149334 149334
4500 149334 149335
4501 149334 149346
4502 149334 149336
4503 149334 149339
4504 149334 149334
4505 149334 149334
4506 149334 149334
4507 149334 149347
4508 149334 149338
4509 149334 149334
4510 149334 149334
4511 149334 149334
4512 149334 149334
4513 149334 149334
4514 149334 149334
4515 149334 149334
4516 149334 149334
4517 149334 149334
4518 149334 149334
4519 149334 149334
4520 149334 149334
4521 149334 149334
4522 149334 149361
4523 149334 149334
4524 149334 149366
4525 149334 149334
4526 149334 149334
4527 149334 149334
4528 149334 149334
4529 149334 149334
4530 149334 149334
4531 149334 149334
4532 149334 149334
4533 149334 149334
4534 149334 149334
4535 149334 149334
4536 149334 149334
4537 149334 149334
4538 149334 149334
4539 149334 149334
4540 149334 149334
4541 149334 149334
4542 149334 149334
4543 149334 149334
4544 149334 149334
4545 149334 149334
4546 149334 149341
4547 149334 149334
4548 149334 149334
4549 149334 149334
4550 149334 149334
4551 149334 149334
4552 149334 149334
4553 149334 149334
4554 149334 149334
4555 149334 149334
4556 149334 149386
4557 149334 149338
4558 149334 149367
4559 149334 149336
4560 149334 149336
4561 149334 149345
4562 149334 149394
4563 149334 149334
4564 149334 149549
4565 149334 149374
4566 149334 149334
4567 149334 149334
4568 149334 149334
4569 149334 149334
4570 149334 149345
4571 149334 149337
4572 149334 149334
4573 149334 149339
4574 149334 149355
4575 149334 149334
4576 149334 149334
4577 149334 149334
4578 149334 149347
4579 149334 149334
4580 149334 149334
4581 149334 149334
4582 149334 149334
4583 149334 149334
4584 149334 149334
4585 149334 149354
4586 149334 149334
4587 149334 149490
4588 149334 149334
4589 149334 149334
4590 149334 149334
4591 149334 149334
4592 149334 149334
4593 149334 149394
4594 149334 149385
4595 149334 149334
4596 149334 149334
4597 149334 149334
4598 149334 149334
4599 149334 149334
4600 149334 149334
4601 149334 149334
4602 149334 149334
4603 149334 149428
4604 149334 149335
4605 149334 149468
4606 149334 149334
4607 149334 149334
4608 149334 149334
4609 149334 149334
4610 149334 149334
4611 149334 149349
4612 149334 149335
4613 149334 149334
4614 149334 149345
4615 149334 149334
4616 149334 149407
4617 149334 149431
4618 149334 149334
4619 149334 149334
4620 149334 149334
4621 149334 149414
4622 149334 149334
4623 149334 149360
4624 149334 149334
4625 149334 149598
4626 149334 149334
4627 149334 149334
4628 149334 149350
4629 149334 149334
4630 149334 149475
4631 149334 149375
4632 149334 149334
4633 149334 149334
4634 149334 149334
4635 149334 149334
4636 149334 149334
4637 149334 149334
4638 149334 149334
4639 149334 149338
4640 149334 149334
4641 149334 149334
4642 149334 149334
4643 149334 149334
4644 149334 149334
4645 149334 149334
4646 149334 149334
4647 149334 149334
4648 149334 149334
4649 149334 149334
4650 149334 149334
4651 149334 149334
4652 149334 149389
4653 149334 149334
4654 149334 149334
4655 149334 149334
4656 149334 149334
4657 149334 149334
4658 149334 149335
4659 149334 149340
4660 149334 149334
4661 149334 149334
4662 149334 149334
4663 149334 149334
4664 149334 149334
4665 149334 149334
4666 149334 149338
4667 149334 149334
4668 149334 149334
4669 149334 149334
4670 149334 149334
4671 149334 149334
4672 149334 149334
4673 149334 149334
4674 149334 149334
4675 149334 149334
4676 149334 149334
4677 149334 149334
4678 149334 149334
4679 149334 149346
4680 149334 149334
4681 149334 149334
4682 149334 149334
4683 149334 149568
4684 149334 149334
4685 149334 149334
4686 149334 149335
4687 149334 149334
4688 149334 149384
4689 149334 149334
4690 149334 149334
4691 149334 149334
4692 149334 149334
4693 149334 149334
4694 149334 149334
4695 149334 149334
4696 149334 149334
4697 149334 149334
4698 149334 149334
4699 149334 149334
4700 149334 149334
4701 149334 149334
4702 149334 149336
4703 149334 149334
4704 149334 149334
4705 149334 149334
4706 149334 149376
4707 149334 149337
4708 149334 149350
4709 149334 149334
4710 149334 149334
4711 149334 149342
4712 149334 149334
4713 149334 149334
4714 149334 149334
4715 149334 149334
4716 149334 149334
4717 149334 149492
4718 149334 149346
4719 149334 149427
4720 149334 149334
4721 149334 149334
4722 149334 149377
4723 149334 149334
4724 149334 149349
4725 149334 149364
4726 149334 149349
4727 149334 149334
4728 149334 149334
4729 149334 149334
4730 149334 149370
4731 149334 149334
4732 149334 149337
4733 149334 149343
4734 149334 149334
4735 149334 149334
4736 149334 149334
4737 149334 149334
4738 149334 149334
4739 149334 149334
4740 149334 149334
4741 149334 149334
4742 149334 149334
4743 149334 149334
4744 149334 149334
4745 149334 149334
4746 149334 149334
4747 149334 149334
4748 149334 149334
4749 149334 149334
4750 149334 149334
4751 149334 149334
4752 149334 149467
4753 149334 149334
4754 149334 149334
4755 149334 149334
4756 149334 149437
4757 149334 149334
4758 149334 149334
4759 149334 149414
4760 149334 149334
4761 149334 149334
4762 149334 149334
4763 149334 149334
4764 149334 149334
4765 149334 149334
4766 149334 149334
4767 149334 149334
4768 149334 149334
4769 149334 149334
4770 149334 149334
4771 149334 149334
4772 149334 149334
4773 149334 149334
4774 149334 149334
4775 149334 149334
4776 149334 149334
4777 149334 149334
4778 149334 149334
4779 149334 149334
4780 149334 149385
4781 149334 149339
4782 149334 149334
4783 149334 149441
4784 149334 149334
4785 149334 149335
4786 149334 149334
4787 149334 149334
4788 149334 149334
4789 149334 149334
4790 149334 149334
4791 149334 149334
4792 149334 149334
4793 149334 149334
4794 149334 149390
4795 149334 149334
4796 149334 149334
4797 149334 149334
4798 149334 149334
4799 149334 149334
4800 149334 149334
4801 149334 149334
4802 149334 149334
4803 149334 149334
4804 149334 149391
4805 149334 149341
4806 149334 149334
4807 149334 149334
4808 149334 149334
4809 149334 149334
4810 149334 149518
4811 149334 149367
4812 149334 149334
4813 149334 149334
4814 149334 149334
4815 149334 149334
4816 149334 149334
4817 149334 149334
4818 149334 149334
4819 149334 149496
4820 149334 149334
4821 149334 149483
4822 149334 149334
4823 149334 149334
4824 149334 149334
4825 149334 149334
4826 149334 149334
4827 149334 149334
4828 149334 149334
4829 149334 149334
4830 149334 149334
4831 149334 149346
4832 149334 149334
4833 149334 149334
4834 149334 149334
4835 149334 149334
4836 149334 149334
4837 149334 149334
4838 149334 149344
4839 149334 149334
4840 149334 149334
4841 149334 149334
4842 149334 149342
4843 149334 149334
4844 149334 149342
4845 149334 149334
4846 149334 149334
4847 149334 149334
4848 149334 149334
4849 149334 149334
4850 149334 149334
4851 149334 149334
4852 149334 149334
4853 149334 149342
4854 149334 149335
4855 149334 149334
4856 149334 149360
4857 149334 149431
4858 149334 149334
4859 149334 149334
4860 149334 149356
4861 149334 149334
4862 149334 149334
4863 149334 149334
4864 149334 149334
4865 149334 149334
4866 149334 149334
4867 149334 149334
4868 149334 149334
4869 149334 149334
4870 149334 149335
4871 149334 149368
4872 149334 149548
4873 149334 149430
4874 149334 149334
4875 149334 149492
4876 149334 149356
4877 149334 149334
4878 149334 149334
4879 149334 149334
4880 149334 149334
4881 149334 149364
4882 149334 149339
4883 149334 149334
4884 149334 149334
4885 149334 149334
4886 149334 149334
4887 149334 149334
4888 149334 149334
4889 149334 149334
4890 149334 149334
4891 149334 149334
4892 149334 149334
4893 149334 149334
4894 149334 149334
4895 149334 149334
4896 149334 149334
4897 149334 149334
4898 149334 149334
4899 149334 149334
4900 149334 149334
4901 149334 149334
4902 149334 149334
4903 149334 149334
4904 149334 149334
4905 149334 149334
4906 149334 149367
4907 149334 149334
4908 149334 149369
4909 149334 149377
4910 149334 149334
4911 149334 149334
4912 149334 149334
4913 149334 149334
4914 149334 149334
4915 149334 149334
4916 149334 149334
4917 149334 149334
4918 149334 149334
4919 149334 149334
4920 149334 149334
4921 149334 149334
4922 149334 149334
4923 149334 149396
4924 149334 149334
4925 149334 149366
4926 149334 149334
4927 149334 149334
4928 149334 149334
4929 149334 149334
4930 149334 149334
4931 149334 149334
4932 149334 149334
4933 149334 149334
4934 149334 149334
4935 149334 149334
4936 149334 149334
4937 149334 149341
4938 149334 149334
4939 149334 149334
4940 149334 149350
4941 149334 149340
4942 149334 149362
4943 149334 149358
4944 149334 149398
4945 149334 149334
4946 149334 149334
4947 149334 149334
4948 149334 149495
4949 149334 149334
4950 149334 149334
4951 149334 149334
4952 149334 149334
4953 149334 149334
4954 149334 149334
4955 149334 149334
4956 149334 149334
4957 149334 149334
4958 149334 149334
4959 149334 149334
4960 149334 149334
4961 149334 149334
4962 149334 149334
4963 149334 149334
4964 149334 149389
4965 149334 149334
4966 149334 149334
4967 149334 149334
4968 149334 149361
4969 149334 149334
4970 149334 149361
4971 149334 149336
4972 149334 149460
4973 149334 149524
4974 149334 149385
4975 149334 149334
4976 149334 149334
4977 149334 149334
4978 149334 149334
4979 149334 149334
4980 149334 149337
4981 149334 149356
4982 149334 149334
4983 149334 149334
4984 149334 149387
4985 149334 149355
4986 149334 149382
4987 149334 149334
4988 149334 149334
4989 149334 149334
4990 149334 149334
4991 149334 149390
4992 149334 149334
4993 149334 149335
4994 149334 149334
4995 149334 149406
4996 149334 149395
4997 149334 149403
4998 149334 149334
4999 149334 149334
