0 29.7889 36.4014
1 29.7404 33.1422 26.1138 30.1553
3 25.403 28.4016
4 24.3206 26.3724
55 24.3388 25.92336 21.8733 24.5208
7 21.7009 23.4937
8 20.0538 22.3879
9 19.1354 21.4468
10 18.8636 20.5227
11 18.8598 19.7585
12 15.8384 19.3083
13 15.4861 18.1685
14 15.2836 16.6797
15 16.6761 17.7237
16 16.5872 17.3463
17 15.8444 17.2379
18 15.8444 16.7342
19 15.8444 20 12.71220 13.467121 12.7005 13.5474
22 12.3703 13.0027
23 12.3408 12.6952
24 12.1049 12.5601
25 12.1016 12.3998
26 12.1016 12.3641
27 11.2688 12.2451
28 11.2688 12.0048
29 11.2629 11.4303 13.38
30 11.3169 12.7312
31 11.3169 12.1308
32 11.0797 11.8599
33 10.782 11.7332
34 10.6609 11.6344
35 10.434436 9.779436 11.7632 12.2929
37 11.760138 9.779438 11.1912 11.8884
39 11.188 40 9.77940 11.4326 41 9.76341 11.427242 9.746242 11.389543 9.746243 11.389544 9.725644 11.386445 9.628845 11.386446 9.59107 9.73232
47 9.59107 9.84833
48 9.59107 9.895
49 9.23282 9.61491
50 9.23282 9.65449
51 8.8424 9.33707
52 8.56584 9.17231
53 8.40422 8.88531
54 8.40422 8.62056
55 8.40422 55 11.56 8.40422 8.56 11.57 8.40422 8.57 11.58 8.40422 8.58 11.59 8.40422 8.59 11.60 8.4060 60 8.538461 8.406161 8.5384 62 8.40662 8.5384 863 8.4063 8.25517 864 8.4064 7.64 11.265 8.4065 765 11.2266 8.4066 866 11.2067 8.67 7.367 11.0468 8.68 6.268 11.0469 8.09156 8.4571
70 8.09156 8.35095
71 8.09156 8.31335
72 8.072 6.27943 6.73 8.073 6.27943 6.74 8.074 6.27943 6.75 8.075 6.27943 6.76 8.076 6.27943 6.43558
77 6.27943 6.27943
78 6.27943 6.29651
79 6.27943 6.36433
80 6.27943 6.29959
81 6.27943 6.27943
82 6.27943 6.28117
83 6.27943 6.27943
84 84 7.25566 7.97285 85 7.25566 7.77186 86 786 9.88986 10.33
87 9.88433 10.1042
88 9.88433 10.078
89 9.80148 9.942390 6.55168 6.696491 6.5126 6.51336
92 6.5126 6.5126
93 6.5126 6.5126
94 6.5126 6.62497
95 6.5126 6.56389
96 6.5126 6.55511
97 6.5126 6.58465
98 6.5126 6.75245
99 6.5126 6.84952
100 6.5126 6.100 6.55168 6.74027
101 6102 6.5126 6.54102 103 6.5126 6.103 6.24862 6.25406
104 6.24862 6.2957
105105 6.55168 6.55168
106 6.55168 6.55766
107 6.55168 6.62505
108 6.55168 6.55109 6.24862 6.29088
110 6.24862 6.24862
111 6.24862 6.2113 6.5126 6.5126
114 6.32961 6.51077
115 6.32961 6.48881
116 6.3115 6.24862 6.37301
116 6.24862 6.35843
117 6.24862 6.51756
118 6.24862 6.34489
119 6.120 6.41716 6.679
121 6.41716 6.74852
122 6.41716 6.47071
123 6.41716 6.41799
124 6.41716 6.41716
125 6.41716 6.42513
126 6.2497 6.41549
127 6.2497 6.38869
128 6.2497 6.3617
129 6.2497 6.28561
130 6.2497 6.2497
131 6.2497 6.26641
132 6.2497 6.25608
133 6.2497 6.2497
134 6.2497 6.29163
135 6.2497 6.30439
136 6.2497 6.28964
13139 6.2726 6.30822
140 6.2726 6.2726
141 6.2726 6.2726
142 6.2726 6.27402
143 6.2726 6.29188
144 6.2726 6.29437
145 6.2726 6.28857
146 6.2726 6.27467
147 6.2726 6.35135
148 6.24501 6.39787
149 6.24501 6.49208
150 6.24501 6.74024
151 6.24501 6.64831
152 6.24501 6.66453
153 6.24501 6.33409
154 6.24501 6.24501
155 6.24501 6.24501
156 6.24501 6.24531
157 6.24501 6.24501
158 6.24501 6.24501
159 6.24501 6.2160 6160 6.24501 6.161 6.161 6.24501 6162 6.3162 6.24501 163 6.30163 6.24501164 6.308164 6.245165 6.3087 165 6.24501 6.24501
166 6.24501 6.24501
167 6.24501 6.27647
168 6.24501 6.25868
169 6.24501 6.245011170 6.24501 6.24172 6.3087 6.3087
173 6.3087 6.31201
174 6.3087 6.35234
175 6.3087 6.3317
176 6.3087 6.38267
177 6.3087 6.44034
178 6.3087 177 6.24179 6.3087 6178 6.2180 6.3087 6.312618181 6.3087 6.31432
182 6.3087 6.41182 6.882 6.89584
183 6.882 6.89163
184 6.882 6.89134
185 6.882 6.97546
186 6.882 6.882
187 6.2032 6.87521
188 6.2032 6.77247
189 6.2032 6.189 6.2497 6.29762
190 6.2497 6.2683
191 6.2497 6.34391
192 6.2497 6.2497
193 6.2497 6.2497
194 6.2497 6.2497
195 6.2497 6.2497
196 6.2497 6.30689
197 6.2497 6.32462
198 6.2497 6.47077
199 6.2497 6.56056
200 6.2497 6.35063
201 6.2497 6.2532
202 6.2497 6.2497
203 6.2497 6.2497
204 6.2497 6.25952
205 6.2497 6.30045
206 6.2497 6.31919
207 6.2497 6.38433
208 6.2497 6.33399
209 6.2497 6.2497
210 6.2497 6.25847
21212 6.3087 6.31446
213 6.3087 6.36761
214 6.3087 6.311752215 6.3087 6.336192216 6.3087 6.482362217 6.3087 6.3087
218 6.3087 6.32183
219 6.3087 6.3087
220 6.3087 6.51220 221 6.3087 6.4221 6222 6.3087 6.3222 223 6.3087 6.3223 6224 6.3087 6.224 6225 6.3087 6.225 6.226 6.3087 6.226 6.227 6.3087 6.227 6228 6.3087 6.3228 229 6.3087 6.30229230 6.3087 6.35230 231 6.3087 6.43231 232 6.3087 6.45232 233 6.3087 6.3343
234 6.3087 6.32441
235 6.3087 6.3186
236 6.3087 6.30884
237 6.3087 6.3087
238 6.3087 6.36283
239 6.3087 6.3087
240 6.3087 6.31945
241 6.3087 6.38551
242 6.3087 6.3379
243 6.3087 6.3087
244 6.3087 6.32384
245 6.3087 6.31976
246 6.3087 6.5414
247 6.3087 6.51191
248 6.3087 6.51245
249 6.3087 6.3148
250 6.3087 6.35727
251 6.3087 6.32209
252 6.3087 6.41896
253 6.3087 6.40685
254 6.3087 6.3087
255 6.3087 6.3087
256 6.3087 6.3087
257 6.3087 6.3087
258 6.3087 6.3087
259 6.3087 6.3087
260 6.3087 6.30914
261 6.3087 6.3087
262 6.3087 6.35691
263 6.3087 6.31127
264 6.3087 6.32528
265 6.3087 6.3087
266 6.3087 6.30938
267 6.3087 6.30985
268 6.3087 6.3087
269 6.3087 6.3087
270 6.3087 6.31662
271 6.3087 6.3087
272 6.3087 6.3087
273 6.3087 6.3087
274 6.3087 6.32626
275 6.3087 6.3087
276 6.3087 6.31341
277 6.3087 6.38767
278 6.3087 6.31359
279 6.3087 6.3087
280 6280 6.2032 6.20753
281 6.2032 6.20281282 6.2032 6.20328283 6.2032 6.2032283 6.2497 6.2911
284 6.2497 6.26798
285 6.2497 6.25123
286 6.2497 6.32708
287 6.2497 6.30113
288 6.2497 6.32876
289 6.2497 6.34195
290 6.2497 6.2497
291 6.2497 6.27199
292 6.2497 6.2497
293 6.2497 6.2497
294 6.2497 6.35093
295 6.2497 6.2497
296 6.2497 6.26686
297 6.2497 6.2497
298 6.2497 6.2497
23300 6.2032 6.203300 6.2497 6.27458
301 6.2497 6.2694
3303 6.2032 6.20913303 6.2497 6.3084
304 6.2497 6.32504
305 6.2497 6.2497
306 6.2497 6.35123
307 6.2497 6.29127
308 6.2497 6.27166
309 6.2497 6.30667
310 6.2497 6.35636
311 6.2497 6.26117
312 6.2497 6.31061
313 6.2497 6.25374
314 6.2497 6.2497
315 6.2497 6.26804
316 6.2497 6.25146
317 6.2497 6.2497
318 6.2497 6.249320 6.2032 6.2032
321 6.2032 6.2032
322 6.2032 6.31761
323 6.2032 6.21515
324 6.2032 6.2032
325 6.2032 6.2032
326325 6.2497 6.25327 326 6.2497 6.24328327 6.2497 6.24932328 6.2497 6.2497
329 6.2497 6.2497
330 6.2497 6.25044
331 6.2497 6.25167
332 6.2497 6.34074
333 6.2497 6.25992
334 6.2497 6.30319
335 6.2497 6.2497
336 6.2497 6.2497
337 6.2497 6.2565
338 6.2497 6.249340 6.3087 6.3087
341 6.3087 6.3087
342 6.3087 6.3087
343 6.3087 6.31
344 6.3087 6.3087
345 6.3087 6.31043
346 6.3087 6.30938
347 6.3087 6.57325
348 6.3087 6.33228
349 6.3087 6.3087
350 6.3087 6.3087
351 6.3087 6.3087
352 6.3087 6.40233
353 6.3087 6.43305
354 6.3087 6.31043
355 6.3087 6.31
356 6.3087 6.3087
357 6.3087 6.3087
358 6.3087 6.3087
359 6.3087 6.3087
360 6.3087 6.3087
361 6.3087 6.3087
362 6.3087 6.3087
363 6.3087 6.31331
364 6.3087 6.42515
365 6.3087 6.47848
366 6.3087 6.33915
367 6.3087 6.31447
368 6.3087 6.3087
369 6.3087 6.3087
370 6.3087 6.34803
371 6.3087 6.3087
372 6.3087 6.3087
373 6.3087 6.31242
374 6.3087 6.35342
375 6.3087 6.32814
376 6.3087 6.30951
377 6.3087 6.3087
378 6.3087 6.3087
379 6.3087 6.32028
380 6.3087 6.33902
381 6.3087 6.40647
382 6.3087 6.39036
383 6.3087 6.31523
384 6.3087 6.31105
385 6.3087 6.35829
386 6.3087 6.3087
387 6.3087 6.4064
388 6.3087 6.3087
389 6.3087 6.31566
390 6.3087 6.33934
391 6.3087 6.3087
392 6.3087 6.3087
393 6.3087 6.3087
394 6.3087 6.3087
395 6.3087 6.33062
396 6.3087 6.36662
397 6.3087 6.3087
398 6.3087 6.3087
399 6.3087 6.40804
400 6.3087 6.3087
401 6.3087 6.33769
402 6.3087 6.36331
403 6.3087 6.3087
404 6.3087 6.3087
405 6.3087 6.38451
406 6.3087 6.36342
407 6.3087 6.3087
408 6.3087 6.3087
409 6.3087 6.3087
410 6.3087 6.319
411 6.3087 6.31259
412 6.3087 6.34519
413 6.3087 6.33372
414 6.3087 6.35327
415 6.3087 6.35623
416 6.3087 6.31168
417 6.3087 6.3087
418 6.3087 6.3087
419 6.3087 6.3087
420 6.3087 6.3087
421 6.3087 6.3186
422 6.3087 6.3087
423 6.3087 6.31566
4422 6.2497 6.319124423 6.2497 6.408474424 6.2497 6.407694425 6.2497 6.25822428 6.3087 6.33207
429 6.3087 6.3087
430 6.3087 6.3087
431 6.3087 6.32663
432 6.3087 6.32214
433 6.3087 6.32576
434 6.3087 6.3087
435 6.3087 6.3087
436 6.3087 6.36636
437 6.3087 6.33557
438 6.3087 6.3087
439 6.3087 6.3087
440 6.3087 6.3087
441 6.3087 6.39204
442 6.3087 6.35826
443 6.3087 6.38586
444 6.3087 6.33368
445 6.3087 6.30998
446 6.3087 6.31712
447 6.3087 6.36186
448 6.3087 6.3087
44448 6.2032 6.2032
449 6.2032 6.29035
450 6.2032 6.2032
451 6.2032 6.2032
452 6.2032 6.22937
453 6.2032 6.2032
454 6.2032 6.20499
455 6.2032 6.2032
456 6.2032 6.2074
457 6.2032 6.2032
458 6.2032 6.21460 6.3087 6.3087
461 6.3087 6.3087
462 6.3087 6.3087
463 6.3087 6.33302
464 6.3087 6.37135
465 6464 6.2032 6.2466 6465 6.2032 6.2467 466 6.2032 6.204684466 6.2497 6.27458
467 6.2497 6.24470468 6.2497 6.250471469 6.2497 6.24472470 6.2497 6.31473 471 6.2497 6.24474472 6.2497 6.24947473 6.2497 6.249747474 6.2497 6.3385477 6.3087 6.53821
47477 6.2032 6.21408
478 6.2032 6.2032
479 6.2032 6.21609
480 6.2032 6.2032
4480 6.2497 6.272348481 6.2497 6.363248482 6.2497 6.32103
483 6.2497 6.36018
484 6.2497 6.262486 6.2032 6.34809
487 6.2032 6.2032
488 6.2032 6.2032
489 6.2032 6.2032
490 6.2032 6.20614
491 6.2032 6.2032
492 6.2032 6.2032
493 6.2032 6.2032
494 6.2032 6.2032
495 6.2032 6.2032
496 6.2032 6.2032
497 6.2032 6.2032
498 6.2032 6.2032
49500 6.3087 6.309500 6.2032 6.20471
501 6.2032 6.25948
502 6.2032 6.20533
503 6.2032 6.21847
504 6.2032 6.2032
505 6.2032 6.3053
506 6.2032 6.31555
507 6.2032 6.32156
508 6.2032 6.45953
509 6.2032 6.31068
510 6.2032 6.54549
511 6.2032 6.24159
512 6.2032 6.2032
513 6.2032 6.20343
514 6.2032 6.2032
515 6.2032 6.2032
516 6.2032 6.23401
517 6.2032 6.23043
518 6.2032 6.2032
51520 6.3087 6.316520521 6.3087 6.31271
522 6.3087 6.3087
523 6.3087 6.31299
524 6.3087 6.3087
525 6.3087 6.3087
526 6.3087 6.30526527 6.3087 6.3087
528 6.3087 6.31346
529 6.3087 6.37039
530 6.3087 6.39488
531 6.3087 6.42562
532 6.3087 6.33409
533 6.3087 6.3087
53532 6.2497 6.2497
533 6.2497 6.249536 6.3087 6.32248
537 6.3087 6.42488
538 6.3087 6.33045
539 6.3087 6.3087
5538 6.2497 6.290254539 6.2497 6.257542540 6.2497 6.26543 541 6.2497 6.24544542 6.2497 6.250545543 6.2497 6.328546544 6.2497 6.2497
545 6.2497 6.26532
546 6.2497 6.35859
547 6.2497 6.27924
548 6.2497 6.2497
549 6.2497 6.2497
550 6.2497 6.31751
551 6.2497 6.27256
552 6.2497 6.30789
553 6.2497 6.286
554 6.2497 6.39786
555 6.2497 6.33725
556 6.2497559 6.308557 6.2497560 6.3087 6.37171
560 6.2032 6.30258
561 6.20560 6.2497 563 6.3561 6.2497 5563 6.562 6.2497 56564 6563 6.2497 6.2565 6.2032 6.30211
566 6.2032 6.20445
567 6.2032 6.20569 6.3087 6.50819
570 6.3087 6.3087
571 6.3087 6.3087
572 6.3087 6.35753
573 6.3571 6.2497 574 6.3087 6.46059
575 6.3087 6.50211
576 6.3087 6.34977
577 6.3087 6.31797
578 576 6.2497 6.25144
577 6.2497 6.26580 6.3087 6.40811
581 6.3087 6.34706
582 6.3087 6.31043
583 6.3087 6.33039
584 6.3087 6.3087
585 6.3087 6.3087
586 6.3087 6.3087
587 6.3087 6.32278
588 6.3087 6.3087
589 6.3087 6.3182
590 6.3087 6.34975
591 6.3087 6.39537
592 6.3087 6.3087
593 6.3087 6.3087
594 6.3087 6.31074
595 6.3087 6.31379
596 6.3087 6.3087
597 6.3087 6.39626
598 6.3087 6.39892
599 6.3087 6.37496
0599598 6.2497 6.25445
599 6.2497 6.25072
.27321 6568 6.2568 6.27321 6569 6.2569 6.27321 6570 6.2570 6.27321 6571 6.2571 6.27321 6572 6.2572 6.27321 6573 6.2573 6.27321 6574 6.2574 6.27321 6575 6.2575 6.2576 6.24862 6.580 6.24501 6.30814
581 6.24501 6.24501
582 6.24501 6.25009
583 6.24501 6.2775
584 6.24501 6.26178
585 6.24501 6.26776
586 6.24501 6.24501
587 6.24501 6.24501
588 6.24501 6.24501
589 6.24501 6.27035
590 6.24501 6.24501
591 6.24501 6.24582
592 6.24501 6.24501
593 6.24501 6.24616
594 6.24501 6.34693
595 6.24501 6.24501
596 6.24501 6.24531
597 6.24501 6.24897
598 6.24501 6.24501
599 6.24501 6.24501
5798 6.3684
597 6.25798 6.33834
598 6.25798 6.36002
599 6.25798 6.41148
27741
