0 429.218 469.855
1 416.778 444.825
2 407.964 426.97933 401.855 414.888
4 391.348 406.273
5 387.405 400.101
6 377.608 392.929
7 368.503 386.385
8 363.929 377.99 39 349.088 369.110 10 342.138 361.111 11 338.402 35112 3112 329.932 34513 3113 322.191 33614 3014 316.103 33015 3015 311.962 325.077
16 310.025 318.888
17 307.104 314.73
18 303.989 313.094
19 297.155 309.696
20 292.236 304.47
21 289.61 298.749
22 285.308 294.344
23 283.245 292.225
24 279.376 289.35
25 275.498 286.443
26 271.542 282.849
27 266.995 278.759
28 260.181 273.631
29 256.304 268.628
30 253.782 263.863
31 250.359 260.727
32 242.961 257.012
33 242.328 253.229
34 240.073 249.013535 238.356 245.113636 235.358 243.633737 232.165 240.923838 228.527 239.43939 226.669 235.964040 225.077 234.644141 223.386 231.254242 213.898 229.44343 209.531 226.544 44 205.888 218.545 45 199.92 212.946 46 199.899 209.547 47 195.778 206.048 48 195.778 204.449 49 192.593 250 204.18150 196.751 202.85 220.609
52 202.85 216.429
53 202.85 208.971
54 199.1 206.818
55 197.466 205.396
56 195.727 202.068
57 193.836 200.031
58 190.267 1958 18659 186.636 1959 18660 186.636 60 186.661 185.211 61 184.562 185.211 62 184.063 185.166663 182.164 18464 64 181.35 65 182.665 180.13966 18166 66 176.77867 17967667 175.53768 179.5568 171.56269 178.6069 170.57870 177.9170 168.67371 176.4671 168.6772 175.95172 167.8373 175.973 166.749 74 174.674 165.95475 174.7575 165.01176 174.7676 162.67577 174.7777 162.4578 174.05978 160.179 170.08779 158.7 80 169.480 157.584 81 169.281 155.822 82 167.382 154.28283 16783 83 150.376 158.084 84 149.79385 165.3085 148.57786 162.7386 148.1587 162.5887 147.9788 162.00388 146.545 151.055
89 146.477 149.977
90 145.781 149.734
91 144.67 148.925
92 144.67 147.412
93 143.964 146.769
94 143.95 154.89495 143.2196 154.05296 141.8397 154.05297 141.8398 153.39698 141.8399 152.56499 140.171100 140.1100 138.894101 138.9101 138.894 143.055
102 137.105 141.989
103 137.054 140.928
104 136.371 140.405
105 136.371 139.863
106 136.203 140.126
107 134.145 138.763
108 134.145 138.207
109 134.145 139.261
110 133.817 138.299
111 132.035 138.335
112 132.035 137.255
113 131.357 135.356
114 131.054 134.128
115 130.477 135.649
116 130.209 134.56
117 129.132 133.327
118 129.109 132.229
119 128.755 131.84
120 127.655 132.051
121 127.479 130.639
122 126.364 130.372
123 126.189 128.706
124 126.189 128.232
125 126.189 128.201
126 125.845 127.876
127 124.961 128.617
128 124.827 128.978
129 121.241 128.551
130 121.241 128.038
131 119.006 127.582
132 118.865 125.416
133 117.943 123.556
134 117.943 121.622
135 117.943 120.53
136 117.618 119.073
137 117.618 119.295
138 117.618 119.973
139 116.86 119.138
140 116.86 119.578
141 116.425 118.511
142 115.961 118.8321143 115.525 117.9781144 115.525 118.6951145 115.525 116.8591146 113.91 117.443
147 113.91 118.312
148 113.505 116.14
149 1150 109.150 11150 11151 109.151 1151151 152 109.788 1152152 153 109153 11153153 116.199154 111.3154 116.076 119.205
155 116.076 117.68
156 116.076 118.793
157 116.076 118.09
158 116.076 118.138
159 115.745 119.146
160 114.954 117.782
161 114.715 117.982
162 114.572 118.573
163 113.491 116.184
164 113.399 116.165
165 111.934 116.939
166 111.934 115.077
167 111.934 114.321
168 111.4169 105.496169 111.3170 105.36170 111.37171 104.9171 111.37172 104.8172 110.609173 104.8173 110.609174 104.7174 110.609175 103.5175 109.93176 103.21176 109.93177 103.21177 108.178 102.627 178 108.179 102.62179 108.42180 101.08180 108.42181 101.0181 108.421182 101.0182 108.421183 101.0183 108.421184 100.6184 108.421185 100.6185 107.723186 100.5186 107.723187 100.5187 107.723 110.36
188 107.723 110.2
189 107.723 109.728
190 107.723 109.762
191 107.699 110.274
192 107.699 110.508
193 107.699 110.211
194 107.699 109.532
195 107.699 109.307
196 107.067 110.598
197 107.067 110.898
198 106.904 110.413
199200 96200 94.2591 9201 96.79201 96.7906202 96.20202 96.7906203 96.79203 96.7906204 96.79204 96.7906205 96205205 96.2587206 96206206 96.2587207 96207207 95.7917208 9208 93.4906 95.209 209 93.0291 95.210 9210 92.6546 94211 95211 92.6546 9212 95.212 92.193 95213 95213 92.193 95.214 9214 92.1291 95.215 9215 92.1291 94216 94216 91.9694 94217 9217 91.4222 95.218 9218 91.3583 94.7509
219 91.3583 93220 94220 90.6852 93.0447
221 90.2123 93.5045
222 90.2223 94.16 96223 90.2123 93.4086
224 90.2123 92.0587
225 90.2123 92.5206
226 90.1345 92.6942
227 90.1345 92.0303
228 90.1345 92.2124
229 90.1345 92.0884
230 90.1345 91.3601
231 90.1345 92.2361
232 90.1345 92.5121
233 90.1345 92.8974
234 90.1345 92.9899
235 90.1345 93.3021
236 90.1345236 9237 237 89.3568237 9238 90.4147 92.238 9239 89.4174 93.101
240 89.3883 93.9941
241 89.2446 93.2392
242 89.2155 91.887
243 89.2155 92.1807
244 88.6691 92.1861
245 88.6691 91.3014
246 88.64 92.065
247 88.64 91.3768
248 88.64 91.3273
249 88.346 91250 86.2131 94.250 9251 85.894 9525251 252 85.894 93.25252253 85.8253 88.25253 90.0289 95.3692
254 90.0289 94.1277
25256 84.80256 88.10256 90.0289257 88.10257 90.0289 92.2803
258 90.0289 92.5146
259 90.0289 92.3173
260 90.0289 92.3622
261 90.0289 91.2401
262 90.0289 91.1498
263 90.0289 91.4339
264 90.0289 91.1091
265 90.0289 91.7969
266 90.0289 92.1668
267 90.0289 91.2357
268 90.0289 92.166
269 89.4779 91.5268
270 89.4779 91.6441
271 89.4779 92.1
272 88.8845 91.4546
273 88.4296 9274 85.274 88.4296 9275 85.275 88.4296 90.3846
276 88.2779 90.1971
277 88.2779 90.3372
278 88.2779 90.4285
279 88.2317 280 85.2280 88.2317 281 85.1281 88.2317 90.8019
282 88.2317 283 84.8283 87.9083 284 84.7284 87.9083 285 84.7285 87.3586286 84.55286 87.3586287 84.44287 87.3485288 84.44288 83.9595289 84.12289 83.95290 84.12 8290 83.9595 89.6755
291 83.2683 88.8247
292 83.2525 87.3299
293 83.2525 87.681
294 83.2525 86.734
295 83.2231 85.438
296 83.2231 85.7567
297 83.1276 85.2824
298 83.0981 85.0068
29300 80.3059 80.9143301 79.9396 82.77
302 79.9396 82.4046
303 79.93303 80.28023303 81.304 80.2802304 81.2736 83.6474
305 81.27306 80.280306 81.2736 83.6905
307 80.9638 83.5014
308 80.4433 82.9384
309 80.4433 83.8165
310 80.4433 82.5382
311 80.4433 82.6607
312 80.4433 81.5768
313 80.3885 81.6722
314 80.3494 82.1222
315 80.2946 82.0786
316 80.2946 82.6761
317 80.2946 82.7315
318 80.2649 82.3062
319 80.2101 82.3858
320 80.2101 83.1812
321 80.2101 82.5726
322 80.2101 82.116
323 80.2101 82.3673
324 80.2101 82.1731
325 80.2101 82.2855
326 80.2101 82.9487
327 80.2101 82.8314
328 80.2101 83.398
329 80.2101 82.6891
330 80.2101 82.5777
331 80.2101 81.5797
332 80.2101 81.1223
333 79.4779 82.5396
334 79.4779 83.5341
335 79.4779 83.4157
336 79.4779 82.4941
337 79.4779 82.1
338 79.4774 82.1377
339 79.3777 83.4023
340 79.3772 83.4148
341 79.3772 83.2095
342 79.3772 82.3481
343 79.3772 82.4936
344 79.3772 81.9468
345 79.3772 80.5222
346 79.3772 80.0126
347 79.3772 81.0402
348 79.377350 79.237 82.4589
351 79.237 82.2151
352 79.237 82.0366
353 79.237 81.8469
354 79.237 81.6768
355 79.1905 82.3043
356 79.1905 82.7422
357 79.1905 81.7648
358 79.1905 80.6264
359 79.1905 80.9469
360 79.1905 81.1289
361 79.1905 81.3658
362 79.1905 81.7408
363 79.1905 80.984
364 79.1905 81.3249
365 79.1905 81.4673
366 79.1905 82.3733
367 79.1905 366 74.6368 79.1905 367 367 369 79.1905 82.2368 370 79.1905 82.0369 371 79.1905 81.2370 372 79.1905 82.371 7373 79.1905 81372 78374 79.1905 80373 78375 79.1905 80374 78376 79.1905 81375 78377 79.1905 82376 78378 79.0797 81377 78379 79.0797 81378 77380 79.0797 8379 77.381 79.0797 380 77.0382 79.0797381 76.63383 79.0793382 76.63384 79.0738383 76.63385 79.0387384 76.63386 79.0797385 76.63387 79.0797386 76.63388 79.0797387 76.63389 79.0797388 76.6390 79.0797389 76.6391 78.9189 390 76.392 78.9189 391 76.6393 78.9189 392 76.6394 78.9189 393 76.6395 78.9189 394 76.6396 78.9189395 76.62397 78.9189396 76.62398 78.918400 73.5053 80.06194401 73.5053 79.4041400 73.929 75.5018
401 73.929 75.8782
402 73.929 76.0388
403 73.929 76.6525
404 73.929 75.6052
405 73.929 76.1695
406 73.929 75.417
407 73.929 75.9303
408 73.929 75.642
409 73.929 75.2315
410 73.929 76.5672
411 73.929 75.611
412 73.929 76.0544
413 73.929 75.4524
414 73.929 76.6004
415 73.929 76.9953
416 73.929 76.1132
417 73.929 76.479
418 73.929 76.0852
419 73.929 75.8285
420 73.929 76.6599
421 73.929 75.779
422 73.929 77.2933
423 73.929 76.2256
424 73.929 76.3313
425 73.929 75.6518
426 73.929 76.7174
427 73.929 77.116
428 73.929 76.382
429 73.929 76.7782
430 73.929 75.3348
431 73.929 75.8414
432 73.929 76.0752
433 73.929 75.434
434 73.929 75.2776
435 73.929 75.5168
436 73.929 75.9035
437 73.929 75.1158
438 73.929 76.2281
439 73.929 75.7792
440 73.929 77.1194
441 73.929 77.9778
442 73.929 76.3836
443 73.6786 76.0946
444 73.6786 76.5964
445 73.6786 76.3444
446 73.6786 75.4909
447 73.6786 75.1758
448 73.6786 75.5407
449 73.6786 76.3184
450 73.6786 76.6450 451 73.6786 76.451 7452 73.6786 76.452 7453 73.6786 77.453 7454 73.6786 77.454 7455 73.6786 76.1543
456 73.6786 75.897
457 73.6786 75.6737
458 73.6786 76.0231
459 73.6786 75.3612
460 73.6786 76.9392
461 73.6786 76.6842
462 73.6786 75.1909
463 73.6786 75.5396
464 73.6786 77.464 465 73.6786 75.9591
466 73.6786 75.9189
467 73.6786 75.8848
468 73.6786 75.1717
469 73.6786 75.6879
470 73.6786 74.97
471 73.6786 76.2921
472 73.6786 74.9472 473 73.6786 74.8446
474 73.6786 74.8474 475 73.6786 75.5475 476 73.6786 75.0476 477 73.6786 75.2477 478 73.6786 74.6478 479 73.6786 74.4479 480 73.2767 74.9604
481 73.2767 75.1438
482 73.2767 75.1599
483 73.2767 75.7733
484 73.2767 75.381
485 73.2767 74.2485 486 73.2767 74.2486 487 73.2767 75.2487 488 73.2767 75.1488 489 73.2767 75.7489 490 73.2767 74.0490 491 73.2767 74.3491 492 73.2767 73.9507
493 73.2767 75.0436
494 73.2767 75.3023
495 73.2767 75.6306
496 73.2767 76.2387
497 73.2767 75.5669
498 73.2767 76.0158
499 73.2767 75.1022
500 73.2767 74.500 7501 73.2767 76.501 7502 73.2767 76.502 7503 73.2767 74.503 7504 73.2767 74.504 7505 73.1636 74.505 7506 73.1636 74.506 7507 73.1636 75.507 6508 73.1636 75.508 6509 73.1636 76.181
510 73.1636 76.0510 511 73.1636 76.4511 512 73.1636 75.5512 513 73.1636 75.8059
514 73.1636 76.0514 515 73.1636 76.2515 516 73.1636 74.516 6517 73.1636 76.517 6518 73.1636 76.518 6519 73.1636 75.519 6520 73.1636 74.520 521 73.1636 76.252522 73.1636 76.05522523 73.1636 75.55523524 73.1636 75.0028
525 73.1636 76.18525526 73.1636 75.442
527 73.1636 75.53952528 73.1636 75.6528529 73.1636 75.22529530 73.1636 74.93530531 73.1636 74.07531532 73.1636 75.41532533 73.1636 75.23533534 73.1636 75.09534535 73.1636 77.05535536 73.1636 76.01536537 73.1636 76.11537538 73.1636 75.78538539 73.1636 76.9233
540 73.1636 75.3713
541 73.1636 74.9692
542 73.1636 75.9984
543 73.1636 75.0625
544 73.1636 74.2185
545 73.1636 74.7581
546 73.1636 76.7848
547 73.1636 75.9194
548 73.1636 74.8419
549 73.1636 74.41455550 70.2875 74.56155551 70.2875 74.832552 68.8284 72.336
553 68.8284 73.0364
554554 70.2875 74.09555 68.8284 71.2601
556556 70.2875 72.79557557 70.2875 71.89558558 70.2875 72.29559559 70.2875 73.29560560 70.2875 73.88561561 70.2875 72.89562562 70.2875 72.44563563 70.2875 72.94564564 70.2875 73.0565 565 70.2875 71.8566 566 70.2875 72.0567 68.8284 71.3121
568 68.8284 72.054
569 6569 70.2875 71.570 6570 70.2875 71.571 68.8284 71.9361
572 68.8284 71.2307
573 68.8284 71.6099
574 68.5071 71.0739
575 6575 70.2875 73576 68.5071 70.511
577 68.5071 70.0449
578 68.5071 71.1957
579 68.4969 70.3335
580 68.4969 71.0934
581 68.4969 70.3006
582 68.4969 71.3321
583 68.4969 69.9535
584 68.4969 69.3995
585 68.4969 70.6951
586 68.4969 70.5166
587 68.4969 71.7518
588 68.4969 71.7341
589 68.4969 70.1151
590 68.4969 70.6859
591 68.4969 70.2266
592 68.4969 70.1919
593 68.4969 70.5638
594 68.4969 71.5453
595 68.4969 72.6731
596 68.4969 71.5522
597 68.4969 70.6645
598 68.4969 71.1769
599 68.4969 71.0684
600 68600 68.6277 60601 68.4969 70.1551
602 68.4969 70.5045
603 68603 68.6277 73604 68604 68.6277 72605 68605 68.6277 70606 68606 68.6277606607 607 68.6277 7607608 68.4969 71.5608 609 609 68.6277 71.610 6610 68.6277 71611 6611 68.6277 71.612 6612 68.6277 71.613 613 68.6277 70.7614 614 68.6277 71.615 6615 68.6277 69616 68616 68.6277 71617 6617 68.6277 72.618 6618 68.6277 71619 68619 68.6277 72620 6620 68.6277 70.621 6621 68.6277 69.6433
622 68.6277 69.9648
623 68.6277 70.775
624 68.6277 70.7914
625 68.6277 71.6582
626 68.6277 71.4444
627 68.6277 71.3194
628 68.6277 70.8675
629 68.6277 71.2443
630 68.6277 69.997
631 68.6277 70.7229
632 68.6277 71.6146
633 68.6277 70.6871
634 68.6277 71.173
635 68.6277 70.8009
636 68.6277 71.0444
637 68.6277 70.8175
638 68.6277 72.0592
639 68.6277 70.9103
640 68.6277 71.81
641 68.6277 70.6774
642 68.6277 70.1523
643 68.6277 70.3929
644 68.6277 71.7484
645 68.6277 72.0598
646 68.6277 71.0526
647 68.6277 70.385
648 68.6277 70.3766
649 68.6277 71.88686650 68.1924 72.25656651 68.1924 71.74026652 68.1924 70.77656653 68.1924 70.40576654 68.1924 70.02656655 68.1924 69.84656656 68.1924 70.97656657 67.711 69.89665658 67.711 69.81486659 67.711 70.4347
660 67.711 69.4559
661 67.711 70.1651
662 67.711 71.1675
663 67.711 69.8464
664 67.711 69.4411
665 67.711 68.9856
666 67.711 69.9008
667 67.711 69.8863
668 67.711 69.2749
669 67.711 68.9231
670 67.711 69.0191
671 67.711 69.4735
672 67.711 69.9504
673 67.711 69.0965
674 67.711 70.4603
675 67.711 70.2128
676 67.711 71.0981
677 67.711 70.469
678 67.711 70.3734
679 67.711 69.9957
680 67.711 69.964
681 67.711 71.8371
682 67.711 72.1668
683 67.711 71.1246
684 67.711 70.3375
685 67.711 69.9573
686 67.711 69.5745
687 67.711 69.4946
688 67.711 69.26
689 67.711 69.5793
690 67.711 69.6037
691 67.711 69.6054
692 67.711 70.3232
693 67.711 70.7051
694 67.711 70.7785
695 67.711 70.3852
696 67.711 69.9032
697 67.711 69.6122
698 67.711 68.9789
699 67.711 70.6142
700 67.406 69.8601
701 67.406 71.0158
702 67.406 71.3445
703 67.406 69.5311
704 67.406 69.7756
705 67.406 69.3165
706 67.406 69.3015
707 67.406 69.436
708 67.406 69.5182
709 67.406 69.7333
710 67.406 70.1239
711 67.406 69.9496
712 67.406 69.8633
713 67.406 68.9144
714 67.406 69.7013
715 67.406 71.1013
716 67.406 69.6238
717 67.406 70.3679
718 67.406 70.3938
719 67.406 70.3754
720 67.406 69.8634
721 67.406 68.7859
722 67.406 69.0176
723 67.406 68.4081
724 67.406 68.8918
725 67.406 69.5731
726 67.406 68.6259
727 67.406 69.8152
728 67.406 70.7388
729 67.406 69.8117
730 67.406 69.3995
731 67.406 68.3554
732 67.406 68.782
733 67.406 68.7554
734 67.406 69.7646
735 67.406 68.6099
736 67.406 68.7897
737 67.406 69.1808
738 67.406 70.0229
739 67.406 70.399
740 67.406 70.6128
741 67.406 70.0652
742 67.406 70.0644
743 67.406 68.588
744 67.406 68.7157
745 67.406 68.7919
746 67.406 69.6986
747 67.406 69.2892
748 67.406 69.6914
749 67.406 69.312
750 67.406 69.6618
751 67.406 69.3182
752 67.406 70.5025
753 67.406 71.8025
754 67.406 71.0973
755 67.406 69.2677
756 67.406 70.2422
757 67.406 70.7959
758 67.406 69.6845
759 67.406 69.8157
760 67.406 68.5856
761 67.406 69.767
762 67.406 69.2715
763 67.406 68.6922
764 67.406 69.3466
765 67.406 69.7224
766 67.406 70.1948
767 67.406 69.4434
768 67.406 70.1397
769 67.406 70.3752
770 67.406 71.5116
771 67.406 71.3172
772 67.406 69.814
773 67.406 70.1833
774 67.406 69.1862
775 67.406 69.3652
776 67.406 69.1447
777 67.406 70.0423
778 67.406 69.0172
779 67.406 69.7643
780 67.406 69.8807
781 67.406 69.2537
782 67.406 69.9422
783 67.406 69.1368
784 67.406 69.4668
785 67.406 68.8546
786 67.406 69.8008
787 67.406 69.5622
788 67.406 69.0109
789 67.406 70.0204
790 67.406 69.7553
791 67.406 68.671
792 67.406 68.3374
793 67.406 69.5167
794 67.406 69.0558
795 67.406 69.8481
796 67.406 70.6263
797 67.406 69.6826
798 67.406 68.4834
799 67.406 69.5414
800 67.406 70.1819
801 67.406 69.5656
802 67.406 69.535
803 67.406 70.93
804 67.406 71.8945
805 67.406 69.7257
806 67.406 69.4491
807 67.406 69.9151
808 67.406 71.0589
809 67.406 70.2141
810 67.406 69.9937
811 67.406 69.3067
812 67.406 69.5381
813 67.406 68.4396
814 67.406 69.6927
815 67.406 69.7551
816 67.406 70.0338
817 67.406 69.445
818 67.406 69.0834
819 67.406 69.8408
820 67.406 69.9046
821 67.406 70.2809
822 67.406 70.4427
823 67.406 71.0057
824 67.406 70.7883
825 67.406 70.3939
826 67.406 69.8995
827 67.406 70.8015
828 67.406 69.7883
829 67.406 69.6864
830 67.406 70.8951
831 67.406 69.977
832 67.406 69.4981
833 67.406 70.8557
834 67.406 69.2214
835 67.406 69.135
836 67.406 70.3811
837 67.406 70.9907
838 67.406 69.2115
839 67.406 69.0627
840 67.406 68.0804
841 67.406 69.2952
842 67.406 68.93
843 67.406 69.2781
844 67.406 70.7667
845 67.406 69.5034
846 67.406 70.317
847 67.406 71.255
848 67.406 70.2781
849 67.406 69.613
850 67.406 70.8676
851 67.406 70.1987
852 67.406 70.1227
853 67.406 69.0515
854 67.406 69.4136
855 67.406 69.6216
856 67.406 71.0942
857 67.406 71.235
858 67.406 69.1606
859 67.406 69.1319
860 67.406 68.8838
861 67.406 69.6224
862 67.406 69.1291
863 67.406 69.239
864 67.406 68.7034
865 67.406 69.8108
866 67.406 70.8387
867 67.406 69.4843
868 67.406 68.9498
869 67.406 68.1952
870 67.406 69.3011
871 67.406 70.0723
872 67.406 69.5432
873 67.406 69.987
874 67.406 70.0862
875 67.406 71.5291
876 67.406 70.4784
877 67.406 70.3713
878 67.406 69.5108
879 67.406 69.7788
880 67.406 68.9025
881 67.406 70.015
882 67.406 70.0991
883 67.406 70.6301
884 67.406 68.9585
885 67.406 70.3686
886 67.406 70.1173
887 67.406 70.5519
888 67.406 68.7061
889 67.406 68.5973
890 67.406 68.3606
891 67.406 69.2834
892 67.406 69.0612
893 67.406 69.8023
894 67.406 68.9312
895 67.406 70.9759
896 67.406 70.6709
897 67.406 70.4836
898 67.406 69.5291
899 67.406 70.1898
900 67.406 69.6573
901 67.406 70.7024
902 67.406 69.8475
903 67.406 69.4889
904 67.406 69.3279
905 67.406 70.5414
906 67.406 69.6932
907 67.406 69.2046
908 67.406 69.1076
909 67.406 68.4491
910 67.406 69.1201
911 67.406 68.7813
912 67.406 69.3647
913 67.406 70.1359
914 67.406 69.6248
915 67.406 69.8567
916 67.406 70.4031
917 67.406 69.0473
918 67.406 69.3297
919 67.406 70.2578
920 67.406 70.2696
921 67.406 69.6365
922 67.406 70.7549
923 67.406 69.4003
924 67.406 69.3438
925 67.406 69.5561
926 67.406 70.2714
927 67.406 70.0092
928 67.406 69.4982
929 67.406 70.992
930 67.406 70.0197
931 67.406 69.3289
932 67.406 69.3146
933 67.406 70.1533
934 67.406 71.3535
935 67.406 69.3767
936 67.406 69.6232
937 67.406 70.8643
938 67.406 71.3548
939 67.406 70.2943
940 67.406 69.8008
941 67.406 68.9566
942 67.406 70.1869
943 67.406 69.8622
944 67.406 69.8337
945 67.406 69.5847
946 67.406 69.8064
947 67.406 69.7557
948 67.406 69.4571
949 67.406 69.6893
950 67.406 69.6753
951 67.406 69.8715
952 67.406 69.9723
953 67.406 69.9235
954 67.406 69.6757
955 67.406 69.5572
956 67.406 70.5495
957 67.406 70.2627
958 67.406 70.417
959 67.406 68.6472
960 67.406 68.5542
961 67.406 69.7183
962 67.406 69.1044
963 67.406 69.1946
964 67.406 69.7057
965 67.406 70.0582
966 67.406 71.6375
967 67.406 70.4561
968 67.406 70.0473
969 67.406 69.4315
970 67.406 70.2526
971 67.406 71.2429
972 67.406 69.8193
973 67.406 70.1279
974 67.406 71.7591
975 67.406 69.8064
976 67.406 69.8189
977 67.406 70.7356
978 67.406 69.7765
979 67.406 70.8886
980 67.406 70.2361
981 67.406 69.8767
982 67.406 70.1186
983 67.406 70.5644
984 67.406 69.8754
985 67.406 70.7712
986 67.406 69.8669
987 67.406 70.096
988 67.406 69.8186
989 67.406 69.2754
990 67.406 69.7564
991 67.406 70.1001
992 67.406 68.8781
993 67.406 68.7764
994 67.406 69.2483
995 67.406 69.8671
996 67.406 70.188
997 67.406 70.5457
998 67.406 69.3652
999 67.406 69.5796
1000 67.1535 69.9603
1001 67.1535 68.7551
1002 67.1535 69.5178
1003 67.1535 70.3688
1004 67.1535 69.9504
1005 67.1535 69.4997
1006 67.1535 69.1838
1007 67.1535 69.7499
1008 67.1535 69.5838
1009 67.1535 69.8479
1010 67.1535 70.0804
1011 67.1535 68.7452
1012 67.1535 68.8041
1013 67.1535 69.0548
1014 67.1535 68.1255
1015 67.1535 68.3128
1016 67.1535 69.5797
1017 67.1535 69.4064
1018 67.1535 70.4193
1019 67.1535 68.5911
1020 67.1535 69.3947
1021 67.1535 68.2196
1022 67.1535 68.6437
1023 67.1535 69.1659
1024 67.1535 69.0461
1025 67.1535 70.4469
1026 67.1535 68.6983
1027 67.1535 69.7875
1028 67.1535 69.8247
1029 67.1535 68.4361
1030 67.1535 68.7968
1031 67.1535 68.3079
1032 67.1535 69.482
1033 67.1535 68.8844
1034 67.1535 69.6431
1035 67.1535 69.5162
1036 67.1535 70.096
1037 67.1535 69.2073
1038 67.1535 71.4127
1039 67.1535 70.7191
1040 67.1535 71.2815
1041 67.1535 70.0151
1042 67.1535 70.3095
1043 67.1535 69.2224
1044 67.1535 68.8985
1045 67.1535 69.0375
1046 67.1535 69.2152
1047 67.1535 69.6616
1048 67.1535 68.9083
1049 67.1535 69.3581
1050 67.1535 69.8985
1051 67.1535 69.8234
1052 67.1535 70.3801
1053 67.1535 69.8525
1054 67.1535 69.0112
1055 67.1535 69.3654
1056 67.1535 69.1896
1057 67.1535 68.8308
1058 67.1535 69.4494
1059 67.1535 68.7059
1060 67.1535 69.03
1061 67.1535 70.1455
1062 67.1535 69.5246
1063 67.1535 68.9726
1064 67.1535 67.713
1065 67.1535 68.1394
1066 67.1535 68.5981
1067 67.1535 69.3987
1068 67.1535 69.8768
1069 67.1535 70.1485
1070 67.1535 70.3458
1071 67.1535 69.9475
1072 67.1535 69.1773
1073 67.1535 68.9967
1074 67.1535 68.8507
1075 67.1535 69.7037
1076 67.1535 69.755
1077 67.1535 69.6673
1078 67.1535 70.5092
1079 67.1535 70.6703
1080 67.1535 69.5821
1081 67.1535 68.766
1082 67.1535 69.2698
1083 67.1535 68.7219
1084 67.1535 70.4508
1085 67.1535 69.9469
1086 67.1535 69.1602
1087 67.1535 68.2439
1088 67.1535 70.7427
1089 67.1535 71.1624
1090 67.1535 70.3849
1091 67.1535 71.1067
1092 67.1535 69.6274
1093 67.1535 69.1036
1094 67.1535 69.1164
1095 67.1535 69.2603
1096 67.1535 69.3199
1097 67.1535 68.3602
1098 67.1535 68.2033
1099 67.1535 68.2439
1100 67.1535 69.1822
1101 67.1535 70.0622
1102 67.1535 70.9645
1103 67.1535 71.3262
1104 67.1535 71.0814
1105 67.1535 69.8562
1106 67.1535 69.4623
1107 67.1535 68.8418
1108 67.1535 69.1006
1109 67.1535 69.9885
1110 67.1535 69.7062
1111 67.1535 69.3145
1112 67.1535 68.6363
1113 67.1535 69.8228
1114 67.1535 70.2442
1115 67.1535 69.1931
1116 67.1535 70.7184
1117 67.1535 69.8387
1118 67.1535 68.9028
1119 67.1535 69.3072
1120 67.1535 69.087
1121 67.1535 68.1097
1122 67.1535 69.4508
1123 67.1535 69.9959
1124 67.1535 69.1231
1125 67.1535 68.8757
1126 67.1535 68.1859
1127 67.1535 68.3215
1128 67.1535 68.9009
1129 67.1535 70.6061
1130 67.1535 69.4168
1131 67.1535 69.6514
1132 67.1535 69.82
1133 67.1535 68.9429
1134 67.1535 68.5784
1135 67.1535 69.1792
1136 67.1535 69.5776
1137 67.1535 69.2795
1138 67.1535 69.8166
1139 67.1535 68.4564
1140 67.1535 68.4797
1141 67.1535 69.0305
1142 67.1535 68.445
1143 67.1535 69.4299
1144 67.1535 69.3012
1145 67.1535 68.7481
1146 67.1535 68.4664
1147 67.1535 69.8548
1148 67.1535 69.6769
1149 67.1535 70.8587
1150 67.0579 70.1133
1151 67.0579 69.5385
1152 67.0579 68.316
1153 67.0579 68.3455
1154 67.0579 68.8988
1155 67.0579 68.6453
1156 67.0579 70.0758
1157 67.0579 69.0026
1158 67.0579 69.0448
1159 67.0579 69.8181
1160 67.0579 69.6167
1161 67.0579 69.8088
1162 67.0579 70.488
1163 67.0579 69.2003
1164 67.0579 68.2219
1165 67.0579 69.3334
1166 67.0579 69.2424
1167 67.0579 69.1769
1168 67.0579 69.7726
1169 67.0579 69.2284
1170 67.0579 69.2791
1171 67.0579 68.6932
1172 67.0579 68.9512
1173 67.0579 69.5879
1174 67.0579 70.8976
1175 67.0579 69.8197
1176 67.0579 69.7224
1177 67.0579 68.7325
1178 67.0579 69.4679
1179 67.0579 70.4221
1180 67.0579 69.2428
1181 67.0579 70.1892
1182 67.0579 69.61
1183 67.0579 68.4814
1184 67.0579 68.4041
1185 67.0579 69.0669
1186 67.0579 69.3108
1187 67.0579 68.9355
1188 67.0579 69.9951
1189 67.0579 70.1336
1190 67.0579 69.302
1191 67.0579 69.0853
1192 67.0579 68.169
1193 67.0579 69.2148
1194 67.0579 69.5319
1195 67.0579 69.9012
1196 67.0579 69.3423
1197 67.0579 69.3769
1198 67.0579 69.1758
1199 67.0579 70.112
1200 66.1113 70.3186
1201 66.1113 70.6094
1202 66.1113 70.2392
1203 66.1113 68.7376
1204 66.1113 68.6344
1205 66.1113 68.413
1206 66.1113 68.6105
1207 66.1113 68.4123
1208 66.1113 69.377
1209 66.1113 69.552
1210 66.1113 69.4202
1211 66.1113 68.5485
1212 66.1113 68.7803
1213 66.1113 68.7882
1214 66.1113 68.2041
1215 66.1113 68.0152
1216 66.1113 67.7155
1217 66.1113 67.8303
1218 66.1113 69.4613
1219 66.1113 68.7829
1220 66.1113 68.7335
1221 66.1113 69.0283
1222 66.1113 68.8502
1223 66.1113 69.463
1224 66.1113 69.0379
1225 66.1113 70.5149
1226 66.1113 70.1555
1227 66.1113 69.9858
1228 66.1113 69.8251
1229 66.1113 69.7201
1230 66.1113 69.0736
1231 66.1113 68.2293
1232 66.1113 67.4696
1233 66.1113 68.456
1234 66.1113 69.0069
1235 66.1113 68.2616
1236 66.1113 69.1404
1237 66.1113 68.5699
1238 66.1113 67.8268
1239 66.1113 68.1411
1240 66.1113 68.7716
1241 66.1113 68.0917
1242 66.1113 68.4134
1243 66.1113 69.578
1244 66.1113 68.8974
1245 66.1113 68.1913
1246 66.1113 67.3324
1247 66.1113 66.682
1248 66.1113 68.2832
1249 66.1113 68.1558
1250 65.9993 69.5886
1251 65.9888 69.691
1252 65.9888 69.0322
1253 65.9888 70.2046
1254 65.9888 70.3354
1255 65.9888 70.2537
1256 65.9888 68.603
1257 65.9888 68.4454
1258 65.9888 68.2052
1259 65.9888 67.7305
1260 65.9888 68.0769
1261 65.9888 68.0607
1262 65.9888 68.4332
1263 65.9888 68.7317
1264 65.9888 67.527
1265 65.9888 68.0522
1266 65.9888 67.9194
1267 65.9888 68.603
1268 65.9888 68.4606
1269 65.9888 68.2319
1270 65.9888 66.6741
1271 65.9888 67.7603
1272 65.9888 68.9569
1273 65.9888 67.278
1274 65.9888 67.6691
1275 65.9888 67.3122
1276 65.9888 69.0242
1277 65.9888 68.4255
1278 65.9888 68.4895
1279 65.9888 67.6308
1280 65.9888 68.2024
1281 65.9888 68.5148
1282 65.9888 69.7854
1283 65.9888 69.0712
1284 65.9888 68.5609
1285 65.9888 68.3473
1286 65.9888 68.851
1287 65.9888 68.5395
1288 65.9888 67.8508
1289 65.9888 68.6141
1290 65.9888 68.9348
1291 65.9888 69.1257
1292 65.9888 67.5008
1293 65.9888 68.1783
1294 65.9888 69.8815
1295 65.9888 68.6452
1296 65.9888 68.132
1297 65.9888 68.1598
1298 65.9888 68.2026
1299 65.9888 68.0692
1300 65.9888 67.832
1301 65.9888 67.8443
1302 65.9888 68.1623
1303 65.9888 68.8561
1304 65.9888 68.0131
1305 65.9888 67.6737
1306 65.9888 67.2646
1307 65.9888 68.7801
1308 65.9888 69.0089
1309 65.9888 68.3084
1310 65.9888 68.2795
1311 65.9888 67.6791
1312 65.9888 67.9985
1313 65.9888 67.8884
1314 65.9888 68.0699
1315 65.9888 68.0391
1316 65.9888 69.3392
1317 65.9888 69.2758
1318 65.9888 67.7757
1319 65.9888 68.2493
1320 65.9888 68.7876
1321 65.9888 70.0234
1322 65.9888 67.9557
1323 65.9888 69.6696
1324 65.9888 68.2252
1325 65.9888 68.5055
1326 65.9888 68.4003
1327 65.9888 67.4697
1328 65.9888 68.2876
1329 65.9888 68.017
1330 65.9888 68.396
1331 65.9888 68.5154
1332 65.9888 68.3047
1333 65.9888 68.4475
1334 65.9888 68.5874
1335 65.9888 67.4138
1336 65.9888 67.0799
1337 65.9888 67.4098
1338 65.9888 67.6636
1339 65.9888 67.8762
1340 65.9888 68.7124
1341 65.9888 68.3204
1342 65.9888 68.4209
1343 65.9888 68.4285
1344 65.9888 68.1974
1345 65.9888 69.4048
1346 65.9888 69.6446
1347 65.9888 68.6259
1348 65.9888 67.4819
1349 65.9888 66.4945
1350 65.9888 67.8899
1351 65.9888 67.8189
1352 65.9888 68.853
1353 65.9888 68.0986
1354 65.9888 69.0689
1355 65.9888 68.8452
1356 65.9888 67.6206
1357 65.9888 67.3695
1358 65.9888 67.6464
1359 65.9888 67.2754
1360 65.9888 67.0229
1361 65.9888 67.2914
1362 65.9888 67.0406
1363 65.9888 67.2873
1364 65.9888 69.265
1365 65.9888 67.4694
1366 65.9888 69.6048
1367 65.9888 69.0115
1368 65.9888 67.843
1369 65.9888 67.8127
1370 65.9888 68.2684
1371 65.9888 69.4181
1372 65.9888 68.6122
1373 65.9888 68.8347
1374 65.9888 68.478
1375 65.9888 69.2531
1376 65.9888 69.6521
1377 65.9888 68.9145
1378 65.9888 67.719
1379 65.9888 67.1961
1380 65.9888 67.5786
1381 65.9888 67.6137
1382 65.9888 67.385
1383 65.9888 67.7556
1384 65.9888 67.6465
1385 65.9888 67.547
1386 65.9888 67.4399
1387 65.9888 66.8719
1388 65.9888 67.2746
1389 65.9888 67.4046
1390 65.9888 68.1327
1391 65.9888 67.8318
1392 65.9888 67.535
1393 65.9888 68.1134
1394 65.9888 66.8709
1395 65.9888 67.3531
1396 65.9888 68.056
1397 65.9888 68.7904
1398 65.9888 67.1817
1399 65.9888 67.7081
1400 65.9888 67.2805
1401 65.9888 68.3715
1402 65.9888 68.4653
1403 65.9888 68.5773
1404 65.9888 69.1649
1405 65.9888 69.178
1406 65.9888 68.3758
1407 65.9888 68.7908
1408 65.9888 68.5142
1409 65.9888 68.8028
1410 65.9888 69.9526
1411 65.9888 70.5205
1412 65.9888 68.7521
1413 65.9888 69.3535
1414 65.9888 69.616
1415 65.9888 70.1718
1416 65.9888 68.6509
1417 65.9888 67.1343
1418 65.9888 67.4291
1419 65.9888 67.8728
1420 65.9888 68.188
1421 65.9888 67.0788
1422 65.9888 67.0059
1423 65.9888 66.5365
1424 65.9888 67.1517
1425 65.9888 67.7902
1426 65.9888 68.0988
1427 65.9888 68.5826
1428 65.9888 67.813
1429 65.9888 68.2867
1430 65.9888 68.8188
1431 65.9888 67.9856
1432 65.9888 67.148
1433 65.9888 67.9401
1434 65.9888 67.7735
1435 65.9888 68.4687
1436 65.9888 67.776
1437 65.9888 68.8797
1438 65.9888 70.2941
1439 65.9888 68.5101
1440 65.9888 68.4393
1441 65.9888 67.4919
1442 65.9888 67.3703
1443 65.9888 68.1021
1444 65.9888 68.6479
1445 65.9888 68.4284
1446 65.9888 69.1369
1447 65.9888 69.2289
1448 65.9888 68.6578
1449 65.9888 68.482
1450 65.9041 67.7983
1451 65.9041 67.7184
1452 65.9041 67.9075
1453 65.9041 68.0089
1454 65.9041 68.8273
1455 65.9041 67.769211456 65.9041 67.5457
1457 65.9041 66.6541
1458 65.9041 68.2859
1459 65.9041 67.8483
1460 65.9041 67.3389
1461 65.9041 67.8293
1462 65.9041 68.698
1463 65.9041 68.2224
1464 65.9041 68.6378
1465 65.9041 67.8925
1466 65.9041 68.0264
1467 65.9041 68.2607
1468 65.9041 69.1213
1469 65.9041 68.3033
1470 65.9041 68.2358
1471 65.9041 69.0963
1472 65.9041 69.8196
1473 65.9041 68.1407
1474 65.9041 68.5263
1475 65.9041 68.5357
1476 65.9041 67.6908
1477 65.9041 67.0888
1478 65.9041 67.6958
1479 65.9041 68.1261
1480 65.9041 69.1345
1481 65.9041 69.5141
1482 65.9041 68.1514
1483 65.9041 69.5623
1484 65.9041 68.0676
1485 65.9041 68.8624
1486 65.9041 67.9619
1487 65.9041 67.5001
1488 65.9041 67.9194
1489 65.9041 68.5065
1490 65.9041 67.9841
1491 65.9041 67.5844
1492 65.9041 67.4947
1493 65.9041 67.309
1494 65.9041 68.3081
1495 65.9041 67.7493
1496 65.9041 67.5081
1497 65.9041 67.3029
1498 65.9041 67.4148
1499 65.9041 67.1783
1500 65.9041 68.2852
1501 65.9041 67.7417
1502 65.9041 67.0332
1503 65.9041 68.0278
1504 65.9041 68.3103
1505 65.9041 68.601
1506 65.9041 67.5965
1507 65.9041 68.1332
1508 65.9041 68.6394
1509 65.9041 68.302
1510 65.9041 67.4424
1511 65.9041 68.3818
1512 65.9041 68.269
1513 65.9041 67.8385
1514 65.9041 68.0334
1515 65.9041 67.1187
1516 65.9041 67.3417
1517 65.9041 68.1298
1518 65.9041 66.9788
1519 65.9041 67.9183
1520 65.9041 67.1864
1521 65.9041 67.4169
1522 65.9041 68.3426
1523 65.9041 68.1644
1524 65.9041 67.9111
1525 65.9041 67.9682
1526 65.9041 67.4615
1527 65.9041 67.5544
1528 65.9041 67.9934
1529 65.9041 66.7192
1530 65.9041 67.2996
1531 65.9041 67.5789
1532 65.9041 66.8027
1533 65.9041 67.9011
1534 65.9041 67.5466
1535 65.9041 67.68
1536 65.9041 67.1549
1537 65.9041 67.0859
1538 65.9041 67.9841
1539 65.9041 66.972
1540 65.9041 67.3819
1541 65.9041 67.5531
1542 65.9041 68.2805
1543 65.9041 67.9879
1544 65.9041 67.5588
1545 65.9041 67.4534
1546 65.9041 67.8335
1547 65.9041 69.3483
1548 65.9041 68.5909
1549 65.9041 68.009
1550 65.9041 68.7057
1551 65.9041 67.5954
1552 65.9041 67.2691
1553 65.9041 68.182
1554 65.9041 67.7227
1555 65.9041 67.7834
1556 65.9041 68.32
1557 65.9041 66.4097
1558 65.9041 67.5859
1559 65.9041 69.0199
1560 65.9041 68.663
1561 65.9041 69.5637
1562 65.9041 68.3626
1563 65.9041 67.7878
1564 65.9041 68.143
1565 65.9041 67.3664
1566 65.9041 67.7481
1567 65.9041 67.4948
1568 65.9041 67.987
1569 65.9041 67.8825
1570 65.9041 68.3472
1571 65.9041 69.7204
1572 65.9041 68.4383
1573 65.9041 68.1134
1574 65.9041 68.0934
1575 65.9041 68.0143
1576 65.9041 67.7423
1577 65.9041 68.1315
1578 65.9041 68.6882
1579 65.9041 68.6328
1580 65.9041 69.0717
1581 65.9041 68.272
1582 65.9041 68.2154
1583 65.9041 69.1562
1584 65.9041 68.4407
1585 65.9041 69.672
1586 65.9041 68.3331
1587 65.9041 68.1148
1588 65.9041 68.0348
1589 65.9041 68.095
1590 65.9041 68.2174
1591 65.9041 68.326
1592 65.9041 68.3549
1593 65.9041 68.473
1594 65.9041 68.2879
1595 65.9041 68.2452
1596 65.9041 68.1586
1597 65.9041 67.8039
1598 65.9041 68.3607
1599 65.9041 69.088
1600 65.9041 68.7498
1601 65.9041 67.5117
1602 65.9041 67.267
1603 65.9041 68.0069
1604 65.9041 68.6629
1605 65.9041 68.5075
1606 65.9041 68.287
1607 65.9041 67.8424
1608 65.9041 67.5678
1609 65.9041 68.5113
1610 65.9041 68.7089
1611 65.9041 68.7378
1612 65.9041 67.9575
1613 65.9041 67.9976
1614 65.9041 68.0439
1615 65.9041 66.8553
1616 65.9041 68.6038
1617 65.9041 68.1282
1618 65.9041 68.4961
1619 65.9041 68.2721
1620 65.9041 68.4553
1621 65.9041 68.2996
1622 65.9041 68.437
1623 65.9041 67.7044
1624 65.9041 69.9176
1625 65.9041 69.7274
1626 65.9041 69.2452
1627 65.9041 68.7462
1628 65.9041 68.5308
1629 65.9041 68.6431
1630 65.9041 69.7075
1631 65.9041 68.8015
1632 65.9041 67.8031
1633 65.9041 67.7894
1634 65.9041 67.2284
1635 65.9041 67.4581
1636 65.9041 67.131
1637 65.9041 67.2111
1638 65.9041 67.978
1639 65.9041 67.9773
1640 65.9041 67.6019
1641 65.9041 68.3417
1642 65.9041 67.6919
1643 65.9041 68.013
1644 65.9041 67.4796
1645 65.9041 68.7237
1646 65.9041 68.7156
1647 65.9041 67.5928
1648 65.9041 67.8876
1649 65.9041 67.9187
1650 65.9041 67.9938
1651 65.9041 67.9826
1652 65.9041 68.4039
1653 65.9041 68.9388
1654 65.9041 67.8204
1655 65.9041 68.8303
1656 65.9041 67.5631
1657 65.9041 67.9532
1658 65.9041 68.2089
1659 65.9041 68.1294
1660 65.9041 68.4751
1661 65.9041 68.495
1662 65.9041 68.1489
1663 65.9041 67.8739
1664 65.9041 67.9183
1665 65.9041 67.7942
1666 65.9041 67.9079
1667 65.9041 68.4467
1668 65.9041 67.5132
1669 65.9041 68.2926
1670 65.9041 67.2383
1671 65.9041 68.3597
1672 65.9041 68.3329
1673 65.9041 69.4729
1674 65.9041 68.0716
1675 65.9041 67.8732
1676 65.9041 68.8012
1677 65.9041 69.2121
1678 65.9041 67.2937
1679 65.9041 66.8657
1680 65.9041 68.1667
1681 65.9041 68.7465
1682 65.9041 68.4709
1683 65.9041 67.8737
1684 65.9041 67.8893
1685 65.9041 67.609
1686 65.9041 66.9296
1687 65.9041 67.646
1688 65.9041 67.9792
1689 65.9041 69.0596
1690 65.9041 67.806
1691 65.9041 68.4869
1692 65.9041 67.924
1693 65.9041 68.0031
1694 65.9041 68.0522
1695 65.9041 68.2305
1696 65.9041 67.8567
1697 65.9041 67.8747
1698 65.9041 67.4476
1699 65.9041 67.7082
1700 65.9041 68.0062
1701 65.9041 68.1786
1702 65.9041 69.1048
1703 65.9041 68.6331
1704 65.9041 67.5426
1705 65.9041 69.0482
1706 65.9041 68.5063
1707 65.9041 69.4891
1708 65.9041 69.152
1709 65.9041 70.9543
1710 65.9041 70.6224
1711 65.9041 69.3934
1712 65.9041 68.0928
1713 65.9041 68.6827
1714 65.9041 68.2428
1715 65.9041 68.9843
1716 65.9041 68.7683
1717 65.9041 68.4644
1718 65.9041 69.2924
1719 65.9041 67.8532
1720 65.9041 67.6737
1721 65.9041 69.1281
1722 65.9041 70.6569
1723 65.9041 69.3815
1724 65.9041 68.8919
1725 65.9041 68.9745
1726 65.9041 68.137
1727 65.9041 68.2999
1728 65.9041 68.4399
1729 65.9041 68.6465
1730 65.9041 68.2513
1731 65.9041 69.4042
1732 65.9041 68.599
1733 65.9041 68.921
1734 65.9041 67.9971
1735 65.9041 68.2196
1736 65.9041 68.3656
1737 65.9041 68.7252
1738 65.9041 68.0712
1739 65.9041 67.765
1740 65.9041 67.7782
1741 65.9041 67.97
1742 65.9041 68.3746
1743 65.9041 68.7519
1744 65.9041 67.3096
1745 65.9041 67.1982
1746 65.9041 67.8831
1747 65.9041 67.4271
1748 65.9041 68.3713
1749 65.9041 68.6971
1750 65.9041 69.5116
1751 65.9041 68.7519
1752 65.9041 67.9425
1753 65.9041 68.1974
1754 65.9041 68.2212
1755 65.9041 68.8229
1756 65.9041 70.2968
1757 65.9041 69.351
1758 65.9041 68.9132
1759 65.9041 68.0717
1760 65.9041 67.5151
1761 65.9041 68.9047
1762 65.9041 69.0176
1763 65.9041 68.3475
1764 65.9041 68.1624
1765 65.9041 68.9763
1766 65.9041 67.4801
1767 65.9041 67.9526
1768 65.9041 68.4131
1769 65.9041 67.5665
1770 65.9041 67.1696
1771 65.9041 67.0009
1772 65.9041 67.4654
1773 65.9041 67.6865
1774 65.9041 68.0909
1775 65.9041 67.9908
1776 65.9041 68.1011
1777 65.9041 68.4035
1778 65.9041 67.3157
1779 65.9041 67.722
1780 65.9041 68.8439
1781 65.9041 69.3743
1782 65.9041 68.1276
1783 65.9041 67.0596
1784 65.9041 69.7955
1785 65.9041 68.4416
1786 65.9041 69.2952
1787 65.9041 68.3874
1788 65.9041 68.5108
1789 65.9041 68.4951
1790 65.9041 68.1612
1791 65.9041 68.8599
1792 65.9041 67.8335
1793 65.9041 67.8121
1794 65.9041 67.8111
1795 65.9041 68.3552
1796 65.9041 68.1412
1797 65.9041 67.8261
1798 65.9041 67.2091
1799 65.9041 67.7073
1800 65.9041 67.2953
1801 65.9041 68.2073
1802 65.9041 67.9777
1803 65.9041 67.7497
1804 65.9041 67.3115
1805 65.9041 68.6827
1806 65.9041 68.0339
1807 65.9041 67.4103
1808 65.9041 68.0038
1809 65.9041 68.6606
1810 65.9041 68.4763
1811 65.9041 67.1955
1812 65.9041 69.4579
1813 65.9041 68.0863
1814 65.9041 68.1221
1815 65.9041 67.3627
1816 65.9041 67.9233
1817 65.9041 67.7521
1818 65.9041 69.0088
1819 65.9041 68.3571
1820 65.9041 68.0962
1821 65.9041 69.2235
1822 65.9041 68.9706
1823 65.9041 68.7966
1824 65.9041 68.638
1825 65.9041 67.0887
1826 65.9041 68.0706
1827 65.9041 68.3435
1828 65.9041 67.8104
1829 65.9041 67.5694
1830 65.9041 68.5123
1831 65.9041 68.4782
1832 65.9041 67.292
1833 65.9041 67.9324
1834 65.9041 68.1478
1835 65.9041 68.6549
1836 65.9041 69.0494
1837 65.9041 68.461
1838 65.9041 67.0915
1839 65.9041 66.7875
1840 65.9041 67.9448
1841 65.9041 67.5523
1842 65.9041 68.8385
1843 65.9041 68.8053
1844 65.9041 67.8473
1845 65.9041 67.5394
1846 65.9041 69.1718
1847 65.9041 68.8351
1848 65.9041 67.1611
1849 65.9041 67.6199
1850 65.9041 67.5414
1851 65.9041 68.2262
1852 65.9041 67.8873
1853 65.9041 68.4104
1854 65.9041 68.0823
1855 65.9041 68.9479
1856 65.9041 67.757
1857 65.9041 68.182
1858 65.9041 68.1939
1859 65.9041 67.8418
1860 65.9041 68.0333
1861 65.9041 68.1078
1862 65.9041 68.9955
1863 65.9041 68.1266
1864 65.9041 67.9294
1865 65.9041 67.0939
1866 65.9041 68.9536
1867 65.9041 69.5262
1868 65.9041 70.3267
1869 65.9041 70.0784
1870 65.9041 67.8787
1871 65.9041 68.372
1872 65.9041 67.7328
1873 65.9041 68.1129
1874 65.9041 68.0035
1875 65.9041 67.8139
1876 65.9041 69.0282
1877 65.9041 68.9287
1878 65.9041 68.0551
1879 65.9041 67.1254
1880 65.9041 67.6688
1881 65.9041 68.039
1882 65.9041 68.7239
1883 65.9041 69.2317
1884 65.9041 67.7024
1885 65.9041 68.9957
1886 65.9041 68.4571
1887 65.9041 67.8214
1888 65.9041 68.1239
1889 65.9041 68.4811
1890 65.9041 69.171
1891 65.9041 69.1958
1892 65.9041 68.7937
1893 65.9041 69.0396
1894 65.9041 68.9081
1895 65.9041 67.6979
1896 65.9041 68.7936
1897 65.9041 67.9061
1898 65.9041 67.7243
1899 65.9041 68.1865
1900 65.9041 68.5331
1901 65.9041 68.0143
1902 65.9041 67.834
1903 65.9041 67.8283
1904 65.9041 68.3233
1905 65.9041 68.5849
1906 65.9041 69.0026
1907 65.9041 69.4737
1908 65.9041 69.0022
1909 65.9041 68.5912
1910 65.9041 68.8478
1911 65.9041 67.2269
1912 65.9041 68.1334
1913 65.9041 68.4313
1914 65.9041 68.9712
1915 65.9041 67.9394
1916 65.9041 67.5498
1917 65.9041 67.2489
1918 65.9041 67.396
1919 65.9041 68.5306
1920 65.9041 69.0323
1921 65.9041 68.5177
1922 65.9041 68.6931
1923 65.9041 69.2062
1924 65.9041 70.0489
1925 65.9041 68.6154
1926 65.9041 68.9831
1927 65.9041 67.7905
1928 65.9041 67.4292
1929 65.9041 68.8817
1930 65.9041 68.506
1931 65.9041 67.9566
1932 65.9041 67.9049
1933 65.9041 69.3398
1934 65.9041 69.6949
1935 65.9041 70.0086
1936 65.9041 68.9172
1937 65.9041 69.7265
1938 65.9041 68.9612
1939 65.9041 68.5113
1940 65.9041 68.1859
1941 65.9041 68.8002
1942 65.9041 68.1423
1943 65.9041 67.5517
1944 65.9041 67.4222
1945 65.9041 67.4796
1946 65.9041 68.0269
1947 65.9041 68.42
1948 65.9041 68.048
1949 65.9041 68.2358
1950 65.9041 67.4298
1951 65.9041 67.9049
1952 65.9041 67.8373
1953 65.9041 68.371
1954 65.9041 68.6115
1955 65.9041 68.4279
1956 65.9041 68.3657
1957 65.9041 67.6291
1958 65.9041 67.2938
1959 65.9041 68.0168
1960 65.9041 66.7417
1961 65.9041 67.1884
1962 65.9041 67.8358
1963 65.9041 67.7363
1964 65.9041 67.7629
1965 65.9041 68.3883
1966 65.9041 67.8218
1967 65.9041 67.5687
1968 65.9041 69.3519
1969 65.9041 68.7683
1970 65.9041 67.8344
1971 65.9041 68.8506
1972 65.9041 67.6423
1973 65.9041 67.5651
1974 65.9041 68.4324
1975 65.9041 68.463
1976 65.9041 68.4388
1977 65.9041 69.6947
1978 65.9041 69.5885
1979 65.9041 68.0999
1980 65.9041 68.0663
1981 65.9041 68.8176
1982 65.9041 68.4758
1983 65.9041 68.3647
1984 65.9041 67.1666
1985 65.9041 67.9781
1986 65.9041 68.9934
1987 65.9041 68.9463
1988 65.9041 69.3068
1989 65.9041 70.2932
1990 65.9041 68.975
1991 65.9041 68.3706
1992 65.9041 68.0542
1993 65.9041 67.7235
1994 65.9041 68.3193
1995 65.9041 69.2848
1996 65.9041 68.2186
1997 65.9041 67.6233
1998 65.9041 67.2765
1999 65.9041 68.0333
.9041 66.9415
1999 65.9041 67.537
8.1347
1992 65.9041 68.622
1993 65.9041 67.7301
1994 65.9041 67.9492
1995 65.9041 67.3508
1996 65.9041 67.1495
1997 65.9041 67.7123
1998 65.9041 67.9653
1999 65.9041 68.7284
65.9041 1996 65.1998 65.9041 1997 65.1999 65.90411998 65.9041 68.3772
1999 65.9041 68.8817
9041 67.9099
65.9041 68.5241
