#   N_BLOCK:  ACCEPTANCE:
           1    0.534511
           2    0.533116
           3    0.533924
           4     0.53428
           5    0.534045
           6    0.534065
           7    0.534034
           8    0.533895
           9    0.533911
          10     0.53393
          11    0.533941
          12    0.533865
          13     0.53376
          14     0.53373
          15    0.533734
          16    0.533724
          17    0.533742
          18    0.533578
          19    0.533707
          20    0.533642
          21    0.533609
          22    0.533585
          23    0.533511
          24    0.533505
          25    0.533511
          26    0.533545
          27    0.533564
          28     0.53357
          29    0.533588
          30    0.533593
          31    0.533603
          32    0.533553
          33    0.533566
          34    0.533568
          35     0.53356
          36    0.533559
          37    0.533495
          38    0.533477
          39    0.533458
          40    0.533455
          41     0.53341
          42    0.533393
          43    0.533338
          44    0.533352
          45    0.533392
          46    0.533404
          47    0.533398
          48    0.533447
          49    0.533447
          50    0.533464
          51    0.533483
          52    0.533484
          53    0.533534
          54    0.533593
          55    0.533564
          56    0.533544
          57    0.533534
          58    0.533567
          59    0.533614
          60    0.533596
          61    0.533599
          62    0.533604
          63    0.533603
          64    0.533591
          65    0.533577
          66     0.53356
          67    0.533577
          68    0.533581
          69    0.533561
          70    0.533556
          71    0.533537
          72     0.53353
          73    0.533523
          74    0.533508
          75    0.533507
          76    0.533511
          77    0.533523
          78     0.53354
          79    0.533515
          80    0.533494
          81    0.533484
          82    0.533467
          83    0.533462
          84    0.533457
          85    0.533449
          86    0.533453
          87    0.533455
          88    0.533442
          89    0.533429
          90    0.533419
          91    0.533417
          92     0.53342
          93    0.533413
          94    0.533424
          95    0.533456
          96    0.533466
          97     0.53348
          98    0.533495
          99     0.53351
         100    0.533512
           1    0.533379
           2    0.533288
           3    0.533177
           4    0.533054
           5    0.532957
           6    0.532867
           7    0.532797
           8    0.532726
           9     0.53264
          10    0.532543
          11    0.532448
          12    0.532381
          13    0.532307
          14     0.53223
          15    0.532161
          16    0.532106
          17    0.532024
          18    0.531961
          19    0.531897
          20    0.531821
          21    0.531735
          22    0.531654
          23    0.531599
          24    0.531537
          25    0.531477
          26    0.531424
          27    0.531371
          28    0.531308
          29    0.531247
          30    0.531176
          31    0.531124
          32    0.531051
          33     0.53098
          34    0.530933
          35    0.530873
          36    0.530821
          37    0.530752
          38    0.530689
          39    0.530647
          40    0.530589
          41     0.53053
          42    0.530489
          43    0.530438
          44    0.530396
          45    0.530333
          46    0.530287
          47    0.530238
          48    0.530205
          49    0.530156
          50    0.530132
          51    0.530083
          52    0.530039
          53    0.529987
          54    0.529926
          55    0.529883
          56    0.529842
          57    0.529819
          58    0.529781
          59    0.529729
          60    0.529692
          61    0.529668
          62    0.529632
          63    0.529595
          64    0.529547
          65    0.529518
          66    0.529473
          67    0.529438
          68    0.529408
          69    0.529372
          70    0.529317
          71    0.529281
          72     0.52926
          73    0.529211
          74    0.529184
          75    0.529154
          76    0.529127
          77    0.529091
          78    0.529062
          79    0.529024
          80    0.528988
          81     0.52896
          82    0.528935
          83    0.528906
          84    0.528875
          85    0.528849
          86    0.528832
          87    0.528795
          88    0.528753
          89     0.52871
          90    0.528685
          91    0.528658
          92     0.52863
          93    0.528617
          94    0.528589
          95    0.528559
          96    0.528539
          97    0.528511
          98    0.528492
          99    0.528461
         100    0.528444
           1    0.528348
           2    0.528276
           3    0.528207
           4    0.528135
           5    0.528077
           6    0.527998
           7    0.527941
           8    0.527883
           9    0.527809
          10    0.527732
          11    0.527669
          12    0.527608
          13    0.527544
          14    0.527484
          15    0.527419
          16    0.527343
          17     0.52727
          18    0.527208
          19    0.527146
          20    0.527073
          21    0.527004
          22    0.526939
          23    0.526898
          24    0.526834
          25    0.526784
          26    0.526726
          27    0.526659
          28    0.526606
          29    0.526543
          30     0.52649
          31    0.526439
          32    0.526376
          33    0.526322
          34    0.526256
          35    0.526201
          36    0.526151
          37    0.526095
          38    0.526035
          39    0.525975
          40    0.525922
          41    0.525869
          42    0.525818
          43    0.525761
          44    0.525711
          45    0.525656
          46    0.525602
          47    0.525543
          48    0.525498
          49    0.525444
          50    0.525383
          51    0.525334
          52    0.525293
          53    0.525244
          54    0.525199
          55    0.525154
          56    0.525107
          57    0.525066
          58    0.525013
          59    0.524971
          60    0.524924
          61    0.524877
          62    0.524825
          63    0.524784
          64    0.524745
          65    0.524691
          66    0.524644
          67    0.524602
          68    0.524553
          69    0.524507
          70    0.524474
          71     0.52443
          72    0.524391
          73    0.524345
          74    0.524307
          75    0.524267
          76    0.524226
          77    0.524193
          78    0.524155
          79    0.524112
          80     0.52408
          81    0.524043
          82     0.52401
          83    0.523971
          84    0.523932
          85    0.523888
          86    0.523854
          87    0.523818
          88     0.52378
          89    0.523744
          90    0.523707
          91    0.523665
          92    0.523635
          93      0.5236
          94    0.523565
          95    0.523527
          96    0.523496
          97    0.523461
          98    0.523439
          99      0.5234
         100    0.523369
           1    0.523267
           2    0.523198
           3    0.523127
           4    0.523055
           5    0.522979
           6    0.522916
           7    0.522845
           8    0.522779
           9    0.522706
          10    0.522642
          11    0.522579
          12    0.522521
          13    0.522451
          14    0.522391
          15    0.522323
          16    0.522262
          17    0.522204
          18    0.522142
          19    0.522075
          20    0.522015
          21    0.521959
          22    0.521899
          23    0.521841
          24    0.521787
          25    0.521728
          26    0.521669
          27    0.521614
          28    0.521553
          29    0.521492
          30    0.521433
          31    0.521375
          32    0.521312
          33    0.521253
          34    0.521199
          35    0.521146
          36    0.521091
          37    0.521032
          38    0.520982
          39    0.520924
          40    0.520869
          41    0.520815
          42    0.520769
          43    0.520712
          44    0.520657
          45    0.520597
          46     0.52054
          47     0.52049
          48    0.520435
          49    0.520385
          50    0.520333
          51     0.52029
          52    0.520234
          53    0.520181
          54    0.520135
          55    0.520088
          56    0.520038
          57    0.519989
          58    0.519936
          59    0.519885
          60    0.519837
          61     0.51979
          62    0.519739
          63    0.519693
          64    0.519643
          65     0.51959
          66    0.519544
          67    0.519501
          68    0.519458
          69    0.519408
          70    0.519368
          71    0.519319
          72    0.519274
          73    0.519228
          74    0.519182
          75    0.519133
          76    0.519095
          77    0.519051
          78    0.519004
          79    0.518962
          80    0.518923
          81    0.518878
          82    0.518835
          83    0.518784
          84    0.518734
          85    0.518689
          86    0.518647
          87    0.518597
          88    0.518556
          89    0.518517
          90    0.518475
          91    0.518438
          92    0.518398
          93    0.518362
          94    0.518317
          95    0.518282
          96    0.518246
          97    0.518207
          98    0.518155
          99    0.518115
         100    0.518083
           1    0.517981
           2    0.517917
           3    0.517852
           4    0.517781
           5    0.517714
           6     0.51765
           7    0.517591
           8    0.517522
           9    0.517455
          10    0.517391
          11    0.517332
          12    0.517269
          13    0.517206
          14    0.517139
          15    0.517074
          16    0.517013
          17    0.516952
          18    0.516888
          19    0.516832
          20    0.516773
          21    0.516715
          22    0.516651
          23     0.51659
          24    0.516525
          25    0.516464
          26    0.516403
          27    0.516346
          28    0.516288
          29     0.51623
          30    0.516178
          31    0.516119
          32     0.51606
          33    0.515999
          34    0.515941
          35    0.515881
          36    0.515822
          37    0.515769
          38    0.515714
          39    0.515657
          40    0.515604
          41    0.515546
          42    0.515487
          43     0.51543
          44    0.515376
          45    0.515324
          46    0.515276
          47    0.515223
          48    0.515167
          49    0.515115
          50    0.515055
          51       0.515
          52    0.514945
          53    0.514891
          54    0.514843
          55    0.514793
          56    0.514739
          57    0.514685
          58    0.514629
          59    0.514578
          60    0.514525
          61    0.514472
          62    0.514428
          63    0.514383
          64    0.514338
          65    0.514286
          66    0.514233
          67    0.514183
          68    0.514133
          69    0.514089
          70    0.514039
          71    0.513987
          72    0.513939
          73    0.513893
          74    0.513844
          75    0.513795
          76    0.513749
          77    0.513706
          78    0.513664
          79    0.513618
          80    0.513572
          81    0.513527
          82    0.513483
          83    0.513436
          84    0.513389
          85    0.513342
          86    0.513288
          87    0.513245
          88    0.513203
          89     0.51316
          90    0.513116
          91    0.513074
          92    0.513028
          93    0.512988
          94    0.512943
          95    0.512901
          96    0.512857
          97    0.512814
          98    0.512767
          99     0.51272
         100    0.512673
           1    0.512576
           2    0.512508
           3    0.512442
           4    0.512379
           5    0.512309
           6    0.512243
           7    0.512178
           8    0.512113
           9    0.512047
          10    0.511979
          11    0.511912
          12    0.511844
          13    0.511784
          14     0.51172
          15    0.511662
          16    0.511598
          17     0.51154
          18    0.511471
          19    0.511407
          20    0.511345
          21    0.511282
          22    0.511222
          23    0.511161
          24    0.511099
          25    0.511034
          26    0.510973
          27    0.510913
          28     0.51085
          29    0.510792
          30    0.510738
          31    0.510682
          32    0.510626
          33    0.510568
          34    0.510511
          35    0.510453
          36    0.510394
          37    0.510335
          38    0.510274
          39    0.510217
          40    0.510155
          41    0.510097
          42    0.510041
          43    0.509983
          44    0.509926
          45    0.509867
          46    0.509813
          47    0.509755
          48      0.5097
          49    0.509646
          50    0.509588
          51    0.509536
          52    0.509484
          53    0.509432
          54    0.509378
          55    0.509327
          56    0.509271
          57     0.50922
          58    0.509169
          59    0.509114
          60    0.509058
          61    0.509004
          62     0.50895
          63    0.508901
          64    0.508848
          65    0.508797
          66     0.50875
          67    0.508699
          68    0.508646
          69    0.508599
          70    0.508547
          71    0.508494
          72    0.508442
          73    0.508392
          74     0.50834
          75    0.508293
          76    0.508248
          77    0.508196
          78    0.508147
          79    0.508095
          80    0.508045
          81    0.507997
          82     0.50795
          83    0.507898
          84    0.507849
          85    0.507802
          86    0.507756
          87    0.507709
          88     0.50766
          89    0.507616
          90    0.507569
          91    0.507521
          92    0.507471
          93    0.507417
          94    0.507369
          95    0.507323
          96    0.507277
          97    0.507233
          98    0.507186
          99    0.507135
         100    0.507085
           1     0.50699
           2    0.506923
           3    0.506859
           4    0.506794
           5    0.506735
           6    0.506668
           7      0.5066
           8    0.506534
           9    0.506469
          10    0.506402
          11    0.506336
          12    0.506271
          13    0.506205
          14    0.506139
          15    0.506073
          16     0.50601
          17    0.505947
          18     0.50588
          19    0.505816
          20    0.505753
          21    0.505692
          22    0.505631
          23    0.505571
          24    0.505508
          25    0.505443
          26    0.505381
          27    0.505322
          28    0.505266
          29    0.505207
          30    0.505147
          31    0.505086
          32    0.505022
          33    0.504962
          34    0.504905
          35    0.504843
          36    0.504788
          37    0.504728
          38     0.50467
          39    0.504611
          40    0.504552
          41    0.504493
          42    0.504435
          43    0.504377
          44    0.504324
          45    0.504266
          46     0.50421
          47    0.504151
          48    0.504095
          49    0.504041
          50    0.503986
          51    0.503926
          52    0.503873
          53    0.503817
          54    0.503762
          55    0.503705
          56    0.503648
          57    0.503597
          58    0.503543
          59     0.50349
          60    0.503436
          61    0.503384
          62    0.503328
          63    0.503272
          64    0.503215
          65    0.503158
          66    0.503105
          67    0.503052
          68    0.502998
          69    0.502944
          70    0.502893
          71    0.502834
          72    0.502782
          73    0.502728
          74    0.502676
          75    0.502628
          76    0.502575
          77    0.502524
          78    0.502471
          79    0.502419
          80    0.502367
          81    0.502312
          82     0.50226
          83    0.502207
          84    0.502153
          85    0.502102
          86    0.502053
          87    0.502002
          88     0.50195
          89    0.501898
          90    0.501848
          91    0.501798
          92    0.501748
          93    0.501694
          94    0.501642
          95    0.501592
          96    0.501543
          97    0.501494
          98    0.501445
          99    0.501394
         100    0.501346
           1    0.501253
           2    0.501186
           3    0.501119
           4    0.501054
           5    0.500987
           6     0.50092
           7    0.500854
           8    0.500786
           9    0.500719
          10    0.500655
          11    0.500595
          12    0.500528
          13    0.500458
          14    0.500392
          15    0.500326
          16    0.500265
          17    0.500201
          18    0.500137
          19    0.500074
          20    0.500006
          21    0.499946
          22    0.499883
          23    0.499819
          24    0.499757
          25    0.499693
          26    0.499629
          27    0.499567
          28    0.499503
          29    0.499441
          30    0.499379
          31    0.499318
          32    0.499259
          33    0.499199
          34    0.499139
          35    0.499077
          36    0.499015
          37    0.498957
          38    0.498893
          39    0.498829
          40    0.498768
          41    0.498712
          42    0.498652
          43    0.498591
          44    0.498533
          45    0.498473
          46    0.498414
          47    0.498352
          48    0.498294
          49    0.498237
          50    0.498179
          51    0.498118
          52     0.49806
          53    0.498001
          54    0.497946
          55    0.497888
          56     0.49783
          57    0.497771
          58    0.497711
          59    0.497655
          60    0.497595
          61     0.49754
          62    0.497483
          63    0.497423
          64    0.497366
          65    0.497306
          66    0.497246
          67    0.497188
          68    0.497132
          69    0.497074
          70     0.49702
          71    0.496965
          72    0.496911
          73    0.496855
          74    0.496801
          75    0.496747
          76     0.49669
          77    0.496636
          78    0.496584
          79    0.496531
          80    0.496475
          81    0.496418
          82    0.496365
          83    0.496312
          84    0.496257
          85    0.496203
          86    0.496152
          87    0.496095
          88    0.496042
          89    0.495987
          90    0.495936
          91    0.495883
          92    0.495833
          93    0.495779
          94    0.495727
          95    0.495675
          96    0.495621
          97    0.495567
          98    0.495516
          99    0.495462
         100    0.495411
           1    0.495317
           2    0.495248
           3    0.495178
           4     0.49511
           5    0.495039
           6    0.494971
           7    0.494907
           8    0.494839
           9    0.494771
          10    0.494706
          11    0.494637
          12     0.49457
          13    0.494504
          14    0.494436
          15    0.494369
          16    0.494303
          17    0.494235
          18    0.494169
          19    0.494104
          20    0.494036
          21    0.493971
          22    0.493906
          23    0.493843
          24     0.49378
          25    0.493716
          26    0.493654
          27    0.493589
          28    0.493525
          29    0.493462
          30      0.4934
          31    0.493336
          32    0.493274
          33     0.49321
          34    0.493145
          35    0.493079
          36    0.493012
          37    0.492949
          38    0.492885
          39    0.492822
          40    0.492758
          41    0.492697
          42    0.492638
          43    0.492573
          44     0.49251
          45     0.49245
          46    0.492395
          47    0.492331
          48    0.492271
          49     0.49221
          50    0.492146
          51    0.492083
          52    0.492019
          53    0.491958
          54    0.491899
          55    0.491839
          56    0.491778
          57    0.491717
          58    0.491658
          59    0.491598
          60    0.491539
          61    0.491482
          62    0.491422
          63    0.491365
          64    0.491304
          65    0.491248
          66    0.491189
          67     0.49113
          68    0.491071
          69    0.491016
          70    0.490961
          71    0.490906
          72    0.490851
          73    0.490793
          74    0.490737
          75    0.490676
          76    0.490621
          77    0.490566
          78    0.490505
          79    0.490445
          80    0.490388
          81    0.490333
          82    0.490278
          83    0.490226
          84    0.490173
          85    0.490117
          86    0.490063
          87    0.490008
          88    0.489952
          89    0.489898
          90    0.489843
          91    0.489788
          92    0.489733
          93    0.489679
          94    0.489626
          95    0.489571
          96    0.489516
          97    0.489464
          98    0.489409
          99    0.489353
         100      0.4893
           1    0.489201
           2     0.48913
           3    0.489063
           4    0.488996
           5    0.488928
           6     0.48886
           7     0.48879
           8    0.488722
           9    0.488652
          10    0.488586
          11     0.48852
          12    0.488451
          13    0.488383
          14    0.488318
          15    0.488248
          16    0.488178
          17    0.488109
          18    0.488043
          19    0.487976
          20    0.487907
          21     0.48784
          22    0.487774
          23    0.487707
          24    0.487643
          25    0.487578
          26    0.487511
          27    0.487443
          28    0.487377
          29    0.487312
          30    0.487246
          31     0.48718
          32    0.487118
          33    0.487054
          34     0.48699
          35    0.486923
          36    0.486861
          37    0.486794
          38     0.48673
          39     0.48667
          40    0.486606
          41    0.486543
          42    0.486482
          43     0.48642
          44    0.486355
          45    0.486291
          46    0.486231
          47    0.486168
          48    0.486106
          49    0.486044
          50    0.485983
          51    0.485921
          52    0.485861
          53    0.485801
          54    0.485736
          55    0.485675
          56    0.485615
          57    0.485552
          58     0.48549
          59    0.485433
          60    0.485371
          61    0.485312
          62     0.48525
          63    0.485194
          64    0.485133
          65    0.485074
          66    0.485017
          67    0.484955
          68    0.484896
          69    0.484835
          70    0.484776
          71    0.484715
          72    0.484653
          73    0.484593
          74    0.484533
          75    0.484473
          76    0.484414
          77    0.484356
          78    0.484296
          79     0.48424
          80    0.484181
          81    0.484121
          82    0.484062
          83    0.484004
          84    0.483945
          85    0.483888
          86    0.483829
          87     0.48377
          88    0.483714
          89    0.483657
          90    0.483603
          91    0.483545
          92     0.48349
          93    0.483433
          94    0.483376
          95    0.483323
          96    0.483265
          97    0.483208
          98    0.483151
          99    0.483097
         100    0.483041
           1     0.48294
           2    0.482868
           3      0.4828
           4    0.482728
           5    0.482658
           6    0.482588
           7    0.482518
           8    0.482447
           9    0.482378
          10    0.482312
          11    0.482243
          12    0.482174
          13    0.482105
          14    0.482035
          15    0.481965
          16    0.481895
          17    0.481827
          18    0.481761
          19    0.481691
          20    0.481625
          21    0.481559
          22     0.48149
          23    0.481422
          24    0.481356
          25     0.48129
          26    0.481221
          27    0.481155
          28    0.481089
          29    0.481024
          30    0.480956
          31    0.480892
          32    0.480826
          33    0.480761
          34    0.480694
          35    0.480627
          36     0.48056
          37    0.480495
          38    0.480428
          39    0.480361
          40    0.480297
          41    0.480232
          42    0.480168
          43    0.480105
          44    0.480038
          45    0.479973
          46     0.47991
          47    0.479845
          48    0.479779
          49    0.479717
          50    0.479655
          51    0.479591
          52     0.47953
          53    0.479468
          54    0.479402
          55    0.479339
          56    0.479273
          57    0.479212
          58    0.479149
          59    0.479088
          60    0.479025
          61    0.478963
          62    0.478901
          63    0.478839
          64    0.478774
          65    0.478711
          66    0.478648
          67    0.478586
          68    0.478525
          69    0.478462
          70    0.478401
          71    0.478343
          72    0.478281
          73    0.478221
          74    0.478162
          75    0.478099
          76    0.478036
          77    0.477977
          78    0.477916
          79    0.477853
          80    0.477791
          81    0.477728
          82    0.477667
          83    0.477605
          84    0.477546
          85    0.477487
          86    0.477426
          87    0.477366
          88    0.477306
          89    0.477246
          90    0.477188
          91    0.477126
          92    0.477068
          93    0.477009
          94    0.476947
          95    0.476889
          96    0.476828
          97    0.476769
          98    0.476709
          99    0.476651
         100    0.476591
           1    0.476491
           2    0.476417
           3    0.476346
           4    0.476276
           5    0.476205
           6    0.476134
           7    0.476064
           8    0.475993
           9    0.475919
          10    0.475849
          11    0.475777
          12    0.475707
          13    0.475635
          14    0.475564
          15    0.475495
          16    0.475421
          17    0.475351
          18    0.475284
          19    0.475216
          20    0.475146
          21    0.475077
          22    0.475004
          23    0.474933
          24    0.474864
          25    0.474796
          26    0.474726
          27    0.474659
          28    0.474591
          29    0.474521
          30    0.474452
          31    0.474383
          32    0.474313
          33    0.474245
          34    0.474177
          35    0.474107
          36    0.474037
          37    0.473968
          38    0.473899
          39     0.47383
          40    0.473765
          41    0.473697
          42    0.473627
          43     0.47356
          44    0.473494
          45    0.473427
          46    0.473362
          47    0.473297
          48    0.473229
          49     0.47316
          50    0.473095
          51    0.473029
          52    0.472962
          53    0.472895
          54    0.472829
          55    0.472763
          56    0.472697
          57    0.472631
          58    0.472564
          59    0.472499
          60    0.472435
          61    0.472368
          62    0.472305
          63    0.472241
          64    0.472175
          65    0.472112
          66    0.472047
          67    0.471987
          68    0.471922
          69    0.471857
          70    0.471796
          71    0.471735
          72    0.471674
          73    0.471608
          74    0.471545
          75    0.471482
          76    0.471417
          77    0.471354
          78     0.47129
          79    0.471228
          80    0.471166
          81    0.471103
          82     0.47104
          83    0.470976
          84    0.470913
          85    0.470853
          86    0.470792
          87    0.470729
          88    0.470669
          89    0.470605
          90    0.470543
          91    0.470481
          92    0.470421
          93    0.470358
          94    0.470298
          95    0.470237
          96    0.470177
          97    0.470116
          98    0.470054
          99    0.469991
         100     0.46993
           1    0.469828
           2    0.469755
           3    0.469683
           4    0.469609
           5    0.469535
           6    0.469462
           7     0.46939
           8    0.469317
           9    0.469244
          10    0.469172
          11    0.469099
          12     0.46903
          13    0.468959
          14    0.468886
          15    0.468817
          16    0.468745
          17    0.468674
          18    0.468601
          19     0.46853
          20    0.468457
          21    0.468387
          22    0.468314
          23    0.468242
          24    0.468172
          25    0.468103
          26    0.468032
          27    0.467959
          28    0.467887
          29    0.467815
          30    0.467743
          31    0.467673
          32    0.467603
          33    0.467534
          34    0.467464
          35    0.467394
          36    0.467323
          37    0.467253
          38    0.467187
          39    0.467119
          40    0.467048
          41    0.466979
          42    0.466911
          43    0.466841
          44    0.466774
          45    0.466707
          46    0.466641
          47     0.46657
          48    0.466503
          49    0.466437
          50    0.466369
          51      0.4663
          52    0.466233
          53    0.466166
          54    0.466099
          55     0.46603
          56    0.465963
          57    0.465896
          58     0.46583
          59    0.465763
          60    0.465696
          61    0.465628
          62    0.465562
          63    0.465493
          64    0.465426
          65    0.465361
          66    0.465296
          67    0.465231
          68    0.465165
          69    0.465101
          70    0.465035
          71    0.464968
          72    0.464903
          73    0.464838
          74    0.464775
          75    0.464708
          76    0.464643
          77    0.464578
          78    0.464513
          79    0.464448
          80    0.464383
          81    0.464318
          82    0.464254
          83    0.464189
          84    0.464125
          85    0.464061
          86    0.463998
          87    0.463933
          88    0.463869
          89    0.463807
          90    0.463746
          91    0.463685
          92    0.463623
          93    0.463559
          94    0.463493
          95     0.46343
          96    0.463367
          97    0.463304
          98    0.463242
          99     0.46318
         100    0.463117
           1    0.463011
           2    0.462936
           3    0.462859
           4    0.462785
           5    0.462711
           6    0.462636
           7    0.462562
           8    0.462487
           9    0.462413
          10    0.462339
          11    0.462263
          12    0.462189
          13    0.462115
          14    0.462042
          15    0.461969
          16    0.461892
          17    0.461817
          18    0.461745
          19    0.461674
          20      0.4616
          21    0.461529
          22    0.461455
          23     0.46138
          24    0.461306
          25    0.461234
          26    0.461161
          27    0.461089
          28    0.461016
          29    0.460945
          30    0.460872
          31    0.460797
          32    0.460724
          33    0.460654
          34    0.460583
          35    0.460513
          36    0.460441
          37    0.460369
          38    0.460298
          39    0.460229
          40    0.460157
          41    0.460085
          42    0.460015
          43    0.459943
          44    0.459871
          45      0.4598
          46     0.45973
          47    0.459659
          48    0.459589
          49    0.459519
          50     0.45945
          51    0.459378
          52    0.459307
          53    0.459237
          54    0.459166
          55    0.459096
          56    0.459027
          57    0.458959
          58    0.458889
          59    0.458821
          60    0.458754
          61    0.458688
          62    0.458618
          63    0.458551
          64    0.458482
          65    0.458415
          66    0.458345
          67    0.458277
          68    0.458208
          69    0.458141
          70    0.458075
          71    0.458009
          72    0.457939
          73    0.457872
          74    0.457802
          75    0.457735
          76    0.457667
          77      0.4576
          78    0.457532
          79    0.457466
          80    0.457399
          81    0.457334
          82    0.457267
          83      0.4572
          84    0.457131
          85    0.457064
          86    0.456999
          87    0.456932
          88    0.456868
          89    0.456799
          90    0.456735
          91    0.456668
          92    0.456603
          93    0.456538
          94    0.456472
          95    0.456407
          96    0.456342
          97    0.456278
          98     0.45621
          99    0.456144
         100    0.456077
           1     0.45597
           2    0.455894
           3    0.455817
           4    0.455741
           5    0.455663
           6    0.455587
           7    0.455511
           8    0.455435
           9     0.45536
          10    0.455284
          11    0.455212
          12    0.455136
          13     0.45506
          14    0.454984
          15    0.454907
          16     0.45483
          17    0.454755
          18    0.454681
          19    0.454608
          20    0.454533
          21    0.454459
          22    0.454385
          23     0.45431
          24    0.454235
          25    0.454159
          26    0.454086
          27    0.454013
          28    0.453939
          29    0.453864
          30    0.453789
          31    0.453715
          32    0.453641
          33    0.453568
          34    0.453494
          35     0.45342
          36    0.453346
          37    0.453274
          38    0.453203
          39    0.453129
          40    0.453056
          41    0.452982
          42    0.452911
          43    0.452838
          44    0.452766
          45    0.452693
          46     0.45262
          47    0.452546
          48    0.452473
          49    0.452403
          50    0.452331
          51    0.452258
          52    0.452186
          53    0.452117
          54    0.452045
          55    0.451972
          56    0.451902
          57    0.451831
          58    0.451762
          59    0.451692
          60    0.451619
          61    0.451551
          62     0.45148
          63    0.451412
          64    0.451343
          65    0.451273
          66    0.451204
          67    0.451133
          68    0.451064
          69    0.450992
          70    0.450922
          71    0.450855
          72    0.450784
          73    0.450713
          74    0.450643
          75    0.450574
          76    0.450507
          77    0.450439
          78    0.450371
          79    0.450302
          80    0.450232
          81    0.450164
          82    0.450095
          83    0.450027
          84    0.449959
          85    0.449892
          86    0.449823
          87    0.449755
          88    0.449685
          89    0.449616
          90    0.449545
          91     0.44948
          92    0.449412
          93    0.449345
          94    0.449277
          95    0.449209
          96    0.449141
          97    0.449073
          98    0.449006
          99    0.448939
         100    0.448871
           1    0.448763
           2    0.448684
           3    0.448607
           4    0.448528
           5     0.44845
           6    0.448372
           7    0.448294
           8    0.448215
           9    0.448137
          10    0.448058
          11    0.447983
          12    0.447904
          13    0.447826
          14    0.447751
          15    0.447676
          16    0.447599
          17    0.447521
          18    0.447446
          19     0.44737
          20    0.447294
          21    0.447216
          22    0.447141
          23    0.447063
          24    0.446986
          25    0.446909
          26    0.446833
          27    0.446757
          28    0.446678
          29    0.446603
          30    0.446528
          31    0.446453
          32    0.446377
          33    0.446303
          34    0.446227
          35    0.446149
          36    0.446073
          37    0.445999
          38    0.445924
          39    0.445848
          40    0.445773
          41    0.445698
          42    0.445622
          43    0.445546
          44    0.445472
          45    0.445396
          46    0.445321
          47    0.445249
          48    0.445176
          49    0.445103
          50    0.445028
          51    0.444956
          52    0.444883
          53    0.444811
          54    0.444738
          55    0.444664
          56    0.444589
          57    0.444518
          58    0.444444
          59    0.444371
          60    0.444298
          61    0.444224
          62    0.444151
          63    0.444079
          64    0.444008
          65    0.443937
          66    0.443865
          67    0.443793
          68    0.443721
          69    0.443649
          70    0.443576
          71      0.4435
          72    0.443428
          73    0.443358
          74    0.443286
          75    0.443216
          76    0.443145
          77    0.443073
          78    0.443003
          79    0.442933
          80    0.442861
          81     0.44279
          82     0.44272
          83    0.442649
          84    0.442577
          85    0.442506
          86    0.442435
          87    0.442366
          88    0.442296
          89    0.442225
          90    0.442156
          91    0.442084
          92    0.442014
          93    0.441947
          94    0.441876
          95    0.441806
          96    0.441734
          97    0.441666
          98    0.441596
          99    0.441527
         100    0.441455
           1    0.441342
           2    0.441264
           3    0.441184
           4    0.441103
           5    0.441021
           6     0.44094
           7    0.440862
           8    0.440783
           9    0.440704
          10    0.440626
          11    0.440545
          12    0.440467
          13    0.440386
          14    0.440307
          15    0.440228
          16    0.440149
          17     0.44007
          18    0.439993
          19    0.439913
          20    0.439837
          21    0.439757
          22    0.439679
          23    0.439602
          24    0.439522
          25    0.439444
          26    0.439366
          27    0.439288
          28    0.439209
          29    0.439132
          30    0.439054
          31    0.438977
          32    0.438898
          33    0.438821
          34    0.438745
          35    0.438667
          36    0.438588
          37    0.438511
          38    0.438436
          39    0.438361
          40    0.438288
          41    0.438211
          42    0.438134
          43    0.438056
          44     0.43798
          45    0.437904
          46    0.437826
          47     0.43775
          48    0.437675
          49    0.437598
          50    0.437523
          51    0.437447
          52    0.437372
          53    0.437296
          54    0.437218
          55    0.437142
          56    0.437066
          57    0.436991
          58    0.436914
          59    0.436839
          60    0.436764
          61    0.436689
          62    0.436616
          63    0.436543
          64    0.436467
          65    0.436393
          66     0.43632
          67    0.436244
          68    0.436169
          69    0.436094
          70     0.43602
          71    0.435947
          72    0.435872
          73    0.435799
          74    0.435724
          75     0.43565
          76    0.435578
          77    0.435507
          78    0.435433
          79    0.435357
          80    0.435284
          81     0.43521
          82    0.435139
          83    0.435067
          84    0.434996
          85    0.434925
          86    0.434851
          87    0.434779
          88    0.434705
          89    0.434632
          90    0.434558
          91    0.434486
          92    0.434412
          93    0.434339
          94    0.434268
          95    0.434197
          96    0.434126
          97    0.434053
          98    0.433983
          99    0.433912
         100     0.43384
           1    0.433723
           2     0.43364
           3     0.43356
           4    0.433478
           5    0.433397
           6    0.433315
           7    0.433234
           8     0.43315
           9    0.433068
          10    0.432985
          11    0.432904
          12    0.432823
          13    0.432742
          14    0.432662
          15    0.432581
          16    0.432498
          17    0.432416
          18    0.432335
          19    0.432253
          20    0.432172
          21    0.432091
          22    0.432009
          23    0.431927
          24    0.431847
          25    0.431765
          26    0.431684
          27    0.431604
          28    0.431523
          29    0.431443
          30    0.431363
          31    0.431283
          32    0.431202
          33    0.431125
          34    0.431046
          35    0.430966
          36    0.430887
          37    0.430808
          38    0.430728
          39    0.430649
          40     0.43057
          41    0.430491
          42    0.430413
          43    0.430335
          44    0.430257
          45    0.430179
          46    0.430099
          47    0.430021
          48    0.429943
          49    0.429868
          50    0.429793
          51    0.429716
          52    0.429639
          53    0.429562
          54    0.429483
          55    0.429406
          56    0.429328
          57     0.42925
          58    0.429173
          59    0.429095
          60    0.429017
          61    0.428939
          62    0.428862
          63    0.428785
          64    0.428707
          65    0.428629
          66    0.428554
          67    0.428478
          68    0.428401
          69    0.428324
          70    0.428249
          71    0.428173
          72    0.428097
          73    0.428021
          74    0.427944
          75    0.427869
          76    0.427793
          77    0.427717
          78    0.427641
          79    0.427566
          80    0.427492
          81    0.427417
          82     0.42734
          83    0.427265
          84     0.42719
          85    0.427116
          86     0.42704
          87    0.426965
          88    0.426889
          89    0.426814
          90    0.426739
          91    0.426665
          92     0.42659
          93    0.426514
          94     0.42644
          95    0.426364
          96    0.426289
          97    0.426215
          98    0.426139
          99    0.426064
         100    0.425991
           1    0.425869
           2    0.425783
           3    0.425697
           4    0.425615
           5    0.425529
           6    0.425446
           7    0.425361
           8    0.425276
           9    0.425193
          10    0.425107
          11    0.425025
          12    0.424939
          13    0.424857
          14    0.424774
          15    0.424693
          16    0.424611
          17    0.424526
          18    0.424442
          19    0.424359
          20    0.424276
          21    0.424193
          22    0.424112
          23    0.424029
          24    0.423947
          25    0.423864
          26    0.423783
          27    0.423701
          28     0.42362
          29    0.423538
          30    0.423456
          31    0.423374
          32    0.423293
          33    0.423212
          34    0.423128
          35    0.423046
          36    0.422963
          37    0.422881
          38    0.422799
          39    0.422719
          40    0.422635
          41    0.422554
          42    0.422474
          43    0.422392
          44     0.42231
          45     0.42223
          46     0.42215
          47    0.422071
          48    0.421992
          49    0.421911
          50     0.42183
          51    0.421751
          52     0.42167
          53     0.42159
          54     0.42151
          55    0.421429
          56    0.421349
          57    0.421269
          58    0.421189
          59    0.421109
          60    0.421028
          61    0.420951
          62    0.420874
          63    0.420795
          64    0.420718
          65     0.42064
          66    0.420562
          67    0.420483
          68    0.420405
          69    0.420327
          70    0.420248
          71    0.420169
          72     0.42009
          73    0.420011
          74    0.419934
          75    0.419855
          76    0.419776
          77    0.419698
          78    0.419619
          79    0.419541
          80    0.419463
          81    0.419385
          82    0.419309
          83    0.419231
          84    0.419154
          85    0.419076
          86       0.419
          87    0.418921
          88    0.418844
          89    0.418768
          90    0.418693
          91    0.418617
          92     0.41854
          93    0.418462
          94    0.418386
          95     0.41831
          96    0.418233
          97    0.418156
          98    0.418081
          99    0.418003
         100    0.417928
           1    0.417806
           2    0.417719
           3    0.417632
           4    0.417544
           5    0.417459
           6    0.417373
           7    0.417286
           8    0.417201
           9    0.417115
          10     0.41703
          11    0.416945
          12    0.416861
          13    0.416775
          14    0.416688
          15    0.416603
          16    0.416518
          17    0.416432
          18    0.416347
          19    0.416262
          20    0.416175
          21    0.416089
          22    0.416004
          23    0.415919
          24    0.415835
          25    0.415751
          26    0.415665
          27    0.415582
          28    0.415499
          29    0.415415
          30    0.415331
          31    0.415245
          32    0.415161
          33    0.415076
          34    0.414992
          35    0.414909
          36    0.414826
          37    0.414744
          38    0.414659
          39    0.414576
          40    0.414493
          41    0.414409
          42    0.414326
          43    0.414243
          44    0.414161
          45    0.414079
          46    0.413995
          47    0.413914
          48    0.413832
          49     0.41375
          50    0.413669
          51    0.413588
          52    0.413507
          53    0.413426
          54    0.413342
          55    0.413261
          56    0.413178
          57    0.413096
          58    0.413015
          59    0.412934
          60    0.412854
          61    0.412772
          62    0.412691
          63     0.41261
          64    0.412528
          65    0.412447
          66    0.412363
          67    0.412284
          68    0.412203
          69    0.412121
          70    0.412041
          71    0.411962
          72    0.411882
          73    0.411805
          74    0.411723
          75    0.411642
          76    0.411561
          77    0.411479
          78    0.411399
          79    0.411322
          80    0.411242
          81    0.411164
          82    0.411083
          83    0.411004
          84    0.410924
          85    0.410844
          86    0.410766
          87    0.410688
          88    0.410609
          89    0.410529
          90    0.410452
          91    0.410371
          92    0.410293
          93    0.410213
          94    0.410134
          95    0.410056
          96    0.409978
          97    0.409898
          98    0.409819
          99    0.409739
         100     0.40966
           1    0.409534
           2    0.409444
           3    0.409356
           4    0.409266
           5     0.40918
           6    0.409091
           7    0.409005
           8    0.408916
           9    0.408827
          10    0.408738
          11    0.408651
          12    0.408563
          13    0.408476
          14    0.408387
          15    0.408299
          16    0.408212
          17    0.408125
          18    0.408035
          19    0.407947
          20     0.40786
          21    0.407771
          22    0.407684
          23    0.407598
          24     0.40751
          25    0.407423
          26    0.407336
          27    0.407248
          28    0.407162
          29    0.407076
          30    0.406988
          31    0.406904
          32    0.406819
          33    0.406731
          34    0.406644
          35     0.40656
          36    0.406473
          37    0.406389
          38    0.406303
          39    0.406217
          40     0.40613
          41    0.406047
          42    0.405964
          43     0.40588
          44    0.405797
          45    0.405711
          46    0.405628
          47    0.405542
          48    0.405458
          49    0.405373
          50    0.405287
          51    0.405202
          52    0.405118
          53    0.405032
          54    0.404948
          55    0.404863
          56     0.40478
          57    0.404696
          58    0.404615
          59    0.404531
          60    0.404448
          61    0.404366
          62    0.404281
          63    0.404196
          64    0.404114
          65    0.404028
          66    0.403944
          67    0.403861
          68    0.403779
          69    0.403694
          70    0.403608
          71    0.403523
          72    0.403442
          73    0.403361
          74    0.403277
          75    0.403195
          76    0.403112
          77    0.403031
          78    0.402947
          79    0.402862
          80    0.402781
          81    0.402699
          82     0.40262
          83    0.402537
          84    0.402455
          85    0.402376
          86    0.402294
          87    0.402213
          88     0.40213
          89    0.402046
          90    0.401965
          91    0.401881
          92      0.4018
          93     0.40172
          94    0.401641
          95    0.401561
          96     0.40148
          97      0.4014
          98    0.401321
          99    0.401241
         100     0.40116
           1    0.401032
           2     0.40094
           3    0.400849
           4    0.400758
           5    0.400666
           6    0.400575
           7    0.400485
           8    0.400395
           9    0.400305
          10    0.400214
          11    0.400124
          12    0.400033
          13    0.399944
          14     0.39985
          15    0.399761
          16    0.399672
          17    0.399582
          18    0.399495
          19    0.399406
          20    0.399317
          21    0.399229
          22     0.39914
          23    0.399051
          24    0.398961
          25    0.398871
          26    0.398783
          27    0.398694
          28    0.398605
          29     0.39852
          30    0.398431
          31    0.398343
          32    0.398254
          33    0.398167
          34    0.398081
          35    0.397993
          36    0.397905
          37    0.397816
          38    0.397729
          39    0.397644
          40    0.397557
          41    0.397469
          42    0.397381
          43    0.397295
          44    0.397206
          45     0.39712
          46    0.397034
          47    0.396947
          48    0.396861
          49    0.396774
          50    0.396686
          51      0.3966
          52    0.396513
          53    0.396426
          54    0.396338
          55    0.396251
          56    0.396165
          57    0.396077
          58    0.395992
          59    0.395905
          60    0.395819
          61    0.395732
          62    0.395646
          63     0.39556
          64    0.395473
          65    0.395388
          66    0.395301
          67    0.395215
          68    0.395131
          69    0.395046
          70     0.39496
          71    0.394875
          72    0.394791
          73    0.394707
          74    0.394622
          75    0.394536
          76    0.394451
          77    0.394368
          78    0.394282
          79    0.394197
          80    0.394111
          81    0.394029
          82    0.393944
          83    0.393859
          84    0.393773
          85    0.393691
          86    0.393607
          87    0.393523
          88    0.393439
          89    0.393354
          90    0.393271
          91    0.393188
          92    0.393102
          93    0.393019
          94    0.392937
          95    0.392853
          96    0.392771
          97    0.392688
          98    0.392604
          99     0.39252
         100    0.392437
           1    0.392307
           2    0.392216
           3    0.392123
           4    0.392031
           5    0.391939
           6    0.391846
           7    0.391755
           8    0.391664
           9     0.39157
          10    0.391476
          11    0.391385
          12    0.391295
          13    0.391203
          14    0.391112
          15    0.391022
          16     0.39093
          17    0.390837
          18    0.390746
          19    0.390655
          20    0.390564
          21    0.390472
          22    0.390381
          23    0.390288
          24    0.390199
          25    0.390111
          26    0.390021
          27    0.389931
          28    0.389839
          29    0.389749
          30     0.38966
          31    0.389568
          32     0.38948
          33     0.38939
          34    0.389299
          35    0.389212
          36    0.389122
          37    0.389034
          38    0.388946
          39    0.388856
          40    0.388767
          41    0.388678
          42    0.388588
          43    0.388501
          44    0.388409
          45     0.38832
          46     0.38823
          47     0.38814
          48     0.38805
          49     0.38796
          50    0.387871
          51    0.387781
          52    0.387692
          53    0.387604
          54    0.387516
          55    0.387427
          56    0.387336
          57    0.387245
          58    0.387156
          59    0.387068
          60     0.38698
          61    0.386892
          62    0.386805
          63    0.386716
          64    0.386628
          65    0.386541
          66    0.386454
          67    0.386368
          68    0.386279
          69    0.386191
          70    0.386104
          71    0.386018
          72    0.385931
          73    0.385845
          74    0.385758
          75     0.38567
          76    0.385585
          77    0.385498
          78    0.385412
          79    0.385324
          80     0.38524
          81    0.385156
          82    0.385068
          83    0.384982
          84    0.384896
          85     0.38481
          86    0.384724
          87    0.384638
          88    0.384552
          89    0.384467
          90     0.38438
          91    0.384296
          92    0.384211
          93    0.384126
          94    0.384041
          95    0.383956
          96    0.383872
          97    0.383786
          98    0.383702
          99    0.383616
         100    0.383531
           1    0.383399
           2    0.383303
           3    0.383208
           4    0.383115
           5     0.38302
           6    0.382924
           7    0.382829
           8    0.382734
           9    0.382641
          10    0.382548
          11    0.382455
          12    0.382362
          13    0.382267
          14    0.382173
          15     0.38208
          16    0.381987
          17    0.381894
          18    0.381799
          19    0.381708
          20    0.381615
          21    0.381523
          22    0.381431
          23    0.381338
          24    0.381245
          25    0.381153
          26     0.38106
          27    0.380965
          28    0.380874
          29    0.380783
          30    0.380689
          31    0.380597
          32    0.380503
          33    0.380411
          34     0.38032
          35    0.380226
          36    0.380136
          37    0.380042
          38     0.37995
          39    0.379859
          40    0.379768
          41    0.379676
          42    0.379585
          43    0.379494
          44    0.379402
          45    0.379311
          46    0.379219
          47    0.379128
          48    0.379038
          49    0.378948
          50    0.378856
          51    0.378767
          52    0.378677
          53    0.378587
          54    0.378496
          55    0.378404
          56    0.378312
          57    0.378222
          58    0.378132
          59    0.378042
          60    0.377951
          61     0.37786
          62    0.377769
          63    0.377677
          64    0.377587
          65    0.377498
          66    0.377409
          67    0.377319
          68    0.377231
          69    0.377141
          70    0.377049
          71    0.376962
          72    0.376873
          73    0.376784
          74    0.376692
          75    0.376604
          76    0.376513
          77    0.376426
          78    0.376337
          79    0.376247
          80    0.376157
          81     0.37607
          82    0.375982
          83    0.375893
          84    0.375803
          85    0.375715
          86    0.375628
          87     0.37554
          88    0.375451
          89    0.375365
          90    0.375278
          91    0.375189
          92    0.375102
          93    0.375016
          94    0.374927
          95    0.374839
          96     0.37475
          97    0.374662
          98    0.374575
          99    0.374489
         100    0.374402
           1    0.374266
           2    0.374172
           3    0.374076
           4    0.373979
           5    0.373882
           6    0.373785
           7    0.373686
           8    0.373591
           9    0.373496
          10      0.3734
          11      0.3733
          12    0.373206
          13    0.373112
          14    0.373018
          15    0.372923
          16    0.372827
          17    0.372731
          18    0.372637
          19    0.372544
          20     0.37245
          21    0.372354
          22    0.372261
          23    0.372166
          24    0.372073
          25    0.371978
          26    0.371881
          27    0.371788
          28    0.371695
          29    0.371599
          30    0.371505
          31    0.371409
          32    0.371315
          33     0.37122
          34    0.371127
          35    0.371035
          36     0.37094
          37    0.370846
          38     0.37075
          39    0.370654
          40    0.370559
          41    0.370463
          42     0.37037
          43    0.370276
          44    0.370184
          45     0.37009
          46    0.369995
          47    0.369902
          48    0.369811
          49     0.36972
          50    0.369629
          51    0.369535
          52    0.369444
          53    0.369351
          54    0.369258
          55    0.369163
          56    0.369072
          57    0.368981
          58    0.368888
          59    0.368795
          60    0.368703
          61    0.368611
          62    0.368522
          63    0.368431
          64    0.368338
          65    0.368246
          66    0.368156
          67    0.368065
          68    0.367976
          69    0.367883
          70    0.367789
          71    0.367698
          72    0.367608
          73    0.367519
          74    0.367428
          75    0.367339
          76    0.367247
          77    0.367156
          78    0.367065
          79    0.366973
          80    0.366884
          81    0.366792
          82    0.366702
          83    0.366612
          84    0.366523
          85    0.366432
          86    0.366342
          87    0.366253
          88    0.366164
          89    0.366074
          90    0.365984
          91    0.365893
          92    0.365801
          93    0.365711
          94    0.365621
          95    0.365531
          96    0.365439
          97    0.365348
          98     0.36526
          99     0.36517
         100    0.365078
           1     0.36494
           2    0.364842
           3    0.364744
           4    0.364646
           5     0.36455
           6    0.364453
           7    0.364356
           8    0.364257
           9     0.36416
          10    0.364063
          11    0.363966
          12    0.363867
          13    0.363767
          14     0.36367
          15    0.363572
          16    0.363476
          17    0.363377
          18    0.363278
          19    0.363181
          20    0.363085
          21    0.362986
          22    0.362888
          23     0.36279
          24    0.362694
          25    0.362598
          26    0.362501
          27    0.362405
          28    0.362307
          29    0.362207
          30     0.36211
          31    0.362014
          32    0.361919
          33    0.361819
          34    0.361725
          35     0.36163
          36    0.361534
          37    0.361439
          38    0.361342
          39    0.361248
          40    0.361154
          41    0.361057
          42     0.36096
          43    0.360865
          44    0.360768
          45    0.360671
          46    0.360577
          47    0.360482
          48    0.360386
          49     0.36029
          50    0.360196
          51    0.360101
          52    0.360006
          53    0.359912
          54    0.359819
          55    0.359724
          56    0.359629
          57    0.359534
          58     0.35944
          59    0.359348
          60     0.35925
          61    0.359156
          62     0.35906
          63    0.358966
          64    0.358872
          65    0.358777
          66    0.358685
          67    0.358589
          68    0.358498
          69    0.358405
          70    0.358312
          71    0.358219
          72    0.358127
          73    0.358034
          74    0.357938
          75    0.357846
          76    0.357752
          77    0.357659
          78    0.357565
          79    0.357473
          80    0.357383
          81    0.357289
          82    0.357195
          83    0.357102
          84    0.357012
          85    0.356917
          86    0.356825
          87    0.356731
          88    0.356635
          89    0.356542
          90    0.356451
          91    0.356358
          92    0.356265
          93    0.356173
          94    0.356083
          95     0.35599
          96    0.355896
          97    0.355804
          98     0.35571
          99    0.355621
         100    0.355527
           1    0.355389
           2    0.355288
           3    0.355189
           4    0.355084
           5    0.354984
           6    0.354884
           7    0.354786
           8    0.354687
           9    0.354592
          10    0.354494
          11    0.354394
          12    0.354292
          13     0.35419
          14    0.354091
          15    0.353992
          16    0.353891
          17     0.35379
          18    0.353692
          19    0.353591
          20    0.353494
          21    0.353397
          22    0.353301
          23    0.353203
          24    0.353106
          25    0.353007
          26    0.352909
          27    0.352811
          28    0.352714
          29    0.352614
          30    0.352515
          31    0.352414
          32    0.352316
          33     0.35222
          34    0.352121
          35    0.352023
          36    0.351927
          37    0.351827
          38    0.351728
          39    0.351629
          40    0.351536
          41    0.351438
          42    0.351344
          43    0.351248
          44    0.351151
          45    0.351056
          46    0.350959
          47     0.35086
          48    0.350765
          49    0.350666
          50    0.350568
          51    0.350471
          52    0.350374
          53    0.350276
          54     0.35018
          55    0.350086
          56     0.34999
          57    0.349891
          58    0.349796
          59      0.3497
          60    0.349604
          61    0.349511
          62    0.349415
          63     0.34932
          64    0.349225
          65     0.34913
          66    0.349031
          67    0.348936
          68    0.348841
          69    0.348744
          70    0.348649
          71    0.348554
          72    0.348463
          73    0.348368
          74    0.348274
          75    0.348179
          76    0.348083
          77    0.347989
          78    0.347893
          79    0.347797
          80    0.347703
          81    0.347611
          82    0.347519
          83    0.347423
          84    0.347326
          85    0.347233
          86    0.347139
          87    0.347045
          88    0.346954
          89    0.346857
          90    0.346762
          91    0.346669
          92    0.346575
          93    0.346482
          94    0.346387
          95    0.346295
          96    0.346199
          97    0.346108
          98    0.346012
          99    0.345919
         100    0.345826
           1    0.345681
           2    0.345581
           3    0.345481
           4    0.345381
           5     0.34528
           6    0.345177
           7    0.345076
           8    0.344975
           9    0.344875
          10    0.344773
          11    0.344671
          12    0.344568
          13    0.344466
          14    0.344368
          15    0.344265
          16    0.344165
          17    0.344066
          18    0.343965
          19    0.343862
          20    0.343761
          21    0.343662
          22    0.343561
          23    0.343459
          24    0.343361
          25    0.343262
          26     0.34316
          27    0.343059
          28    0.342957
          29    0.342857
          30    0.342756
          31    0.342658
          32    0.342561
          33    0.342462
          34    0.342364
          35    0.342267
          36    0.342171
          37    0.342073
          38    0.341973
          39    0.341875
          40    0.341777
          41     0.34168
          42    0.341579
          43    0.341481
          44    0.341382
          45    0.341284
          46    0.341185
          47    0.341086
          48    0.340988
          49    0.340889
          50    0.340794
          51    0.340694
          52    0.340594
          53    0.340498
          54    0.340402
          55    0.340304
          56    0.340204
          57    0.340104
          58    0.340005
          59    0.339905
          60    0.339809
          61    0.339711
          62    0.339612
          63    0.339517
          64     0.33942
          65    0.339322
          66    0.339224
          67    0.339127
          68    0.339031
          69    0.338936
          70    0.338842
          71    0.338744
          72    0.338647
          73    0.338552
          74    0.338454
          75     0.33836
          76    0.338261
          77    0.338162
          78    0.338068
          79    0.337972
          80    0.337878
          81    0.337782
          82    0.337685
          83    0.337589
          84    0.337491
          85    0.337395
          86    0.337295
          87    0.337201
          88    0.337103
          89    0.337011
          90    0.336919
          91    0.336824
          92    0.336729
          93    0.336631
          94    0.336539
          95    0.336443
          96     0.33635
          97    0.336253
          98    0.336159
          99    0.336064
         100    0.335969
           1    0.335827
           2    0.335725
           3     0.33562
           4    0.335516
           5    0.335414
           6    0.335312
           7    0.335207
           8    0.335106
           9    0.335002
          10    0.334902
          11    0.334798
          12    0.334701
          13    0.334595
          14    0.334493
          15    0.334397
          16    0.334294
          17    0.334192
          18     0.33409
          19    0.333989
          20    0.333886
          21    0.333786
          22    0.333687
          23     0.33359
          24    0.333487
          25    0.333387
          26    0.333288
          27    0.333189
          28    0.333087
          29    0.332984
          30    0.332884
          31    0.332782
          32     0.33268
          33     0.33258
          34     0.33248
          35     0.33238
          36    0.332282
          37    0.332182
          38    0.332081
          39    0.331982
          40    0.331881
          41    0.331783
          42    0.331683
          43    0.331582
          44    0.331482
          45    0.331383
          46    0.331285
          47    0.331188
          48     0.33109
          49    0.330991
          50    0.330891
          51    0.330791
          52    0.330691
          53    0.330592
          54    0.330496
          55    0.330397
          56    0.330299
          57    0.330202
          58    0.330103
          59    0.330006
          60    0.329909
          61    0.329812
          62    0.329712
          63    0.329611
          64    0.329515
          65    0.329418
          66    0.329318
          67     0.32922
          68    0.329121
          69     0.32902
          70    0.328922
          71    0.328827
          72    0.328728
          73    0.328632
          74    0.328536
          75    0.328437
          76    0.328335
          77    0.328238
          78    0.328139
          79    0.328042
          80    0.327946
          81    0.327851
          82    0.327755
          83    0.327658
          84    0.327562
          85    0.327462
          86    0.327364
          87    0.327267
          88    0.327174
          89    0.327078
          90    0.326983
          91    0.326886
          92    0.326791
          93    0.326695
          94      0.3266
          95    0.326503
          96     0.32641
          97    0.326315
          98    0.326219
          99    0.326118
         100    0.326023
           1    0.325881
           2     0.32578
           3    0.325676
           4    0.325573
           5    0.325469
           6    0.325365
           7    0.325263
           8    0.325159
           9    0.325054
          10    0.324955
          11    0.324857
          12    0.324755
          13    0.324653
          14    0.324551
          15    0.324451
          16    0.324349
          17    0.324249
          18    0.324149
          19    0.324051
          20    0.323954
          21    0.323853
          22     0.32375
          23    0.323651
          24    0.323549
          25    0.323447
          26    0.323346
          27    0.323244
          28    0.323147
          29    0.323047
          30    0.322948
          31    0.322847
          32    0.322745
          33    0.322644
          34    0.322543
          35    0.322443
          36    0.322341
          37     0.32224
          38    0.322142
          39    0.322045
          40    0.321949
          41    0.321849
          42    0.321751
          43    0.321651
          44    0.321554
          45    0.321453
          46    0.321354
          47    0.321254
          48    0.321154
          49    0.321056
          50    0.320959
          51    0.320861
          52    0.320766
          53    0.320666
          54    0.320568
          55     0.32047
          56    0.320373
          57    0.320275
          58    0.320175
          59    0.320076
          60    0.319981
          61     0.31988
          62    0.319782
          63    0.319684
          64    0.319585
          65    0.319489
          66    0.319391
          67    0.319292
          68    0.319193
          69    0.319096
          70    0.319002
          71    0.318906
          72     0.31881
          73    0.318714
          74    0.318615
          75    0.318518
          76    0.318419
          77    0.318324
          78    0.318225
          79    0.318129
          80    0.318032
          81    0.317933
          82    0.317834
          83    0.317737
          84     0.31764
          85    0.317544
          86    0.317446
          87    0.317352
          88    0.317254
          89    0.317154
          90    0.317056
          91    0.316959
          92    0.316861
          93    0.316764
          94    0.316669
          95    0.316574
          96    0.316478
          97    0.316383
          98    0.316289
          99    0.316194
         100    0.316098
           1    0.315956
           2    0.315858
           3    0.315757
           4    0.315657
           5    0.315557
           6    0.315457
           7     0.31536
           8     0.31526
           9    0.315161
          10    0.315061
          11    0.314962
          12     0.31486
          13     0.31476
          14    0.314658
          15    0.314557
          16    0.314458
          17    0.314358
          18    0.314259
          19    0.314163
          20    0.314063
          21    0.313964
          22    0.313865
          23    0.313766
          24    0.313666
          25    0.313566
          26    0.313468
          27    0.313369
          28    0.313271
          29    0.313172
          30    0.313075
          31    0.312978
          32    0.312879
          33     0.31278
          34    0.312681
          35    0.312582
          36    0.312486
          37    0.312389
          38     0.31229
          39    0.312194
          40    0.312098
          41    0.311998
          42    0.311899
          43    0.311803
          44    0.311705
          45    0.311606
          46    0.311509
          47    0.311411
          48    0.311313
          49    0.311217
          50     0.31112
          51    0.311021
          52    0.310925
          53    0.310827
          54    0.310732
          55    0.310634
          56    0.310538
          57    0.310441
          58    0.310345
          59    0.310249
          60    0.310151
          61    0.310054
          62    0.309956
          63    0.309858
          64     0.30976
          65    0.309663
          66    0.309568
          67    0.309471
          68    0.309375
          69    0.309279
          70    0.309181
          71    0.309085
          72    0.308988
          73    0.308891
          74    0.308794
          75    0.308699
          76    0.308604
          77    0.308507
          78    0.308412
          79    0.308317
          80    0.308222
          81    0.308126
          82     0.30803
          83    0.307936
          84    0.307841
          85    0.307747
          86    0.307656
          87     0.30756
          88    0.307464
          89    0.307368
          90    0.307274
          91     0.30718
          92    0.307085
          93    0.306992
          94    0.306897
          95    0.306802
          96    0.306707
          97    0.306613
          98    0.306518
          99    0.306424
         100     0.30633
